1,1,223,223,0
2,1,204,204,0
3,1,221,221,0
4,1,171,171,0
3061,1,196,196,0
3062,1,187,187,0
3063,1,198,198,0
3064,1,177,177,0
13,1,200,200,0
14,1,202,202,0
15,1,215,215,0
16,1,186,186,0
1185,1,212,212,0
1186,1,203,203,0
1187,1,198,198,0
1188,1,191,191,0
193,1,211,211,0
194,1,218,218,0
195,1,198,198,0
196,1,193,193,0
689,1,210,210,0
690,1,197,197,0
691,1,204,204,0
692,1,205,205,0
217,1,210,210,0
218,1,197,197,0
219,1,187,187,0
220,1,224,224,0
2325,1,190,190,0
2326,1,201,201,0
2327,1,199,199,0
2328,1,193,193,0
233,1,187,187,0
234,1,189,189,0
235,1,188,188,0
236,1,204,204,0
1621,1,208,208,0
1622,1,214,214,0
1623,1,202,202,0
1624,1,197,197,0
245,1,200,200,0
246,1,206,206,0
247,1,201,201,0
248,1,183,183,0
513,1,221,221,0
514,1,196,196,0
515,1,202,202,0
516,1,212,212,0
253,1,208,208,0
254,1,237,237,0
255,1,190,190,0
256,1,219,219,0
577,1,190,190,0
578,1,196,196,0
579,1,206,206,0
580,1,199,199,0
257,1,190,190,0
258,1,196,196,0
259,1,212,212,0
260,1,195,195,0
533,1,193,193,0
534,1,210,210,0
535,1,184,184,0
536,1,205,205,0
269,1,192,192,0
270,1,200,200,0
271,1,207,207,0
272,1,182,182,0
529,1,213,213,0
530,1,199,199,0
531,1,192,192,0
532,1,204,204,0
561,1,195,195,0
562,1,191,191,0
563,1,197,197,0
564,1,204,204,0
585,1,212,212,0
586,1,191,191,0
587,1,207,207,0
588,1,199,199,0
565,1,208,208,0
566,1,194,194,0
567,1,197,197,0
568,1,205,205,0
581,1,193,193,0
582,1,203,203,0
583,1,195,195,0
584,1,217,217,0
573,1,191,191,0
574,1,190,190,0
575,1,204,204,0
576,1,185,185,0
2449,1,206,206,0
2450,1,176,176,0
2451,1,186,186,0
2452,1,190,190,0
617,1,198,198,0
618,1,175,175,0
619,1,206,206,0
620,1,203,203,0
833,1,202,202,0
834,1,196,196,0
835,1,190,190,0
836,1,216,216,0
701,1,192,192,0
702,1,181,181,0
703,1,190,190,0
704,1,192,192,0
1461,1,182,182,0
1462,1,191,191,0
1463,1,174,174,0
1464,1,200,200,0
713,1,203,203,0
714,1,209,209,0
715,1,189,189,0
716,1,195,195,0
745,1,206,206,0
746,1,196,196,0
747,1,195,195,0
748,1,194,194,0
733,1,214,214,0
734,1,204,204,0
735,1,180,180,0
736,1,204,204,0
761,1,187,187,0
762,1,184,184,0
763,1,215,215,0
764,1,214,214,0
777,1,196,196,0
778,1,220,220,0
779,1,218,218,0
780,1,206,206,0
801,1,190,190,0
802,1,212,212,0
803,1,206,206,0
804,1,185,185,0
781,1,182,182,0
782,1,187,187,0
783,1,199,199,0
784,1,208,208,0
925,1,193,193,0
926,1,192,192,0
927,1,208,208,0
928,1,214,214,0
841,1,221,221,0
842,1,227,227,0
843,1,186,186,0
844,1,195,195,0
1269,1,195,195,0
1270,1,203,203,0
1271,1,205,205,0
1272,1,179,179,0
889,1,213,213,0
890,1,230,230,0
891,1,183,183,0
892,1,211,211,0
2193,1,242,242,0
2194,1,186,186,0
2195,1,209,209,0
2196,1,202,202,0
937,1,213,213,0
938,1,194,194,0
939,1,207,207,0
940,1,208,208,0
2065,1,214,214,0
2066,1,192,192,0
2067,1,219,219,0
2068,1,214,214,0
965,1,224,224,0
966,1,214,214,0
967,1,179,179,0
968,1,182,182,0
1989,1,181,181,0
1990,1,188,188,0
1991,1,202,202,0
1992,1,215,215,0
1237,1,203,203,0
1238,1,212,212,0
1239,1,200,200,0
1240,1,191,191,0
1265,1,206,206,0
1266,1,205,205,0
1267,1,194,194,0
1268,1,206,206,0
1589,1,192,192,0
1590,1,172,172,0
1591,1,194,194,0
1592,1,211,211,0
1593,1,209,209,0
1594,1,185,185,0
1595,1,192,192,0
1596,1,182,182,0
1637,1,186,186,0
1638,1,191,191,0
1639,1,221,221,0
1640,1,193,193,0
2357,1,182,182,0
2358,1,200,200,0
2359,1,190,190,0
2360,1,201,201,0
1645,1,213,213,0
1646,1,205,205,0
1647,1,228,228,0
1648,1,221,221,0
2217,1,191,191,0
2218,1,201,201,0
2219,1,201,201,0
2220,1,219,219,0
1649,1,200,200,0
1650,1,207,207,0
1651,1,196,196,0
1652,1,189,189,0
2305,1,223,223,0
2306,1,207,207,0
2307,1,193,193,0
2308,1,196,196,0
2033,1,194,194,0
2034,1,196,196,0
2035,1,213,213,0
2036,1,182,182,0
4737,1,185,185,0
4738,1,210,210,0
4739,1,202,202,0
4740,1,177,177,0
2041,1,212,212,0
2042,1,209,209,0
2043,1,214,214,0
2044,1,208,208,0
2049,1,205,205,0
2050,1,221,221,0
2051,1,204,204,0
2052,1,208,208,0
2053,1,201,201,0
2054,1,192,192,0
2055,1,223,223,0
2056,1,213,213,0
3253,1,182,182,0
3254,1,205,205,0
3255,1,209,209,0
3256,1,197,197,0
2077,1,180,180,0
2078,1,198,198,0
2079,1,211,211,0
2080,1,194,194,0
2089,1,187,187,0
2090,1,219,219,0
2091,1,205,205,0
2092,1,197,197,0
2101,1,186,186,0
2102,1,200,200,0
2103,1,207,207,0
2104,1,187,187,0
2549,1,184,184,0
2550,1,169,169,0
2551,1,199,199,0
2552,1,210,210,0
2113,1,205,205,0
2114,1,200,200,0
2115,1,219,219,0
2116,1,199,199,0
2137,1,200,200,0
2138,1,208,208,0
2139,1,204,204,0
2140,1,194,194,0
2253,1,202,202,0
2254,1,205,205,0
2255,1,197,197,0
2256,1,203,203,0
3105,1,180,180,0
3106,1,203,203,0
3107,1,194,194,0
3108,1,211,211,0
2365,1,215,215,0
2366,1,197,197,0
2367,1,194,194,0
2368,1,207,207,0
3805,1,191,191,0
3806,1,199,199,0
3807,1,231,231,0
3808,1,210,210,0
2397,1,183,183,0
2398,1,213,213,0
2399,1,221,221,0
2400,1,188,188,0
3085,1,199,199,0
3086,1,190,190,0
3087,1,193,193,0
3088,1,187,187,0
2417,1,204,204,0
2418,1,191,191,0
2419,1,192,192,0
2420,1,191,191,0
3905,1,200,200,0
3906,1,194,194,0
3907,1,195,195,0
3908,1,192,192,0
2425,1,195,195,0
2426,1,197,197,0
2427,1,192,192,0
2428,1,187,187,0
3041,1,213,213,0
3042,1,235,235,0
3043,1,201,201,0
3044,1,182,182,0
2465,1,200,200,0
2466,1,197,197,0
2467,1,212,212,0
2468,1,166,166,0
2469,1,206,206,0
2470,1,202,202,0
2471,1,210,210,0
2472,1,203,203,0
2517,1,177,177,0
2518,1,195,195,0
2519,1,225,225,0
2520,1,203,203,0
3520,1,198,198,0
4057,1,179,179,0
4058,1,212,212,0
4059,1,191,191,0
2533,1,213,213,0
2534,1,186,186,0
2535,1,226,226,0
2536,1,184,184,0
4521,1,190,190,0
4522,1,192,192,0
4523,1,206,206,0
4524,1,199,199,0
2557,1,231,231,0
2558,1,203,203,0
2559,1,191,191,0
2560,1,187,187,0
3257,1,198,198,0
3258,1,200,200,0
3259,1,211,211,0
3260,1,201,201,0
2577,1,188,188,0
2578,1,196,196,0
2579,1,200,200,0
2580,1,194,194,0
3057,1,171,171,0
3058,1,182,182,0
3059,1,192,192,0
3060,1,208,208,0
2817,1,202,202,0
2818,1,201,201,0
2819,1,215,215,0
2820,1,191,191,0
2845,1,195,195,0
2846,1,225,225,0
2847,1,199,199,0
2848,1,206,206,0
2841,1,207,207,0
2842,1,217,217,0
2843,1,190,190,0
2844,1,205,205,0
2873,1,187,187,0
2874,1,186,186,0
2875,1,205,205,0
2876,1,185,185,0
3049,1,192,192,0
3050,1,210,210,0
3051,1,208,208,0
3052,1,192,192,0
5369,1,193,193,0
5370,1,218,218,0
5371,1,198,198,0
5372,1,201,201,0
3069,1,211,211,0
3070,1,212,212,0
3071,1,175,175,0
3072,1,201,201,0
3441,1,182,182,0
3442,1,201,201,0
3443,1,194,194,0
3444,1,202,202,0
3077,1,185,185,0
3078,1,196,196,0
3079,1,212,212,0
3080,1,183,183,0
3465,1,209,209,0
3466,1,211,211,0
3467,1,216,216,0
3468,1,188,188,0
3141,1,200,200,0
3142,1,213,213,0
3143,1,194,194,0
3144,1,212,212,0
3197,1,227,227,0
3198,1,203,203,0
3199,1,193,193,0
3200,1,183,183,0
3149,1,200,200,0
3150,1,177,177,0
3151,1,217,217,0
3152,1,203,203,0
3189,1,201,201,0
3190,1,203,203,0
3191,1,203,203,0
3192,1,184,184,0
3457,1,192,192,0
3458,1,214,214,0
3459,1,188,188,0
3460,1,193,193,0
3497,1,199,199,0
3498,1,212,212,0
3499,1,204,204,0
3500,1,206,206,0
3517,1,194,194,0
3518,1,196,196,0
3519,1,208,208,0
4060,1,200,200,0
4049,1,177,177,0
4050,1,209,209,0
4051,1,201,201,0
4064,1,191,191,0
3537,1,214,214,0
3538,1,197,197,0
3539,1,184,184,0
3540,1,174,174,0
3597,1,174,174,0
3598,1,195,195,0
3599,1,215,215,0
3600,1,184,184,0
3561,1,186,186,0
3562,1,196,196,0
3563,1,187,187,0
3564,1,214,214,0
3857,1,228,228,0
3858,1,200,200,0
3859,1,181,181,0
3860,1,199,199,0
3593,1,210,210,0
3594,1,192,192,0
3595,1,196,196,0
3596,1,192,192,0
3897,1,185,185,0
3898,1,165,165,0
3899,1,193,193,0
3900,1,197,197,0
3661,1,199,199,0
3662,1,185,185,0
3663,1,211,211,0
3664,1,206,206,0
3801,1,223,223,0
3802,1,198,198,0
3803,1,198,198,0
3804,1,193,193,0
3685,1,180,180,0
3686,1,184,184,0
3687,1,189,189,0
3688,1,211,211,0
5177,1,181,181,0
5178,1,221,221,0
5179,1,200,200,0
5180,1,213,213,0
3741,1,212,212,0
3742,1,185,185,0
3743,1,202,202,0
3744,1,215,215,0
5813,1,201,201,0
5814,1,186,186,0
5815,1,193,193,0
5816,1,198,198,0
3793,1,202,202,0
3794,1,195,195,0
3795,1,198,198,0
3796,1,205,205,0
3797,1,200,200,0
3798,1,182,182,0
3799,1,192,192,0
3800,1,195,195,0
3845,1,208,208,0
3846,1,190,190,0
3847,1,223,223,0
3848,1,199,199,0
3937,1,202,202,0
3938,1,214,214,0
3939,1,193,193,0
3940,1,210,210,0
3929,1,218,218,0
3930,1,209,209,0
3931,1,206,206,0
3932,1,180,180,0
3977,1,214,214,0
3978,1,196,196,0
3979,1,209,209,0
3980,1,178,178,0
3945,1,195,195,0
3946,1,193,193,0
3947,1,197,197,0
3948,1,207,207,0
3953,1,192,192,0
3954,1,222,222,0
3955,1,196,196,0
3956,1,209,209,0
3965,1,182,182,0
3966,1,207,207,0
3967,1,181,181,0
3968,1,190,190,0
4053,1,205,205,0
4054,1,208,208,0
4055,1,200,200,0
4056,1,204,204,0
3985,1,217,217,0
3986,1,240,240,0
3987,1,207,207,0
3988,1,189,189,0
4137,1,209,209,0
4138,1,215,215,0
4139,1,175,175,0
4140,1,185,185,0
3993,1,202,202,0
3994,1,192,192,0
3995,1,209,209,0
3996,1,180,180,0
4225,1,220,220,0
4226,1,208,208,0
4227,1,188,188,0
4228,1,183,183,0
4033,1,215,215,0
4034,1,180,180,0
4035,1,199,199,0
4036,1,178,178,0
4045,1,205,205,0
4046,1,209,209,0
4047,1,193,193,0
4048,1,196,196,0
4041,1,200,200,0
4042,1,196,196,0
4043,1,196,196,0
4044,1,191,191,0
4389,1,188,188,0
4390,1,205,205,0
4391,1,208,208,0
4392,1,219,219,0
4052,1,193,193,0
4061,1,178,178,0
4062,1,185,185,0
4063,1,210,210,0
4065,1,208,208,0
4066,1,202,202,0
4067,1,220,220,0
4068,1,197,197,0
4073,1,210,210,0
4074,1,190,190,0
4075,1,182,182,0
4076,1,202,202,0
4093,1,199,199,0
4094,1,189,189,0
4095,1,190,190,0
4096,1,211,211,0
4109,1,203,203,0
4110,1,204,204,0
4111,1,215,215,0
4112,1,207,207,0
4117,1,202,202,0
4118,1,181,181,0
4119,1,191,191,0
4120,1,227,227,0
5705,1,199,199,0
5706,1,205,205,0
5707,1,212,212,0
5708,1,191,191,0
4121,1,191,191,0
4122,1,187,187,0
4123,1,186,186,0
4124,1,219,219,0
4221,1,193,193,0
4222,1,195,195,0
4223,1,190,190,0
4224,1,193,193,0
5237,1,215,215,0
5238,1,192,192,0
5239,1,215,215,0
5240,1,225,225,0
4233,1,202,202,0
4234,1,213,213,0
4235,1,205,205,0
4236,1,187,187,0
4293,1,191,191,0
4294,1,207,207,0
4295,1,180,180,0
4296,1,217,217,0
4649,1,202,202,0
4650,1,187,187,0
4651,1,190,190,0
4652,1,210,210,0
4373,1,207,207,0
4374,1,196,196,0
4375,1,213,213,0
4376,1,203,203,0
5761,1,192,192,0
5762,1,209,209,0
5763,1,201,201,0
5764,1,203,203,0
4425,1,196,196,0
4426,1,202,202,0
4427,1,193,193,0
4428,1,180,180,0
4437,1,210,210,0
4438,1,219,219,0
4439,1,214,214,0
4440,1,195,195,0
4441,1,199,199,0
4442,1,199,199,0
4443,1,192,192,0
4444,1,192,192,0
4581,1,200,200,0
4582,1,196,196,0
4583,1,195,195,0
4584,1,188,188,0
5797,1,176,176,0
5798,1,200,200,0
5799,1,195,195,0
5800,1,185,185,0
4601,1,202,202,0
4602,1,206,206,0
4603,1,193,193,0
4604,1,210,210,0
5233,1,191,191,0
5234,1,203,203,0
5235,1,176,176,0
5236,1,183,183,0
4645,1,205,205,0
4646,1,206,206,0
4647,1,197,197,0
4648,1,182,182,0
5277,1,207,207,0
5278,1,209,209,0
5279,1,184,184,0
5280,1,195,195,0
4725,1,208,208,0
4726,1,199,199,0
4727,1,168,168,0
4728,1,197,197,0
5049,1,193,193,0
5050,1,210,210,0
5051,1,214,214,0
5052,1,227,227,0
4781,1,193,193,0
4782,1,187,187,0
4783,1,205,205,0
4784,1,212,212,0
5361,1,204,204,0
5362,1,189,189,0
5363,1,208,208,0
5364,1,189,189,0
4785,1,219,219,0
4786,1,225,225,0
4787,1,211,211,0
4788,1,197,197,0
4945,1,199,199,0
4946,1,224,224,0
4947,1,200,200,0
4948,1,201,201,0
4977,1,199,199,0
4978,1,210,210,0
4979,1,198,198,0
4980,1,191,191,0
5065,1,184,184,0
5066,1,179,179,0
5067,1,193,193,0
5068,1,208,208,0
4981,1,185,185,0
4982,1,206,206,0
4983,1,191,191,0
4984,1,222,222,0
5069,1,220,220,0
5070,1,212,212,0
5071,1,207,207,0
5072,1,188,188,0
5017,1,170,170,0
5018,1,196,196,0
5019,1,222,222,0
5020,1,196,196,0
5769,1,181,181,0
5770,1,167,167,0
5771,1,191,191,0
5772,1,206,206,0
5037,1,208,208,0
5038,1,212,212,0
5039,1,204,204,0
5040,1,210,210,0
5057,1,221,221,0
5058,1,201,201,0
5059,1,200,200,0
5060,1,194,194,0
5085,1,202,202,0
5086,1,201,201,0
5087,1,189,189,0
5088,1,208,208,0
5089,1,195,195,0
5090,1,194,194,0
5091,1,178,178,0
5092,1,188,188,0
5137,1,200,200,0
5138,1,194,194,0
5139,1,207,207,0
5140,1,191,191,0
5281,1,208,208,0
5282,1,206,206,0
5283,1,207,207,0
5284,1,188,188,0
5781,1,201,201,0
5782,1,215,215,0
5783,1,193,193,0
5784,1,186,186,0
5325,1,202,202,0
5326,1,188,188,0
5327,1,204,204,0
5328,1,201,201,0
5405,1,212,212,0
5406,1,206,206,0
5407,1,191,191,0
5408,1,178,178,0
5393,1,227,227,0
5394,1,230,230,0
5395,1,212,212,0
5396,1,196,196,0
5509,1,207,207,0
5510,1,183,183,0
5511,1,200,200,0
5512,1,201,201,0
5721,1,194,194,0
5722,1,206,206,0
5723,1,185,185,0
5724,1,188,188,0
5557,1,213,213,0
5558,1,198,198,0
5559,1,199,199,0
5560,1,199,199,0
5669,1,207,207,0
5670,1,193,193,0
5671,1,208,208,0
5672,1,185,185,0
5793,1,210,210,0
5794,1,202,202,0
5795,1,221,221,0
5796,1,179,179,0
5869,1,216,216,0
5870,1,208,208,0
5871,1,188,188,0
5872,1,204,204,0
5897,1,201,201,0
5898,1,191,191,0
5899,1,190,190,0
5900,1,192,192,0
317,1,199,199,0
318,1,204,204,0
319,1,216,216,0
320,1,188,188,0
737,1,208,208,0
738,1,207,207,0
739,1,189,189,0
740,1,199,199,0
793,1,206,206,0
794,1,204,204,0
795,1,204,204,0
796,1,199,199,0
2641,1,206,206,0
2642,1,234,234,0
2643,1,212,212,0
2644,1,196,196,0
797,1,194,194,0
798,1,179,179,0
799,1,173,173,0
800,1,188,188,0
869,1,204,204,0
870,1,202,202,0
871,1,208,208,0
872,1,188,188,0
821,1,194,194,0
822,1,186,186,0
823,1,184,184,0
824,1,197,197,0
825,1,195,195,0
826,1,193,193,0
827,1,191,191,0
828,1,197,197,0
853,1,206,206,0
854,1,205,205,0
855,1,220,220,0
856,1,170,170,0
957,1,168,168,0
958,1,190,190,0
959,1,190,190,0
960,1,179,179,0
857,1,183,183,0
858,1,225,225,0
859,1,203,203,0
860,1,200,200,0
945,1,213,213,0
946,1,187,187,0
947,1,209,209,0
948,1,193,193,0
865,1,186,186,0
866,1,195,195,0
867,1,205,205,0
868,1,225,225,0
1233,1,212,212,0
1234,1,195,195,0
1235,1,206,206,0
1236,1,185,185,0
929,1,189,189,0
930,1,214,214,0
931,1,201,201,0
932,1,189,189,0
1457,1,206,206,0
1458,1,193,193,0
1459,1,215,215,0
1460,1,198,198,0
949,1,202,202,0
950,1,218,218,0
951,1,186,186,0
952,1,200,200,0
1009,1,179,179,0
1010,1,183,183,0
1011,1,194,194,0
1012,1,203,203,0
981,1,186,186,0
982,1,184,184,0
983,1,184,184,0
984,1,185,185,0
1165,1,220,220,0
1166,1,205,205,0
1167,1,214,214,0
1168,1,199,199,0
989,1,204,204,0
990,1,199,199,0
991,1,223,223,0
992,1,206,206,0
1125,1,200,200,0
1126,1,211,211,0
1127,1,193,193,0
1128,1,193,193,0
997,1,202,202,0
998,1,197,197,0
999,1,214,214,0
1000,1,214,214,0
1049,1,205,205,0
1050,1,179,179,0
1051,1,191,191,0
1052,1,193,193,0
1021,1,203,203,0
1022,1,205,205,0
1023,1,197,197,0
1024,1,211,211,0
1041,1,201,201,0
1042,1,208,208,0
1043,1,201,201,0
1044,1,210,210,0
1033,1,205,205,0
1034,1,229,229,0
1035,1,207,207,0
1036,1,228,228,0
1129,1,197,197,0
1130,1,209,209,0
1131,1,193,193,0
1132,1,178,178,0
1113,1,185,185,0
1114,1,196,196,0
1115,1,194,194,0
1116,1,207,207,0
1145,1,179,179,0
1146,1,203,203,0
1147,1,211,211,0
1148,1,184,184,0
1117,1,185,185,0
1118,1,183,183,0
1119,1,191,191,0
1120,1,187,187,0
1133,1,190,190,0
1134,1,177,177,0
1135,1,211,211,0
1136,1,190,190,0
1141,1,199,199,0
1142,1,206,206,0
1143,1,202,202,0
1144,1,198,198,0
1409,1,191,191,0
1410,1,183,183,0
1411,1,181,181,0
1412,1,182,182,0
1149,1,181,181,0
1150,1,197,197,0
1151,1,205,205,0
1152,1,186,186,0
1153,1,199,199,0
1154,1,208,208,0
1155,1,192,192,0
1156,1,191,191,0
1161,1,209,209,0
1162,1,207,207,0
1163,1,202,202,0
1164,1,209,209,0
1173,1,189,189,0
1174,1,189,189,0
1175,1,187,187,0
1176,1,182,182,0
1177,1,191,191,0
1178,1,197,197,0
1179,1,204,204,0
1180,1,176,176,0
1189,1,182,182,0
1190,1,211,211,0
1191,1,203,203,0
1192,1,212,212,0
1181,1,229,229,0
1182,1,213,213,0
1183,1,222,222,0
1184,1,185,185,0
1221,1,213,213,0
1222,1,205,205,0
1223,1,197,197,0
1224,1,191,191,0
1193,1,218,218,0
1194,1,173,173,0
1195,1,193,193,0
1196,1,181,181,0
1213,1,189,189,0
1214,1,170,170,0
1215,1,194,194,0
1216,1,196,196,0
1197,1,207,207,0
1198,1,190,190,0
1199,1,211,211,0
1200,1,191,191,0
1205,1,207,207,0
1206,1,199,199,0
1207,1,222,222,0
1208,1,222,222,0
1201,1,202,202,0
1202,1,210,210,0
1203,1,212,212,0
1204,1,212,212,0
1777,1,167,167,0
1778,1,179,179,0
1779,1,197,197,0
1780,1,188,188,0
1217,1,211,211,0
1218,1,205,205,0
1219,1,202,202,0
1220,1,204,204,0
1369,1,208,208,0
1370,1,199,199,0
1371,1,196,196,0
1372,1,194,194,0
1341,1,195,195,0
1342,1,199,199,0
1343,1,217,217,0
1344,1,187,187,0
1385,1,211,211,0
1386,1,183,183,0
1387,1,218,218,0
1388,1,211,211,0
1353,1,197,197,0
1354,1,215,215,0
1355,1,201,201,0
1356,1,192,192,0
1393,1,180,180,0
1394,1,182,182,0
1395,1,195,195,0
1396,1,210,210,0
1365,1,190,190,0
1366,1,210,210,0
1367,1,195,195,0
1368,1,189,189,0
1397,1,199,199,0
1398,1,210,210,0
1399,1,200,200,0
1400,1,187,187,0
1417,1,186,186,0
1418,1,222,222,0
1419,1,194,194,0
1420,1,190,190,0
1773,1,205,205,0
1774,1,198,198,0
1775,1,209,209,0
1776,1,208,208,0
1421,1,189,189,0
1422,1,195,195,0
1423,1,201,201,0
1424,1,205,205,0
1453,1,213,213,0
1454,1,203,203,0
1455,1,206,206,0
1456,1,181,181,0
1425,1,188,188,0
1426,1,174,174,0
1427,1,189,189,0
1428,1,186,186,0
2809,1,192,192,0
2810,1,196,196,0
2811,1,207,207,0
2812,1,190,190,0
1465,1,188,188,0
1466,1,189,189,0
1467,1,200,200,0
1468,1,204,204,0
1825,1,186,186,0
1826,1,176,176,0
1827,1,196,196,0
1828,1,184,184,0
1473,1,202,202,0
1474,1,202,202,0
1475,1,207,207,0
1476,1,222,222,0
1845,1,196,196,0
1846,1,191,191,0
1847,1,196,196,0
1848,1,195,195,0
1761,1,183,183,0
1762,1,207,207,0
1763,1,204,204,0
1764,1,191,191,0
2017,1,200,200,0
2018,1,199,199,0
2019,1,206,206,0
2020,1,196,196,0
1781,1,208,208,0
1782,1,174,174,0
1783,1,202,202,0
1784,1,199,199,0
1809,1,192,192,0
1810,1,197,197,0
1811,1,203,203,0
1812,1,163,163,0
1785,1,190,190,0
1786,1,205,205,0
1787,1,187,187,0
1788,1,227,227,0
1853,1,188,188,0
1854,1,187,187,0
1855,1,180,180,0
1856,1,233,233,0
1817,1,198,198,0
1818,1,195,195,0
1819,1,213,213,0
1820,1,189,189,0
1841,1,207,207,0
1842,1,183,183,0
1843,1,190,190,0
1844,1,189,189,0
1849,1,178,178,0
1850,1,185,185,0
1851,1,197,197,0
1852,1,211,211,0
1961,1,194,194,0
1962,1,215,215,0
1963,1,183,183,0
1964,1,192,192,0
1857,1,191,191,0
1858,1,208,208,0
1859,1,201,201,0
1860,1,210,210,0
1977,1,201,201,0
1978,1,205,205,0
1979,1,205,205,0
1980,1,199,199,0
1861,1,190,190,0
1862,1,215,215,0
1863,1,204,204,0
1864,1,220,220,0
2165,1,211,211,0
2166,1,172,172,0
2167,1,182,182,0
2168,1,204,204,0
1993,1,189,189,0
1994,1,221,221,0
1995,1,195,195,0
1996,1,186,186,0
2125,1,205,205,0
2126,1,183,183,0
2127,1,178,178,0
2128,1,195,195,0
2005,1,183,183,0
2006,1,211,211,0
2007,1,205,205,0
2008,1,202,202,0
2133,1,217,217,0
2134,1,204,204,0
2135,1,193,193,0
2136,1,217,217,0
2021,1,188,188,0
2022,1,204,204,0
2023,1,208,208,0
2024,1,188,188,0
2821,1,198,198,0
2822,1,199,199,0
2823,1,197,197,0
2824,1,210,210,0
2025,1,200,200,0
2026,1,190,190,0
2027,1,214,214,0
2028,1,202,202,0
2037,1,189,189,0
2038,1,228,228,0
2039,1,190,190,0
2040,1,203,203,0
2057,1,211,211,0
2058,1,206,206,0
2059,1,210,210,0
2060,1,208,208,0
2677,1,213,213,0
2678,1,195,195,0
2679,1,215,215,0
2680,1,202,202,0
2069,1,208,208,0
2070,1,169,169,0
2071,1,196,196,0
2072,1,200,200,0
2081,1,179,179,0
2082,1,192,192,0
2083,1,218,218,0
2084,1,192,192,0
2149,1,183,183,0
2150,1,199,199,0
2151,1,199,199,0
2152,1,199,199,0
2169,1,193,193,0
2170,1,199,199,0
2171,1,202,202,0
2172,1,203,203,0
2173,1,179,179,0
2174,1,191,191,0
2175,1,188,188,0
2176,1,210,210,0
2429,1,191,191,0
2430,1,181,181,0
2431,1,199,199,0
2432,1,192,192,0
2341,1,199,199,0
2342,1,191,191,0
2343,1,211,211,0
2344,1,198,198,0
2405,1,210,210,0
2406,1,189,189,0
2407,1,167,167,0
2408,1,205,205,0
2645,1,204,204,0
2646,1,199,199,0
2647,1,221,221,0
2648,1,175,175,0
2661,1,197,197,0
2662,1,184,184,0
2663,1,194,194,0
2664,1,193,193,0
2649,1,213,213,0
2650,1,193,193,0
2651,1,200,200,0
2652,1,199,199,0
2665,1,196,196,0
2666,1,220,220,0
2667,1,207,207,0
2668,1,213,213,0
2669,1,229,229,0
2670,1,204,204,0
2671,1,189,189,0
2672,1,186,186,0
3169,1,193,193,0
3170,1,216,216,0
3171,1,179,179,0
3172,1,201,201,0
2769,1,192,192,0
2770,1,190,190,0
2771,1,187,187,0
2772,1,201,201,0
2793,1,198,198,0
2794,1,194,194,0
2795,1,196,196,0
2796,1,198,198,0
2773,1,209,209,0
2774,1,198,198,0
2775,1,194,194,0
2776,1,222,222,0
2805,1,197,197,0
2806,1,196,196,0
2807,1,214,214,0
2808,1,220,220,0
2801,1,203,203,0
2802,1,200,200,0
2803,1,198,198,0
2804,1,188,188,0
2813,1,198,198,0
2814,1,201,201,0
2815,1,212,212,0
2816,1,188,188,0
2877,1,196,196,0
2878,1,217,217,0
2879,1,188,188,0
2880,1,195,195,0
2833,1,201,201,0
2834,1,189,189,0
2835,1,197,197,0
2836,1,187,187,0
4181,1,203,203,0
4182,1,207,207,0
4183,1,200,200,0
4184,1,198,198,0
2849,1,209,209,0
2850,1,192,192,0
2851,1,219,219,0
2852,1,192,192,0
2897,1,214,214,0
2898,1,204,204,0
2899,1,209,209,0
2900,1,215,215,0
2917,1,192,192,0
2918,1,188,188,0
2919,1,214,214,0
2920,1,195,195,0
2901,1,205,205,0
2902,1,195,195,0
2903,1,212,212,0
2904,1,191,191,0
5485,1,196,196,0
5486,1,203,203,0
5487,1,201,201,0
5488,1,181,181,0
2985,1,220,220,0
2986,1,210,210,0
2987,1,190,190,0
2988,1,198,198,0
3393,1,211,211,0
3394,1,171,171,0
3395,1,195,195,0
3396,1,192,192,0
3217,1,201,201,0
3218,1,209,209,0
3219,1,186,186,0
3220,1,191,191,0
4333,1,196,196,0
4334,1,207,207,0
4335,1,191,191,0
4336,1,209,209,0
3237,1,209,209,0
3238,1,211,211,0
3239,1,216,216,0
3240,1,189,189,0
3345,1,223,223,0
3346,1,202,202,0
3347,1,207,207,0
3348,1,203,203,0
3353,1,189,189,0
3354,1,215,215,0
3355,1,215,215,0
3356,1,190,190,0
4593,1,199,199,0
4594,1,181,181,0
4595,1,207,207,0
4596,1,223,223,0
3373,1,186,186,0
3374,1,196,196,0
3375,1,205,205,0
3376,1,209,209,0
5601,1,217,217,0
5602,1,196,196,0
5603,1,205,205,0
5604,1,193,193,0
3385,1,188,188,0
3386,1,204,204,0
3387,1,209,209,0
3388,1,225,225,0
3389,1,173,173,0
3390,1,172,172,0
3391,1,203,203,0
3392,1,204,204,0
5505,1,205,205,0
5506,1,221,221,0
5507,1,205,205,0
5508,1,189,189,0
3397,1,191,191,0
3398,1,187,187,0
3399,1,221,221,0
3400,1,213,213,0
3477,1,188,188,0
3478,1,204,204,0
3479,1,194,194,0
3480,1,216,216,0
3869,1,193,193,0
3870,1,190,190,0
3871,1,201,201,0
3872,1,208,208,0
3885,1,215,215,0
3886,1,178,178,0
3887,1,190,190,0
3888,1,195,195,0
4141,1,219,219,0
4142,1,189,189,0
4143,1,191,191,0
4144,1,217,217,0
4169,1,168,168,0
4170,1,195,195,0
4171,1,198,198,0
4172,1,204,204,0
4153,1,199,199,0
4154,1,192,192,0
4155,1,219,219,0
4156,1,217,217,0
4185,1,207,207,0
4186,1,197,197,0
4187,1,207,207,0
4188,1,209,209,0
4197,1,199,199,0
4198,1,215,215,0
4199,1,205,205,0
4200,1,176,176,0
4193,1,177,177,0
4194,1,203,203,0
4195,1,205,205,0
4196,1,183,183,0
5193,1,197,197,0
5194,1,196,196,0
5195,1,218,218,0
5196,1,204,204,0
4205,1,220,220,0
4206,1,194,194,0
4207,1,198,198,0
4208,1,192,192,0
4617,1,188,188,0
4618,1,197,197,0
4619,1,204,204,0
4620,1,183,183,0
4217,1,196,196,0
4218,1,209,209,0
4219,1,197,197,0
4220,1,225,225,0
5301,1,223,223,0
5302,1,182,182,0
5303,1,186,186,0
5304,1,202,202,0
4341,1,178,178,0
4342,1,209,209,0
4343,1,186,186,0
4344,1,207,207,0
4705,1,194,194,0
4706,1,212,212,0
4707,1,200,200,0
4708,1,196,196,0
4349,1,175,175,0
4350,1,194,194,0
4351,1,195,195,0
4352,1,189,189,0
4629,1,200,200,0
4630,1,192,192,0
4631,1,197,197,0
4632,1,202,202,0
4569,1,168,168,0
4570,1,211,211,0
4571,1,206,206,0
4572,1,203,203,0
4637,1,199,199,0
4638,1,204,204,0
4639,1,202,202,0
4640,1,175,175,0
4689,1,205,205,0
4690,1,204,204,0
4691,1,208,208,0
4692,1,195,195,0
4701,1,213,213,0
4702,1,188,188,0
4703,1,208,208,0
4704,1,199,199,0
4713,1,199,199,0
4714,1,196,196,0
4715,1,186,186,0
4716,1,194,194,0
4741,1,191,191,0
4742,1,207,207,0
4743,1,201,201,0
4744,1,203,203,0
4761,1,197,197,0
4762,1,183,183,0
4763,1,228,228,0
4764,1,217,217,0
5189,1,221,221,0
5190,1,204,204,0
5191,1,188,188,0
5192,1,219,219,0
4801,1,183,183,0
4802,1,188,188,0
4803,1,181,181,0
4804,1,202,202,0
4809,1,200,200,0
4810,1,199,199,0
4811,1,191,191,0
4812,1,210,210,0
5245,1,224,224,0
5246,1,194,194,0
5247,1,212,212,0
5248,1,210,210,0
5273,1,191,191,0
5274,1,208,208,0
5275,1,190,190,0
5276,1,204,204,0
5573,1,230,230,0
5574,1,187,187,0
5575,1,203,203,0
5576,1,212,212,0
5333,1,216,216,0
5334,1,204,204,0
5335,1,194,194,0
5336,1,193,193,0
5433,1,187,187,0
5434,1,195,195,0
5435,1,217,217,0
5436,1,203,203,0
5345,1,179,179,0
5346,1,212,212,0
5347,1,226,226,0
5348,1,204,204,0
5673,1,198,198,0
5674,1,195,195,0
5675,1,206,206,0
5676,1,203,203,0
5349,1,192,192,0
5350,1,193,193,0
5351,1,191,191,0
5352,1,190,190,0
5549,1,202,202,0
5550,1,200,200,0
5551,1,174,174,0
5552,1,186,186,0
5357,1,201,201,0
5358,1,196,196,0
5359,1,203,203,0
5360,1,193,193,0
5453,1,197,197,0
5454,1,205,205,0
5455,1,180,180,0
5456,1,215,215,0
5437,1,207,207,0
5438,1,205,205,0
5439,1,198,198,0
5440,1,204,204,0
5449,1,195,195,0
5450,1,213,213,0
5451,1,186,186,0
5452,1,186,186,0
5481,1,187,187,0
5482,1,194,194,0
5483,1,194,194,0
5484,1,195,195,0
5577,1,195,195,0
5578,1,201,201,0
5579,1,176,176,0
5580,1,188,188,0
5525,1,210,210,0
5526,1,199,199,0
5527,1,209,209,0
5528,1,166,166,0
5629,1,183,183,0
5630,1,188,188,0
5631,1,195,195,0
5632,1,207,207,0
5537,1,210,210,0
5538,1,211,211,0
5539,1,187,187,0
5540,1,189,189,0
5677,1,199,199,0
5678,1,182,182,0
5679,1,178,178,0
5680,1,230,230,0
5541,1,213,213,0
5542,1,228,228,0
5543,1,206,206,0
5544,1,212,212,0
5661,1,193,193,0
5662,1,203,203,0
5663,1,200,200,0
5664,1,182,182,0
5633,1,208,208,0
5634,1,196,196,0
5635,1,183,183,0
5636,1,187,187,0
5841,1,187,187,0
5842,1,202,202,0
5843,1,197,197,0
5844,1,212,212,0
5685,1,209,209,0
5686,1,196,196,0
5687,1,201,201,0
5688,1,220,220,0
5693,1,211,211,0
5694,1,186,186,0
5695,1,208,208,0
5696,1,196,196,0
5997,1,221,221,0
5998,1,201,201,0
5999,1,196,196,0
6000,1,208,208,0
5725,1,217,217,0
5726,1,196,196,0
5727,1,188,188,0
5728,1,199,199,0
5749,1,187,187,0
5750,1,219,219,0
5751,1,211,211,0
5752,1,202,202,0
5821,1,195,195,0
5822,1,183,183,0
5823,1,190,190,0
5824,1,194,194,0
5849,1,207,207,0
5850,1,189,189,0
5851,1,199,199,0
5852,1,199,199,0
5941,1,178,178,0
5942,1,218,218,0
5943,1,226,226,0
5944,1,194,194,0
5865,1,187,187,0
5866,1,178,178,0
5867,1,210,210,0
5868,1,213,213,0
5905,1,175,175,0
5906,1,199,199,0
5907,1,206,206,0
5908,1,190,190,0
5893,1,219,219,0
5894,1,183,183,0
5895,1,199,199,0
5896,1,197,197,0
5921,1,196,196,0
5922,1,198,198,0
5923,1,211,211,0
5924,1,186,186,0
5925,1,205,205,0
5926,1,194,194,0
5927,1,174,174,0
5928,1,202,202,0
69,1,199,199,0
70,1,178,178,0
71,1,189,189,0
72,1,191,191,0
73,1,203,203,0
74,1,191,191,0
75,1,195,195,0
76,1,193,193,0
849,1,201,201,0
850,1,198,198,0
851,1,205,205,0
852,1,180,180,0
2909,1,199,199,0
2910,1,209,209,0
2911,1,204,204,0
2912,1,191,191,0
3265,1,202,202,0
3266,1,200,200,0
3267,1,230,230,0
3268,1,204,204,0
5417,1,190,190,0
5418,1,214,214,0
5419,1,214,214,0
5420,1,190,190,0
4409,1,192,192,0
4410,1,202,202,0
4411,1,187,187,0
4412,1,193,193,0
4513,1,198,198,0
4514,1,226,226,0
4515,1,197,197,0
4516,1,210,210,0
4621,1,198,198,0
4622,1,197,197,0
4623,1,208,208,0
4624,1,205,205,0
5873,1,196,196,0
5874,1,209,209,0
5875,1,196,196,0
5876,1,200,200,0
5909,1,206,206,0
5910,1,175,175,0
5911,1,202,202,0
5912,1,212,212,0
729,1,220,220,0
730,1,208,208,0
731,1,203,203,0
732,1,215,215,0
969,1,216,216,0
970,1,204,204,0
971,1,202,202,0
972,1,200,200,0
1209,1,207,207,0
1210,1,195,195,0
1211,1,188,188,0
1212,1,206,206,0
1329,1,191,191,0
1330,1,187,187,0
1331,1,198,198,0
1332,1,188,188,0
1553,1,196,196,0
1554,1,193,193,0
1555,1,204,204,0
1556,1,217,217,0
3357,1,204,204,0
3358,1,212,212,0
3360,1,198,198,0
3488,1,179,179,0
1833,1,193,193,0
1834,1,176,176,0
1835,1,201,201,0
1836,1,206,206,0
1877,1,189,189,0
1878,1,190,190,0
1879,1,188,188,0
1880,1,195,195,0
3359,1,198,198,0
3485,1,212,212,0
3486,1,173,173,0
3487,1,207,207,0
3381,1,212,212,0
3382,1,214,214,0
3383,1,191,191,0
3384,1,209,209,0
3425,1,211,211,0
3426,1,186,186,0
3427,1,210,210,0
3428,1,204,204,0
4325,1,197,197,0
4326,1,195,195,0
4327,1,178,178,0
4328,1,198,198,0
4565,1,195,195,0
4566,1,203,203,0
4567,1,214,214,0
4568,1,191,191,0
4329,1,189,189,0
4330,1,208,208,0
4331,1,196,196,0
4332,1,191,191,0
5253,1,192,192,0
5254,1,201,201,0
5255,1,190,190,0
5256,1,213,213,0
6013,1,204,204,0
6014,1,186,186,0
6015,1,178,178,0
6016,1,10,10,0
153,1,179,179,0
154,1,202,202,0
155,1,196,196,0
156,1,203,203,0
1285,1,194,194,0
1286,1,203,203,0
1287,1,192,192,0
1288,1,210,210,0
4693,1,203,203,0
4694,1,197,197,0
4695,1,187,187,0
4696,1,195,195,0
297,1,202,202,0
298,1,203,203,0
299,1,181,181,0
300,1,193,193,0
309,1,196,196,0
310,1,199,199,0
311,1,203,203,0
312,1,195,195,0
301,1,191,191,0
302,1,190,190,0
303,1,193,193,0
304,1,179,179,0
361,1,203,203,0
362,1,181,181,0
363,1,196,196,0
364,1,199,199,0
2749,1,196,196,0
2750,1,189,189,0
2751,1,200,200,0
2752,1,192,192,0
2753,1,211,211,0
2754,1,191,191,0
2755,1,212,212,0
2756,1,199,199,0
3745,1,183,183,0
3746,1,203,203,0
3747,1,188,188,0
3748,1,200,200,0
57,1,185,185,0
58,1,193,193,0
59,1,168,168,0
60,1,183,183,0
65,1,181,181,0
66,1,190,190,0
67,1,187,187,0
68,1,219,219,0
77,1,177,177,0
78,1,191,191,0
79,1,219,219,0
80,1,208,208,0
169,1,213,213,0
170,1,201,201,0
171,1,217,217,0
172,1,180,180,0
89,1,206,206,0
90,1,199,199,0
91,1,177,177,0
92,1,187,187,0
165,1,216,216,0
166,1,206,206,0
167,1,195,195,0
168,1,191,191,0
97,1,222,222,0
98,1,190,190,0
99,1,192,192,0
100,1,191,191,0
653,1,198,198,0
654,1,215,215,0
655,1,169,169,0
656,1,203,203,0
133,1,192,192,0
134,1,176,176,0
135,1,181,181,0
136,1,206,206,0
177,1,201,201,0
178,1,191,191,0
179,1,215,215,0
180,1,194,194,0
189,1,200,200,0
190,1,203,203,0
191,1,216,216,0
192,1,199,199,0
633,1,185,185,0
634,1,214,214,0
635,1,182,182,0
636,1,205,205,0
213,1,221,221,0
214,1,203,203,0
215,1,200,200,0
216,1,197,197,0
5445,1,184,184,0
5446,1,200,200,0
5447,1,190,190,0
5448,1,199,199,0
325,1,182,182,0
326,1,205,205,0
327,1,205,205,0
328,1,193,193,0
493,1,191,191,0
494,1,209,209,0
495,1,196,196,0
496,1,200,200,0
393,1,182,182,0
394,1,200,200,0
395,1,212,212,0
396,1,204,204,0
453,1,215,215,0
454,1,190,190,0
455,1,184,184,0
456,1,210,210,0
437,1,196,196,0
438,1,185,185,0
439,1,210,210,0
440,1,181,181,0
469,1,207,207,0
470,1,188,188,0
471,1,199,199,0
472,1,201,201,0
557,1,198,198,0
558,1,190,190,0
559,1,187,187,0
560,1,208,208,0
1681,1,191,191,0
1682,1,214,214,0
1683,1,211,211,0
1684,1,186,186,0
709,1,208,208,0
710,1,175,175,0
711,1,216,216,0
712,1,200,200,0
741,1,211,211,0
742,1,194,194,0
743,1,200,200,0
744,1,220,220,0
1085,1,201,201,0
1086,1,198,198,0
1087,1,213,213,0
1088,1,200,200,0
1301,1,183,183,0
1302,1,203,203,0
1303,1,191,191,0
1304,1,209,209,0
1281,1,210,210,0
1282,1,184,184,0
1283,1,215,215,0
1284,1,197,197,0
1293,1,193,193,0
1294,1,190,190,0
1295,1,210,210,0
1296,1,203,203,0
1441,1,208,208,0
1442,1,213,213,0
1443,1,192,192,0
1444,1,186,186,0
1565,1,195,195,0
1566,1,197,197,0
1567,1,182,182,0
1568,1,221,221,0
1513,1,231,231,0
1514,1,220,220,0
1515,1,194,194,0
1516,1,183,183,0
1897,1,187,187,0
1898,1,184,184,0
1899,1,222,222,0
1900,1,196,196,0
1685,1,208,208,0
1686,1,184,184,0
1687,1,180,180,0
1688,1,166,166,0
1713,1,177,177,0
1714,1,208,208,0
1715,1,187,187,0
1716,1,205,205,0
1901,1,205,205,0
1902,1,205,205,0
1903,1,188,188,0
1904,1,200,200,0
1913,1,188,188,0
1914,1,203,203,0
1915,1,177,177,0
1916,1,200,200,0
1917,1,197,197,0
1918,1,195,195,0
1919,1,198,198,0
1920,1,181,181,0
1941,1,208,208,0
1942,1,204,204,0
1943,1,202,202,0
1944,1,185,185,0
1937,1,183,183,0
1938,1,211,211,0
1939,1,222,222,0
1940,1,212,212,0
2453,1,208,208,0
2454,1,198,198,0
2455,1,199,199,0
2456,1,206,206,0
1945,1,209,209,0
1946,1,209,209,0
1947,1,181,181,0
1948,1,217,217,0
5441,1,185,185,0
5442,1,217,217,0
5443,1,208,208,0
5444,1,199,199,0
2073,1,211,211,0
2074,1,190,190,0
2075,1,223,223,0
2076,1,205,205,0
5501,1,177,177,0
5502,1,202,202,0
5503,1,202,202,0
5504,1,206,206,0
3873,1,185,185,0
3874,1,223,223,0
3875,1,206,206,0
3876,1,188,188,0
4209,1,208,208,0
4210,1,199,199,0
4211,1,224,224,0
4212,1,193,193,0
4145,1,191,191,0
4146,1,188,188,0
4147,1,182,182,0
4148,1,199,199,0
5553,1,197,197,0
5554,1,216,216,0
5555,1,194,194,0
5556,1,199,199,0
5809,1,234,234,0
5810,1,185,185,0
5811,1,197,197,0
5812,1,212,212,0
5857,1,202,202,0
5858,1,210,210,0
5859,1,202,202,0
5860,1,191,191,0
5861,1,203,203,0
5862,1,233,233,0
5863,1,191,191,0
5864,1,209,209,0
805,1,208,208,0
806,1,210,210,0
807,1,192,192,0
808,1,212,212,0
817,1,205,205,0
818,1,194,194,0
819,1,210,210,0
820,1,219,219,0
1001,1,197,197,0
1002,1,176,176,0
1003,1,186,186,0
1004,1,198,198,0
1985,1,185,185,0
1986,1,200,200,0
1987,1,191,191,0
1988,1,210,210,0
2965,1,193,193,0
2966,1,214,214,0
2967,1,201,201,0
2968,1,211,211,0
3104,1,202,202,0
3109,1,187,187,0
3110,1,203,203,0
3111,1,165,165,0
3101,1,200,200,0
3102,1,203,203,0
3103,1,197,197,0
3112,1,169,169,0
3849,1,182,182,0
3850,1,195,195,0
3851,1,174,174,0
3852,1,227,227,0
449,1,181,181,0
450,1,198,198,0
451,1,192,192,0
452,1,208,208,0
3309,1,206,206,0
3310,1,185,185,0
3311,1,203,203,0
3312,1,205,205,0
3281,1,197,197,0
3282,1,213,213,0
3283,1,216,216,0
3284,1,193,193,0
3409,1,202,202,0
3410,1,202,202,0
3411,1,196,196,0
3412,1,195,195,0
3285,1,175,175,0
3286,1,177,177,0
3287,1,171,171,0
3288,1,211,211,0
3421,1,229,229,0
3422,1,187,187,0
3423,1,212,212,0
3424,1,208,208,0
4241,1,217,217,0
4242,1,199,199,0
4243,1,202,202,0
4244,1,200,200,0
5,1,200,200,0
6,1,192,192,0
7,1,196,196,0
8,1,201,201,0
497,1,190,190,0
498,1,169,169,0
499,1,190,190,0
500,1,222,222,0
49,1,171,171,0
50,1,213,213,0
51,1,193,193,0
52,1,208,208,0
3577,1,197,197,0
3578,1,194,194,0
3579,1,179,179,0
3580,1,191,191,0
261,1,204,204,0
262,1,180,180,0
263,1,211,211,0
264,1,208,208,0
3533,1,204,204,0
3534,1,201,201,0
3535,1,200,200,0
3536,1,169,169,0
705,1,205,205,0
706,1,200,200,0
707,1,206,206,0
708,1,202,202,0
2225,1,197,197,0
2226,1,206,206,0
2227,1,182,182,0
2228,1,224,224,0
721,1,207,207,0
722,1,180,180,0
723,1,191,191,0
724,1,177,177,0
813,1,184,184,0
814,1,187,187,0
815,1,209,209,0
816,1,195,195,0
785,1,180,180,0
786,1,198,198,0
787,1,209,209,0
788,1,188,188,0
789,1,184,184,0
790,1,183,183,0
791,1,195,195,0
792,1,189,189,0
809,1,214,214,0
810,1,202,202,0
811,1,204,204,0
812,1,176,176,0
861,1,202,202,0
862,1,208,208,0
863,1,195,195,0
864,1,189,189,0
873,1,178,178,0
874,1,185,185,0
875,1,204,204,0
876,1,182,182,0
3461,1,178,178,0
3462,1,206,206,0
3463,1,187,187,0
3464,1,191,191,0
973,1,211,211,0
974,1,192,192,0
975,1,193,193,0
976,1,215,215,0
2097,1,195,195,0
2098,1,202,202,0
2099,1,191,191,0
2100,1,200,200,0
1413,1,199,199,0
1414,1,194,194,0
1415,1,207,207,0
1416,1,195,195,0
2277,1,184,184,0
2278,1,208,208,0
2279,1,198,198,0
2280,1,214,214,0
1625,1,198,198,0
1626,1,203,203,0
1627,1,187,187,0
1628,1,196,196,0
2369,1,201,201,0
2370,1,215,215,0
2371,1,204,204,0
2372,1,212,212,0
1641,1,181,181,0
1642,1,220,220,0
1643,1,206,206,0
1644,1,184,184,0
3925,1,206,206,0
3926,1,185,185,0
3927,1,212,212,0
3928,1,209,209,0
2129,1,182,182,0
2130,1,203,203,0
2131,1,226,226,0
2132,1,192,192,0
2777,1,176,176,0
2778,1,213,213,0
2779,1,199,199,0
2780,1,200,200,0
2233,1,198,198,0
2234,1,193,193,0
2235,1,188,188,0
2236,1,202,202,0
2373,1,199,199,0
2374,1,175,175,0
2375,1,212,212,0
2376,1,200,200,0
2269,1,221,221,0
2270,1,204,204,0
2271,1,182,182,0
2272,1,208,208,0
5757,1,196,196,0
5758,1,203,203,0
5759,1,186,186,0
5760,1,200,200,0
2281,1,205,205,0
2282,1,210,210,0
2283,1,210,210,0
2284,1,198,198,0
3505,1,189,189,0
3506,1,187,187,0
3507,1,202,202,0
3508,1,216,216,0
2313,1,199,199,0
2314,1,193,193,0
2315,1,200,200,0
2316,1,211,211,0
2337,1,179,179,0
2338,1,207,207,0
2339,1,190,190,0
2340,1,198,198,0
2349,1,189,189,0
2350,1,200,200,0
2351,1,201,201,0
2352,1,204,204,0
3521,1,202,202,0
3522,1,198,198,0
3523,1,185,185,0
3776,1,199,199,0
2485,1,181,181,0
2486,1,195,195,0
2487,1,199,199,0
2488,1,197,197,0
3437,1,187,187,0
3438,1,188,188,0
3439,1,207,207,0
3440,1,189,189,0
2553,1,185,185,0
2554,1,225,225,0
2555,1,204,204,0
2556,1,216,216,0
4673,1,202,202,0
4674,1,194,194,0
4675,1,199,199,0
4676,1,219,219,0
2593,1,199,199,0
2594,1,204,204,0
2595,1,192,192,0
2596,1,207,207,0
3113,1,212,212,0
3114,1,189,189,0
3115,1,201,201,0
3116,1,199,199,0
2705,1,193,193,0
2706,1,206,206,0
2707,1,209,209,0
2708,1,174,174,0
3137,1,219,219,0
3138,1,199,199,0
3139,1,193,193,0
3168,1,202,202,0
3045,1,181,181,0
3046,1,213,213,0
3047,1,213,213,0
3048,1,193,193,0
4461,1,188,188,0
4462,1,187,187,0
4463,1,203,203,0
4464,1,188,188,0
3117,1,199,199,0
3118,1,223,223,0
3119,1,207,207,0
3120,1,214,214,0
4257,1,177,177,0
4258,1,199,199,0
4259,1,190,190,0
4260,1,204,204,0
3140,1,221,221,0
3165,1,195,195,0
3166,1,186,186,0
3167,1,193,193,0
5413,1,180,180,0
5414,1,187,187,0
5415,1,205,205,0
3341,1,194,194,0
3342,1,213,213,0
3343,1,201,201,0
3344,1,213,213,0
4833,1,207,207,0
4834,1,216,216,0
4835,1,217,217,0
4836,1,188,188,0
3553,1,211,211,0
3554,1,181,181,0
3555,1,182,182,0
3556,1,196,196,0
3589,1,179,179,0
3590,1,211,211,0
3591,1,193,193,0
3592,1,203,203,0
3601,1,204,204,0
3602,1,198,198,0
3603,1,189,189,0
3604,1,207,207,0
3921,1,208,208,0
3922,1,176,176,0
3923,1,180,180,0
3924,1,170,170,0
3625,1,193,193,0
3626,1,203,203,0
3627,1,226,226,0
3628,1,193,193,0
3813,1,188,188,0
3814,1,188,188,0
3815,1,229,229,0
3816,1,196,196,0
3785,1,192,192,0
3786,1,226,226,0
3787,1,211,211,0
3788,1,194,194,0
3881,1,197,197,0
3882,1,200,200,0
3883,1,206,206,0
3884,1,199,199,0
3841,1,212,212,0
3842,1,175,175,0
3843,1,213,213,0
3844,1,195,195,0
3941,1,193,193,0
3942,1,164,164,0
3943,1,223,223,0
3944,1,218,218,0
4001,1,208,208,0
4002,1,203,203,0
4003,1,195,195,0
4004,1,200,200,0
4009,1,192,192,0
4010,1,200,200,0
4011,1,195,195,0
4012,1,201,201,0
4113,1,204,204,0
4114,1,205,205,0
4115,1,207,207,0
4116,1,206,206,0
4249,1,209,209,0
4250,1,187,187,0
4251,1,179,179,0
4252,1,222,222,0
4353,1,188,188,0
4354,1,204,204,0
4355,1,198,198,0
4356,1,202,202,0
4685,1,195,195,0
4686,1,193,193,0
4687,1,209,209,0
4688,1,188,188,0
4401,1,197,197,0
4402,1,195,195,0
4403,1,195,195,0
4404,1,197,197,0
4445,1,197,197,0
4446,1,181,181,0
4447,1,214,214,0
4448,1,199,199,0
4413,1,195,195,0
4414,1,199,199,0
4415,1,187,187,0
4416,1,201,201,0
4697,1,180,180,0
4698,1,195,195,0
4699,1,188,188,0
4700,1,199,199,0
4677,1,205,205,0
4678,1,217,217,0
4679,1,199,199,0
4680,1,195,195,0
4777,1,169,169,0
4778,1,197,197,0
4779,1,205,205,0
4780,1,198,198,0
4865,1,188,188,0
4866,1,192,192,0
4867,1,219,219,0
4868,1,212,212,0
5225,1,193,193,0
5226,1,204,204,0
5227,1,185,185,0
5228,1,188,188,0
4881,1,207,207,0
4882,1,217,217,0
4883,1,215,215,0
4884,1,225,225,0
4893,1,200,200,0
4894,1,195,195,0
4895,1,205,205,0
4896,1,213,213,0
4905,1,210,210,0
4906,1,203,203,0
4907,1,203,203,0
4908,1,196,196,0
4961,1,200,200,0
4962,1,192,192,0
4963,1,196,196,0
4964,1,196,196,0
4989,1,207,207,0
4990,1,194,194,0
4991,1,206,206,0
4992,1,218,218,0
4997,1,178,178,0
4998,1,210,210,0
4999,1,205,205,0
5000,1,185,185,0
5097,1,183,183,0
5098,1,205,205,0
5099,1,191,191,0
5100,1,198,198,0
5013,1,204,204,0
5014,1,201,201,0
5015,1,209,209,0
5016,1,195,195,0
5105,1,201,201,0
5106,1,207,207,0
5107,1,203,203,0
5108,1,206,206,0
5077,1,206,206,0
5078,1,194,194,0
5079,1,200,200,0
5080,1,213,213,0
5365,1,192,192,0
5366,1,190,190,0
5367,1,221,221,0
5368,1,208,208,0
5389,1,196,196,0
5390,1,193,193,0
5391,1,170,170,0
5392,1,197,197,0
5645,1,206,206,0
5646,1,201,201,0
5647,1,200,200,0
5648,1,203,203,0
5885,1,198,198,0
5886,1,178,178,0
5887,1,204,204,0
5888,1,195,195,0
5817,1,196,196,0
5818,1,209,209,0
5819,1,209,209,0
5820,1,204,204,0
5825,1,193,193,0
5826,1,192,192,0
5827,1,191,191,0
5828,1,209,209,0
5917,1,181,181,0
5918,1,202,202,0
5919,1,217,217,0
5920,1,204,204,0
