145,0.477346,2185,1043,1142
146,0.482981,2174,1050,1124
147,0.496961,2139,1063,1076
148,0.491164,2207,1084,1123
421,0.483209,2144,1036,1108
422,0.477668,2127,1016,1111
423,0.524197,2087,1094,993
424,0.486409,2097,1020,1077
445,0.477188,2148,1025,1123
446,0.492654,2178,1073,1105
447,0.48976,2246,1100,1146
525,0.484891,2118,1027,1091
528,0.512477,2164,1109,1055
181,0.512103,2107,1079,1028
365,0.494167,2143,1059,1084
366,0.493976,2158,1066,1092
367,0.509416,2124,1082,1042
368,0.50419,2148,1083,1065
425,0.493384,2116,1044,1072
426,0.49359,2184,1078,1106
427,0.498569,2096,1045,1051
428,0.489862,2170,1063,1107
502,0.49785,2093,1042,1051
503,0.494762,2100,1039,1061
504,0.505995,2085,1055,1030
113,0.506862,2113,1071,1042
114,0.506548,2138,1083,1055
115,0.484055,2101,1017,1084
116,0.499775,2225,1112,1113
117,0.482886,2162,1044,1118
118,0.500937,2134,1069,1065
119,0.483333,2160,1044,1116
120,0.484564,2235,1083,1152
200,0.497265,2194,1091,1103
1187,0.492509,2136,1052,1084
1188,0.485064,2109,1023,1086
1286,0.485714,2100,1020,1080
1287,0.483595,2103,1017,1086
1347,0.488981,2178,1065,1113
1348,0.498367,2143,1068,1075
125,0.493421,2128,1050,1078
126,0.482974,2085,1007,1078
127,0.501393,2154,1080,1074
359,0.494884,2150,1064,1086
360,0.492566,2085,1027,1058
369,0.519231,2184,1134,1050
370,0.490672,2144,1052,1092
371,0.481776,2140,1031,1109
372,0.507996,2126,1080,1046
165,0.499531,2130,1064,1066
166,0.49454,2198,1087,1111
167,0.473708,2206,1045,1161
168,0.487312,2128,1037,1091
1377,0.47349,2169,1027,1142
1378,0.504959,2218,1120,1098
1379,0.492627,2170,1069,1101
1380,0.50158,2215,1111,1104
1383,0.493271,2155,1063,1092
1389,0.490178,2138,1048,1090
1390,0.494413,2148,1062,1086
1391,0.489698,2087,1022,1065
633,0.495751,2118,1050,1068
634,0.479726,2047,982,1065
635,0.494977,2190,1084,1106
636,0.492343,2155,1061,1094
714,0.494037,2180,1077,1103
715,0.487107,2133,1039,1094
716,0.484288,2164,1048,1116
725,0.494424,2152,1064,1088
728,0.496258,2138,1061,1077
1120,0.48524,2168,1052,1116
1153,0.506121,2124,1075,1049
1154,0.486965,2148,1046,1102
1155,0.491067,2183,1072,1111
726,0.489292,2148,1051,1097
727,0.484112,2140,1036,1104
782,0.491319,2131,1047,1084
783,0.483945,2180,1055,1125
953,0.481516,2164,1042,1122
955,0.491494,2175,1069,1106
956,0.501179,2121,1063,1058
928,0.491749,2121,1043,1078
1194,0.506024,2075,1050,1025
653,0.468125,2149,1006,1143
654,0.480742,2155,1036,1119
655,0.498143,2154,1073,1081
656,0.485315,2145,1041,1104
661,0.502096,2147,1078,1069
662,0.490085,2118,1038,1080
663,0.494831,2128,1053,1075
664,0.492488,2130,1049,1081
685,0.5,2092,1046,1046
686,0.476011,2126,1012,1114
687,0.490443,2145,1052,1093
688,0.489748,2146,1051,1095
713,0.501182,2115,1060,1055
925,0.495973,2111,1047,1064
926,0.485581,2150,1044,1106
927,0.509398,2128,1084,1044
1195,0.509813,2140,1091,1049
1196,0.481276,2163,1041,1122
1086,0.499303,2151,1074,1077
1087,0.497666,2142,1066,1076
1117,0.501873,2136,1072,1064
1156,0.496327,2178,1081,1097
859,0.489777,2201,1078,1123
860,0.490917,2202,1081,1121
954,0.480355,2138,1027,1111
1193,0.486486,2109,1026,1083
1118,0.499059,2126,1061,1065
1119,0.49492,2067,1023,1044
620,0.469084,2151,1009,1142
753,0.490344,2123,1041,1082
754,0.492257,2131,1049,1082
755,0.482243,2140,1032,1108
756,0.512563,2189,1122,1067
757,0.488272,2089,1020,1069
758,0.483035,2122,1025,1097
759,0.496099,2179,1081,1098
760,0.509259,2160,1100,1060
745,0.475634,2052,976,1076
746,0.49381,2181,1077,1104
747,0.470037,2136,1004,1132
748,0.480952,2100,1010,1090
842,0.481933,2131,1027,1104
843,0.498153,2166,1079,1087
844,0.479008,2096,1004,1092
857,0.506395,2111,1069,1042
858,0.498041,2042,1017,1025
813,0.483813,2224,1076,1148
814,0.484449,2122,1028,1094
815,0.491737,2239,1101,1138
841,0.503314,2112,1063,1049
789,0.487623,2141,1044,1097
790,0.487013,2156,1050,1106
791,0.494712,2080,1029,1051
792,0.50046,2172,1087,1085
816,0.496944,2127,1057,1070
825,0.491178,2097,1030,1067
826,0.514888,2183,1124,1059
827,0.50188,2128,1068,1060
828,0.499053,2112,1054,1058
945,0.492011,2128,1047,1081
946,0.505126,2146,1084,1062
947,0.514824,2125,1094,1031
948,0.493993,2164,1069,1095
1061,0.492544,2079,1024,1055
1062,0.495555,2137,1059,1078
1063,0.485464,2167,1052,1115
1064,0.478664,2156,1032,1124
1081,0.484472,2093,1014,1079
1082,0.478763,2166,1037,1129
1083,0.490371,2129,1044,1085
1084,0.500239,2091,1046,1045
1085,0.480912,2148,1033,1115
617,0.49408,2196,1085,1111
618,0.477349,2097,1001,1096
619,0.489079,2106,1030,1076
697,0.48914,2210,1081,1129
698,0.49097,2104,1033,1071
699,0.498386,2169,1081,1088
700,0.511804,2118,1084,1034
773,0.50782,2174,1104,1070
774,0.489229,2089,1022,1067
775,0.503011,2159,1086,1073
776,0.494688,2165,1071,1094
781,0.480663,2172,1044,1128
784,0.494427,2243,1109,1134
853,0.492827,2161,1065,1096
854,0.474463,2095,994,1101
855,0.476867,2183,1041,1142
856,0.503707,2158,1087,1071
965,0.501419,2114,1060,1054
966,0.489382,2119,1037,1082
967,0.483768,2187,1058,1129
968,0.474329,2123,1007,1116
1088,0.513359,2096,1076,1020
254,0.49446,2166,1071,1095
255,0.500929,2154,1079,1075
819,0.505682,2112,1068,1044
820,0.498117,2124,1058,1066
979,0.481296,2192,1055,1137
980,0.492264,2133,1050,1083
1013,0.508128,2153,1094,1059
1014,0.489245,2185,1069,1116
1025,0.500705,2127,1065,1062
1026,0.495864,2176,1079,1097
1027,0.497055,2207,1097,1110
1028,0.511271,2085,1066,1019
1015,0.483543,2066,999,1067
1016,0.493706,2145,1059,1086
1241,0.507003,2142,1086,1056
1242,0.493891,2128,1051,1077
1139,0.480056,2156,1035,1121
1140,0.479276,2099,1006,1093
1205,0.509488,2108,1074,1034
1206,0.498182,2200,1096,1104
1207,0.488204,2077,1014,1063
1208,0.501462,2052,1029,1023
1029,0.490583,2177,1068,1109
1030,0.482659,2076,1002,1074
1031,0.483886,2141,1036,1105
1032,0.482508,2201,1062,1139
1041,0.502058,2187,1098,1089
1042,0.513551,2140,1099,1041
1043,0.498781,2051,1023,1028
1044,0.50481,2183,1102,1081
1053,0.471698,2120,1000,1120
1054,0.498856,2185,1090,1095
1055,0.495318,2136,1058,1078
1056,0.487214,2229,1086,1143
1065,0.482613,2128,1027,1101
1243,0.502735,2194,1103,1091
1244,0.509729,2107,1074,1033
701,0.477482,2176,1039,1137
704,0.500234,2135,1068,1067
749,0.481206,2155,1037,1118
829,0.468895,2154,1010,1144
830,0.495202,2084,1032,1052
831,0.497445,2153,1071,1082
832,0.498596,2136,1065,1071
869,0.498182,2200,1096,1104
870,0.498559,2082,1038,1044
871,0.492011,2128,1047,1081
872,0.486111,2160,1050,1110
977,0.493271,2155,1063,1092
978,0.493665,2131,1052,1079
973,0.477422,2126,1015,1111
974,0.492807,2155,1062,1093
975,0.497637,2116,1053,1063
976,0.502841,2112,1062,1050
1066,0.487611,2139,1043,1096
1067,0.50119,2101,1053,1048
1068,0.500475,2104,1053,1051
1137,0.473253,2075,982,1093
1138,0.490051,2161,1059,1102
625,0.481096,2116,1018,1098
626,0.508854,2146,1092,1054
627,0.496377,2208,1096,1112
628,0.483333,2160,1044,1116
702,0.477742,2179,1041,1138
703,0.482886,2162,1044,1118
750,0.479177,2041,978,1063
751,0.488808,2189,1070,1119
752,0.474335,2104,998,1106
378,0.472558,2150,1016,1134
379,0.487793,2130,1039,1091
380,0.485865,2087,1014,1073
889,0.48894,2170,1061,1109
890,0.470588,2125,1000,1125
891,0.490763,2111,1036,1075
892,0.487298,2165,1055,1110
1369,0.506311,2139,1083,1056
1370,0.499083,2182,1089,1093
1309,0.498825,2127,1061,1066
1310,0.485089,2146,1041,1105
1311,0.485595,2152,1045,1107
1355,0.512431,2172,1113,1059
1356,0.499313,2183,1090,1093
1371,0.495763,2124,1053,1071
1372,0.499522,2092,1045,1047
1312,0.499522,2090,1044,1046
1321,0.495017,2107,1043,1064
1322,0.49377,2167,1070,1097
1323,0.478728,2139,1024,1115
1324,0.489321,2107,1031,1076
1387,0.479529,2125,1019,1106
453,0.505179,2124,1073,1051
1313,0.496303,2164,1074,1090
1314,0.481413,2152,1036,1116
1315,0.49739,2107,1048,1059
1316,0.519816,2170,1128,1042
1337,0.504085,2081,1049,1032
1338,0.502402,2082,1046,1036
1339,0.48893,2168,1060,1108
1340,0.496992,2161,1074,1087
1341,0.484344,2044,990,1054
1342,0.503752,2132,1074,1058
1343,0.487839,2138,1043,1095
1352,0.502311,2164,1087,1077
454,0.474617,2088,991,1097
456,0.488995,2090,1022,1068
1253,0.516266,2121,1095,1026
1254,0.494826,2126,1052,1074
1255,0.491751,2182,1073,1109
1344,0.495571,2145,1063,1082
1350,0.489075,2151,1052,1099
1351,0.503493,2147,1081,1066
1354,0.489433,2082,1019,1063
455,0.500495,2022,1012,1010
1256,0.495694,2090,1036,1054
1349,0.514075,2167,1114,1053
1353,0.480282,2130,1023,1107
1385,0.494156,2139,1057,1082
1386,0.507077,2049,1039,1010
1388,0.47771,2131,1018,1113
1393,0.488711,2126,1039,1087
1394,0.508083,2165,1100,1065
1395,0.478097,2123,1015,1108
1396,0.506438,2097,1062,1035
1039,0.465566,2120,987,1133
1040,0.486362,2163,1052,1111
1045,0.489995,2149,1053,1096
1046,0.459421,2107,968,1139
1047,0.487529,2125,1036,1089
1048,0.48599,2177,1058,1119
1049,0.503162,2214,1114,1100
1050,0.486054,2187,1063,1124
1051,0.504174,2156,1087,1069
1052,0.504136,2176,1097,1079
1149,0.497886,2129,1060,1069
1150,0.493253,2149,1060,1089
1151,0.489514,2098,1027,1071
153,0.494521,2099,1038,1061
154,0.486474,2107,1025,1082
155,0.487383,2140,1043,1097
156,0.490094,2120,1039,1081
1280,0.48641,2134,1038,1096
1293,0.476987,2151,1026,1125
1294,0.490826,2180,1070,1110
1295,0.480495,2102,1010,1092
1296,0.517241,2146,1110,1036
1297,0.490855,2023,993,1030
1298,0.513863,2164,1112,1052
1299,0.496885,2087,1037,1050
1300,0.493804,2179,1076,1103
160,0.498616,2168,1081,1087
289,0.501548,2261,1134,1127
901,0.482314,2092,1009,1083
902,0.491196,2215,1088,1127
903,0.495045,2119,1049,1070
904,0.489141,2118,1036,1082
913,0.475836,2152,1024,1128
914,0.494398,2142,1059,1083
915,0.48834,2144,1047,1097
157,0.503082,2109,1061,1048
158,0.50278,2158,1085,1073
916,0.47439,2089,991,1098
1285,0.502945,2207,1110,1097
159,0.493937,2144,1059,1085
290,0.502122,2121,1065,1056
291,0.496255,2136,1060,1076
292,0.491186,2099,1031,1068
1189,0.492159,2168,1067,1101
1190,0.495559,2139,1060,1079
1191,0.506347,2127,1077,1050
1192,0.482143,2016,972,1044
1288,0.489835,2115,1036,1079
505,0.490505,2159,1059,1100
506,0.475547,2147,1021,1126
507,0.488415,2158,1054,1104
508,0.482085,2149,1036,1113
1277,0.497382,2101,1045,1056
1278,0.48768,2151,1049,1102
1279,0.507685,2147,1090,1057
1345,0.507728,2135,1084,1051
1346,0.483856,2168,1049,1119
1078,0.491463,2167,1065,1102
1080,0.493987,2079,1027,1052
1235,0.498577,2108,1051,1057
1236,0.485701,2168,1053,1115
1079,0.501184,2111,1058,1053
149,0.490319,2066,1013,1053
150,0.506906,2172,1101,1071
151,0.48,2125,1020,1105
152,0.503302,2120,1067,1053
317,0.473923,2205,1045,1160
318,0.486586,2162,1052,1110
319,0.509048,2100,1069,1031
320,0.487261,2198,1071,1127
353,0.495702,2094,1038,1056
354,0.512218,2169,1111,1058
355,0.483019,2120,1024,1096
356,0.5,2142,1071,1071
681,0.489825,2113,1035,1078
682,0.498842,2159,1077,1082
683,0.497245,2178,1083,1095
684,0.498117,2124,1058,1066
801,0.49113,2142,1052,1090
802,0.493002,2215,1092,1123
803,0.499766,2139,1069,1070
804,0.49527,2114,1047,1067
989,0.501162,2151,1078,1073
990,0.500935,2138,1071,1067
991,0.496906,2101,1044,1057
992,0.486867,2132,1038,1094
993,0.463611,2116,981,1135
777,0.469407,2141,1005,1136
778,0.481481,2133,1027,1106
780,0.490057,2112,1035,1077
1057,0.482059,2118,1021,1097
1058,0.48338,2166,1047,1119
1059,0.486423,2136,1039,1097
1060,0.506875,2109,1069,1040
1163,0.492911,2116,1043,1073
1201,0.45984,2129,979,1150
1161,0.480859,2142,1030,1112
1202,0.49739,2107,1048,1059
1203,0.512541,2113,1083,1030
1204,0.500235,2129,1065,1064
779,0.487817,2093,1021,1072
1105,0.466826,2095,978,1117
1106,0.50828,2174,1105,1069
1107,0.505213,2110,1066,1044
1108,0.497204,2146,1067,1079
1162,0.488095,2184,1066,1118
1164,0.481061,2112,1016,1096
1217,0.481533,2166,1043,1123
1218,0.490142,2181,1069,1112
994,0.494945,2077,1028,1049
995,0.494949,2079,1029,1050
996,0.49449,2087,1032,1055
997,0.497255,2186,1087,1099
998,0.498844,2163,1079,1084
999,0.499077,2166,1081,1085
1000,0.511927,2180,1116,1064
1033,0.482694,2138,1032,1106
1152,0.482468,2139,1032,1107
1017,0.469349,2088,980,1108
1018,0.483976,2153,1042,1111
1157,0.48524,2168,1052,1116
1160,0.482987,2116,1022,1094
1019,0.488732,2130,1041,1089
1020,0.486054,2187,1063,1124
1158,0.493874,2122,1048,1074
1159,0.502506,2195,1103,1092
1165,0.491647,2095,1030,1065
1166,0.499062,2132,1064,1068
1167,0.496648,2088,1037,1051
1168,0.473057,2097,992,1105
1219,0.493959,2152,1063,1089
1220,0.497214,2154,1071,1083
1229,0.485199,2162,1049,1113
1230,0.472788,2113,999,1114
1231,0.511754,2212,1132,1080
1034,0.496659,2245,1115,1130
1035,0.485158,2156,1046,1110
1036,0.480478,2177,1046,1131
1037,0.502376,2104,1057,1047
1038,0.493641,2123,1048,1075
733,0.518027,2108,1092,1016
734,0.490995,2110,1036,1074
735,0.495132,2157,1068,1089
736,0.48678,2118,1031,1087
1129,0.497175,2124,1056,1068
1130,0.488211,2163,1056,1107
1131,0.506196,2098,1062,1036
1132,0.502576,2135,1073,1062
1265,0.491976,2181,1073,1108
1266,0.476032,2107,1003,1104
1267,0.489684,2181,1068,1113
1268,0.515712,2164,1116,1048
1232,0.489003,2137,1045,1092
513,0.505159,2132,1077,1055
514,0.482126,2126,1025,1101
515,0.472574,2133,1008,1125
516,0.479215,2141,1026,1115
601,0.481658,2099,1011,1088
603,0.511061,2215,1132,1083
604,0.491659,2158,1061,1097
709,0.480452,2123,1020,1103
710,0.495904,2075,1029,1046
711,0.486422,2099,1021,1078
712,0.500946,2114,1059,1055
845,0.491375,2145,1054,1091
986,0.487179,2184,1064,1120
846,0.509251,2162,1101,1061
847,0.506241,2163,1095,1068
848,0.511673,2056,1052,1004
1133,0.496015,2133,1058,1075
1136,0.492041,2136,1051,1085
1073,0.484186,2150,1041,1109
1074,0.50142,2112,1059,1053
1075,0.491059,2181,1071,1110
1076,0.505804,2240,1133,1107
602,0.493689,2060,1017,1043
985,0.490269,2158,1058,1100
987,0.508076,2167,1101,1066
988,0.5,2132,1066,1066
1134,0.489321,2107,1031,1076
1135,0.503036,2141,1077,1064
348,0.5,2152,1076,1076
349,0.493088,2170,1070,1100
350,0.458964,2181,1001,1180
351,0.491557,2132,1048,1084
363,0.482193,2134,1029,1105
364,0.485364,2118,1028,1090
429,0.476258,2106,1003,1103
430,0.486799,2159,1051,1108
431,0.491132,2199,1080,1119
432,0.489392,2121,1038,1083
457,0.487805,2173,1060,1113
458,0.485909,2200,1069,1131
459,0.505944,2103,1064,1039
460,0.486952,2031,989,1042
481,0.494205,2157,1066,1091
529,0.481429,2100,1011,1089
530,0.492019,2130,1048,1082
544,0.480374,2140,1028,1112
565,0.494275,2096,1036,1060
566,0.498398,2185,1089,1096
573,0.493131,2111,1041,1070
574,0.495128,2155,1067,1088
539,0.483295,2185,1056,1129
540,0.482517,2145,1035,1110
541,0.499764,2121,1060,1061
542,0.487414,2185,1065,1120
543,0.499291,2117,1057,1060
567,0.484778,2135,1035,1100
568,0.5057,2193,1109,1084
575,0.479226,2118,1015,1103
576,0.470927,2081,980,1101
577,0.504983,2107,1064,1043
578,0.498566,2092,1043,1049
579,0.490548,2116,1038,1078
580,0.487805,2132,1040,1092
629,0.483977,2122,1027,1095
632,0.498163,2178,1085,1093
645,0.497819,2063,1027,1036
768,0.491006,2057,1010,1047
769,0.499058,2124,1060,1064
770,0.488931,2123,1038,1085
771,0.496139,2072,1028,1044
772,0.487192,2108,1027,1081
800,0.4683,2082,975,1107
646,0.478754,2118,1014,1104
647,0.500241,2073,1037,1036
648,0.489432,2129,1042,1087
717,0.482578,2095,1011,1084
718,0.510698,2150,1098,1052
719,0.505671,2116,1070,1046
720,0.499541,2180,1089,1091
737,0.504854,2163,1092,1071
738,0.48954,2151,1053,1098
739,0.47486,2148,1020,1128
740,0.481291,2138,1029,1109
797,0.49072,2209,1084,1125
1143,0.503042,2137,1075,1062
133,0.512064,2238,1146,1092
134,0.488889,2160,1056,1104
135,0.478137,2104,1006,1098
136,0.480392,2142,1029,1113
141,0.51272,2044,1048,996
142,0.489037,2098,1026,1072
143,0.484389,2178,1055,1123
144,0.5,2146,1073,1073
177,0.487263,2159,1052,1107
178,0.499535,2150,1074,1076
179,0.504836,2171,1096,1075
180,0.504713,2122,1071,1051
201,0.499051,2108,1052,1056
202,0.480916,2096,1008,1088
203,0.487839,2138,1043,1095
204,0.475157,2073,985,1088
217,0.503759,2128,1072,1056
218,0.49641,2089,1037,1052
219,0.492379,2165,1066,1099
220,0.491648,2215,1089,1126
221,0.486016,2181,1060,1121
224,0.478975,2069,991,1078
227,0.497436,2145,1067,1078
228,0.498175,2192,1092,1100
237,0.48768,2151,1049,1102
238,0.489767,2150,1053,1097
239,0.515265,2129,1097,1032
240,0.505164,2130,1076,1054
241,0.517807,2134,1105,1029
242,0.485144,2154,1045,1109
243,0.496759,2160,1073,1087
244,0.486111,2160,1050,1110
282,0.484082,2136,1034,1102
283,0.503735,2142,1079,1063
284,0.483471,2178,1053,1125
302,0.47277,2130,1007,1123
303,0.486311,2155,1048,1107
304,0.502879,2084,1048,1036
305,0.496484,2133,1059,1074
306,0.492874,2175,1072,1103
307,0.494629,2141,1059,1082
308,0.505317,2163,1093,1070
309,0.481377,2121,1021,1100
312,0.505258,2187,1105,1082
193,0.486886,2097,1021,1076
194,0.473387,2123,1005,1118
195,0.50388,2191,1104,1087
196,0.488297,2179,1064,1115
209,0.481413,2179,1049,1130
210,0.50474,2215,1118,1097
211,0.493786,2092,1033,1059
212,0.493092,2099,1035,1064
225,0.506155,2112,1069,1043
226,0.484086,2105,1019,1086
265,0.49634,2186,1085,1101
266,0.517807,2134,1105,1029
277,0.503059,2125,1069,1056
278,0.494172,2145,1060,1085
279,0.492516,2138,1053,1085
280,0.48364,2231,1079,1152
281,0.496172,2090,1037,1053
297,0.486626,2131,1037,1094
298,0.488694,2167,1059,1108
299,0.493488,2150,1061,1089
300,0.498606,2152,1073,1079
301,0.482859,2071,1000,1071
