2047,1,115,115,0
2048,1,112,112,0
2049,1,102,102,0
2050,1,123,123,0
2051,1,101,101,0
2052,1,102,102,0
2149,1,111,111,0
2150,1,122,122,0
2151,1,117,117,0
2152,1,101,101,0
2153,1,90,90,0
2154,1,100,100,0
2239,1,94,94,0
2240,1,112,112,0
2241,1,109,109,0
2242,1,86,86,0
2243,1,108,108,0
2244,1,115,115,0
2359,1,106,106,0
2360,1,102,102,0
2361,1,93,93,0
2362,1,111,111,0
2363,1,106,106,0
2364,1,94,94,0
3037,1,120,120,0
3038,1,110,110,0
3039,1,103,103,0
3040,1,101,101,0
3041,1,111,111,0
3042,1,112,112,0
3139,1,111,111,0
3140,1,116,116,0
3141,1,109,109,0
3142,1,114,114,0
3143,1,104,104,0
3144,1,104,104,0
3337,1,106,106,0
3338,1,85,85,0
3339,1,102,102,0
3340,1,121,121,0
3341,1,104,104,0
3342,1,100,100,0
3547,1,96,96,0
3548,1,96,96,0
3549,1,101,101,0
3550,1,113,113,0
3551,1,128,128,0
3552,1,107,107,0
3877,1,108,108,0
3878,1,113,113,0
3879,1,116,116,0
3880,1,115,115,0
3881,1,98,98,0
3882,1,96,96,0
3895,1,96,96,0
3896,1,106,106,0
3897,1,128,128,0
3898,1,96,96,0
3899,1,125,125,0
3900,1,103,103,0
3925,1,112,112,0
3926,1,99,99,0
3927,1,100,100,0
3928,1,112,112,0
3929,1,115,115,0
3930,1,101,101,0
4039,1,115,115,0
4040,1,117,117,0
4041,1,100,100,0
4042,1,91,91,0
4043,1,104,104,0
4044,1,111,111,0
5281,1,112,112,0
5282,1,100,100,0
5283,1,115,115,0
5284,1,93,93,0
5285,1,116,116,0
5286,1,108,108,0
25243,1,87,87,0
25244,1,109,109,0
25245,1,99,99,0
25248,1,92,92,0
84839,1,98,98,0
84840,1,108,108,0
85261,1,110,110,0
85262,1,91,91,0
3852,1,124,124,0
3859,1,102,102,0
3860,1,97,97,0
3861,1,101,101,0
3862,1,118,118,0
3863,1,114,114,0
3864,1,101,101,0
4177,1,110,110,0
4178,1,111,111,0
4179,1,112,112,0
4180,1,119,119,0
4181,1,102,102,0
4182,1,98,98,0
4765,1,114,114,0
4766,1,93,93,0
4767,1,97,97,0
4768,1,101,101,0
4769,1,102,102,0
4770,1,99,99,0
4855,1,102,102,0
4856,1,113,113,0
4857,1,105,105,0
4858,1,110,110,0
4859,1,100,100,0
4860,1,106,106,0
4897,1,111,111,0
4898,1,116,116,0
4899,1,111,111,0
4900,1,131,131,0
4901,1,111,111,0
4902,1,110,110,0
4969,1,100,100,0
4970,1,109,109,0
4971,1,101,101,0
4972,1,110,110,0
4973,1,102,102,0
4974,1,107,107,0
5149,1,102,102,0
5150,1,98,98,0
5151,1,101,101,0
5152,1,97,97,0
5153,1,99,99,0
5154,1,123,123,0
5365,1,104,104,0
5366,1,103,103,0
5367,1,110,110,0
5368,1,103,103,0
5369,1,95,95,0
5370,1,109,109,0
5147,1,109,109,0
5148,1,105,105,0
5275,1,104,104,0
5276,1,88,88,0
5277,1,114,114,0
5278,1,107,107,0
5279,1,115,115,0
5280,1,105,105,0
25246,1,128,128,0
25247,1,131,131,0
26977,1,112,112,0
26978,1,110,110,0
26979,1,108,108,0
26980,1,103,103,0
26981,1,99,99,0
26982,1,93,93,0
27901,1,121,121,0
27902,1,103,103,0
27903,1,117,117,0
27904,1,101,101,0
27905,1,99,99,0
27906,1,95,95,0
48529,1,107,107,0
48530,1,107,107,0
48531,1,110,110,0
48532,1,99,99,0
48533,1,114,114,0
48534,1,102,102,0
49255,1,115,115,0
49256,1,95,95,0
49257,1,93,93,0
49258,1,117,117,0
49259,1,96,96,0
49260,1,126,126,0
27806,1,119,119,0
27807,1,96,96,0
50144,1,96,96,0
48880,1,122,122,0
48881,1,113,113,0
48882,1,109,109,0
49015,1,118,118,0
49016,1,108,108,0
49017,1,91,91,0
49018,1,98,98,0
49019,1,95,95,0
49020,1,113,113,0
50143,1,110,110,0
50145,1,118,118,0
50146,1,113,113,0
50147,1,109,109,0
50148,1,81,81,0
51373,1,104,104,0
51374,1,104,104,0
51375,1,127,127,0
51376,1,101,101,0
51377,1,111,111,0
51378,1,106,106,0
49168,1,95,95,0
49169,1,112,112,0
49170,1,107,107,0
49261,1,100,100,0
49262,1,112,112,0
49263,1,116,116,0
49264,1,113,113,0
49265,1,111,111,0
49266,1,87,87,0
50197,1,106,106,0
50198,1,119,119,0
50199,1,115,115,0
50200,1,112,112,0
50201,1,112,112,0
50202,1,119,119,0
49211,1,129,129,0
49212,1,99,99,0
50191,1,117,117,0
50192,1,121,121,0
50193,1,119,119,0
50194,1,95,95,0
50195,1,99,99,0
50196,1,87,87,0
50250,1,103,103,0
57445,1,105,105,0
57446,1,113,113,0
57447,1,108,108,0
57448,1,111,111,0
57449,1,111,111,0
57450,1,102,102,0
41419,1,107,107,0
41420,1,106,106,0
41421,1,109,109,0
41422,1,109,109,0
41423,1,127,127,0
41424,1,97,97,0
41905,1,94,94,0
41906,1,104,104,0
41907,1,93,93,0
41908,1,98,98,0
41909,1,103,103,0
41910,1,109,109,0
41911,1,106,106,0
41912,1,99,99,0
41913,1,99,99,0
41914,1,109,109,0
41915,1,110,110,0
41916,1,120,120,0
47575,1,113,113,0
47576,1,111,111,0
47577,1,110,110,0
47578,1,105,105,0
47579,1,113,113,0
47580,1,110,110,0
54141,1,108,108,0
54142,1,115,115,0
54143,1,100,100,0
54144,1,113,113,0
51379,1,114,114,0
51380,1,111,111,0
51381,1,104,104,0
51382,1,98,98,0
51383,1,104,104,0
51384,1,113,113,0
51397,1,116,116,0
51398,1,116,116,0
51399,1,110,110,0
51400,1,113,113,0
51401,1,103,103,0
51402,1,105,105,0
51409,1,93,93,0
51410,1,104,104,0
51411,1,99,99,0
51412,1,97,97,0
51413,1,114,114,0
51414,1,109,109,0
51415,1,104,104,0
51416,1,108,108,0
51417,1,106,106,0
51418,1,104,104,0
51419,1,124,124,0
51420,1,117,117,0
55039,1,109,109,0
55040,1,100,100,0
55041,1,106,106,0
55042,1,101,101,0
55043,1,113,113,0
55044,1,121,121,0
55246,1,102,102,0
55247,1,91,91,0
55248,1,110,110,0
55537,1,102,102,0
55538,1,94,94,0
55539,1,99,99,0
55540,1,111,111,0
55541,1,104,104,0
55542,1,106,106,0
61663,1,104,104,0
61664,1,101,101,0
61665,1,91,91,0
61666,1,133,133,0
61667,1,108,108,0
61668,1,103,103,0
62143,1,97,97,0
62144,1,110,110,0
62145,1,110,110,0
62146,1,101,101,0
62147,1,97,97,0
62148,1,106,106,0
62624,1,109,109,0
62625,1,101,101,0
62626,1,110,110,0
62627,1,97,97,0
62628,1,111,111,0
61864,1,114,114,0
61865,1,106,106,0
61866,1,110,110,0
62623,1,105,105,0
65491,1,110,110,0
65492,1,102,102,0
65493,1,112,112,0
65494,1,113,113,0
65495,1,112,112,0
65496,1,111,111,0
54295,1,93,93,0
54296,1,88,88,0
54297,1,102,102,0
54298,1,115,115,0
54299,1,108,108,0
54300,1,98,98,0
67009,1,106,106,0
67010,1,102,102,0
67011,1,109,109,0
67012,1,96,96,0
67013,1,112,112,0
67014,1,121,121,0
67057,1,105,105,0
67058,1,114,114,0
67059,1,99,99,0
67060,1,96,96,0
67061,1,116,116,0
67062,1,115,115,0
67063,1,120,120,0
67064,1,123,123,0
67065,1,122,122,0
67066,1,107,107,0
67067,1,107,107,0
67068,1,112,112,0
67285,1,106,106,0
67286,1,107,107,0
67287,1,114,114,0
67288,1,108,108,0
67289,1,115,115,0
67290,1,130,130,0
67663,1,105,105,0
67664,1,110,110,0
67665,1,113,113,0
67666,1,103,103,0
67667,1,100,100,0
67668,1,101,101,0
67981,1,106,106,0
67982,1,94,94,0
67983,1,109,109,0
67984,1,101,101,0
67985,1,118,118,0
67986,1,124,124,0
68005,1,102,102,0
68006,1,108,108,0
68007,1,111,111,0
68008,1,102,102,0
68009,1,99,99,0
68010,1,96,96,0
68479,1,111,111,0
68484,1,110,110,0
68557,1,105,105,0
68558,1,112,112,0
68559,1,118,118,0
68560,1,106,106,0
68561,1,98,98,0
68562,1,106,106,0
68743,1,99,99,0
68744,1,107,107,0
68745,1,112,112,0
68746,1,101,101,0
68747,1,106,106,0
68748,1,118,118,0
69883,1,104,104,0
69884,1,111,111,0
69885,1,99,99,0
69886,1,109,109,0
69887,1,109,109,0
69888,1,108,108,0
70993,1,103,103,0
70994,1,96,96,0
70995,1,96,96,0
70996,1,110,110,0
70997,1,124,124,0
70998,1,99,99,0
71749,1,105,105,0
71750,1,106,106,0
71751,1,112,112,0
71752,1,99,99,0
88423,1,119,119,0
88993,1,104,104,0
88994,1,132,132,0
88995,1,114,114,0
88996,1,110,110,0
88997,1,96,96,0
88998,1,100,100,0
54385,1,111,111,0
54386,1,97,97,0
54387,1,112,112,0
54388,1,95,95,0
54389,1,101,101,0
54390,1,112,112,0
54397,1,103,103,0
54398,1,100,100,0
54399,1,106,106,0
54587,1,101,101,0
54588,1,102,102,0
54907,1,112,112,0
54908,1,110,110,0
54909,1,112,112,0
54912,1,105,105,0
55141,1,104,104,0
55142,1,116,116,0
55143,1,119,119,0
55144,1,121,121,0
55145,1,124,124,0
55146,1,97,97,0
55288,1,108,108,0
55289,1,111,111,0
55290,1,110,110,0
58071,1,106,106,0
58072,1,104,104,0
58073,1,99,99,0
58074,1,112,112,0
58151,1,104,104,0
58837,1,105,105,0
58842,1,94,94,0
85704,1,94,94,0
87529,1,100,100,0
87530,1,103,103,0
87531,1,105,105,0
87532,1,100,100,0
87533,1,110,110,0
87534,1,105,105,0
88669,1,106,106,0
88670,1,103,103,0
88671,1,121,121,0
88672,1,103,103,0
88673,1,110,110,0
88674,1,108,108,0
56426,1,106,106,0
56427,1,106,106,0
56428,1,117,117,0
56429,1,123,123,0
56430,1,92,92,0
58231,1,102,102,0
58232,1,110,110,0
58233,1,114,114,0
58234,1,108,108,0
58235,1,115,115,0
58236,1,108,108,0
61759,1,120,120,0
61951,1,103,103,0
61818,1,114,114,0
75583,1,121,121,0
75584,1,101,101,0
75585,1,99,99,0
75586,1,124,124,0
75587,1,112,112,0
75588,1,126,126,0
75967,1,105,105,0
75968,1,107,107,0
75969,1,119,119,0
75970,1,121,121,0
75971,1,107,107,0
75972,1,125,125,0
75975,1,110,110,0
75976,1,119,119,0
75977,1,108,108,0
75978,1,103,103,0
77449,1,101,101,0
77450,1,95,95,0
77451,1,112,112,0
77452,1,87,87,0
77453,1,107,107,0
77454,1,118,118,0
77599,1,103,103,0
77600,1,106,106,0
77601,1,109,109,0
77602,1,116,116,0
77603,1,104,104,0
77604,1,111,111,0
78757,1,104,104,0
78758,1,102,102,0
78759,1,105,105,0
78760,1,113,113,0
78761,1,106,106,0
78762,1,99,99,0
77459,1,102,102,0
77460,1,103,103,0
77605,1,104,104,0
77606,1,119,119,0
77607,1,104,104,0
77608,1,108,108,0
77609,1,104,104,0
77610,1,111,111,0
77853,1,109,109,0
77854,1,105,105,0
77855,1,104,104,0
78217,1,113,113,0
78218,1,112,112,0
78219,1,118,118,0
78220,1,98,98,0
78221,1,120,120,0
78222,1,115,115,0
71753,1,116,116,0
71754,1,95,95,0
71881,1,102,102,0
71882,1,100,100,0
71883,1,120,120,0
71884,1,117,117,0
71885,1,110,110,0
81979,1,100,100,0
81980,1,108,108,0
81981,1,111,111,0
81982,1,100,100,0
81983,1,99,99,0
81984,1,125,125,0
82609,1,117,117,0
82610,1,107,107,0
82611,1,101,101,0
82612,1,113,113,0
82613,1,89,89,0
82614,1,107,107,0
84721,1,104,104,0
84722,1,108,108,0
84726,1,105,105,0
88722,1,111,111,0
88817,1,111,111,0
88818,1,110,110,0
71886,1,89,89,0
71917,1,99,99,0
71918,1,99,99,0
71919,1,94,94,0
71920,1,105,105,0
71921,1,113,113,0
71922,1,100,100,0
76021,1,109,109,0
76022,1,110,110,0
76023,1,111,111,0
76024,1,116,116,0
76025,1,120,120,0
76026,1,107,107,0
77161,1,106,106,0
77162,1,116,116,0
77163,1,107,107,0
77164,1,116,116,0
83131,1,100,100,0
83132,1,102,102,0
83133,1,105,105,0
83134,1,110,110,0
83135,1,94,94,0
83425,1,125,125,0
83426,1,115,115,0
83427,1,108,108,0
83428,1,97,97,0
83429,1,99,99,0
83430,1,98,98,0
84723,1,89,89,0
84724,1,92,92,0
85364,1,109,109,0
85365,1,114,114,0
85366,1,95,95,0
85367,1,107,107,0
85368,1,102,102,0
85453,1,113,113,0
85454,1,108,108,0
85567,1,105,105,0
85428,1,112,112,0
85843,1,120,120,0
85844,1,119,119,0
85845,1,107,107,0
85846,1,106,106,0
85847,1,107,107,0
85848,1,107,107,0
86071,1,102,102,0
86072,1,112,112,0
86073,1,97,97,0
86074,1,114,114,0
86075,1,105,105,0
86076,1,120,120,0
86194,1,99,99,0
86195,1,104,104,0
86196,1,113,113,0
86377,1,106,106,0
86378,1,120,120,0
86379,1,107,107,0
86380,1,104,104,0
86381,1,128,128,0
86382,1,109,109,0
86239,1,105,105,0
88424,1,96,96,0
88425,1,105,105,0
88426,1,101,101,0
88427,1,116,116,0
88428,1,113,113,0
89005,1,111,111,0
89006,1,106,106,0
89007,1,113,113,0
89008,1,107,107,0
89009,1,119,119,0
89010,1,100,100,0
26785,1,108,108,0
26786,1,108,108,0
26787,1,99,99,0
26788,1,106,106,0
26789,1,100,100,0
26790,1,120,120,0
26886,1,121,121,0
27373,1,106,106,0
27374,1,113,113,0
27375,1,99,99,0
27376,1,109,109,0
27377,1,111,111,0
27378,1,110,110,0
27811,1,99,99,0
27812,1,97,97,0
27813,1,108,108,0
27814,1,113,113,0
27815,1,121,121,0
27816,1,94,94,0
28105,1,105,105,0
28106,1,111,111,0
28107,1,105,105,0
28108,1,102,102,0
28109,1,95,95,0
28110,1,108,108,0
28681,1,102,102,0
28682,1,104,104,0
28683,1,104,104,0
28684,1,111,111,0
28685,1,99,99,0
28686,1,96,96,0
48187,1,90,90,0
48188,1,104,104,0
48189,1,103,103,0
48190,1,122,122,0
48191,1,112,112,0
48192,1,110,110,0
48241,1,111,111,0
48242,1,107,107,0
48243,1,103,103,0
48244,1,121,121,0
48245,1,111,111,0
48246,1,110,110,0
48283,1,126,126,0
48284,1,106,106,0
48285,1,111,111,0
48286,1,100,100,0
48287,1,96,96,0
48288,1,111,111,0
48481,1,106,106,0
48482,1,106,106,0
48483,1,98,98,0
48484,1,119,119,0
48485,1,115,115,0
48486,1,105,105,0
48925,1,115,115,0
48926,1,101,101,0
48927,1,90,90,0
48928,1,104,104,0
48929,1,115,115,0
48930,1,99,99,0
48973,1,106,106,0
48974,1,118,118,0
48975,1,103,103,0
48976,1,112,112,0
48977,1,120,120,0
48978,1,105,105,0
49159,1,101,101,0
49160,1,106,106,0
49161,1,97,97,0
49162,1,103,103,0
49163,1,84,84,0
49164,1,104,104,0
49213,1,116,116,0
49216,1,106,106,0
49217,1,110,110,0
49218,1,110,110,0
36991,1,125,125,0
36996,1,130,130,0
37333,1,107,107,0
37334,1,98,98,0
37335,1,90,90,0
37336,1,111,111,0
37337,1,120,120,0
37338,1,114,114,0
39133,1,126,126,0
39134,1,102,102,0
39135,1,102,102,0
39136,1,89,89,0
39137,1,90,90,0
39138,1,92,92,0
41179,1,105,105,0
41180,1,120,120,0
41181,1,124,124,0
41182,1,112,112,0
41183,1,123,123,0
41184,1,109,109,0
41233,1,115,115,0
41234,1,120,120,0
41235,1,100,100,0
41236,1,107,107,0
41237,1,110,110,0
41238,1,111,111,0
41569,1,103,103,0
41570,1,125,125,0
41571,1,114,114,0
41572,1,115,115,0
41573,1,111,111,0
41574,1,99,99,0
46903,1,101,101,0
46904,1,113,113,0
46905,1,94,94,0
46906,1,104,104,0
46907,1,117,117,0
46908,1,115,115,0
47053,1,104,104,0
47054,1,108,108,0
47055,1,105,105,0
47056,1,128,128,0
47057,1,94,94,0
47058,1,105,105,0
47293,1,108,108,0
47294,1,104,104,0
47295,1,103,103,0
47296,1,103,103,0
47297,1,114,114,0
47298,1,93,93,0
54151,1,120,120,0
54152,1,110,110,0
54153,1,104,104,0
54154,1,103,103,0
54155,1,102,102,0
54156,1,101,101,0
54577,1,108,108,0
54578,1,106,106,0
54579,1,111,111,0
54580,1,122,122,0
54581,1,114,114,0
54582,1,115,115,0
55321,1,107,107,0
55322,1,117,117,0
55323,1,93,93,0
55324,1,112,112,0
55325,1,114,114,0
55326,1,99,99,0
55429,1,110,110,0
55430,1,88,88,0
55431,1,113,113,0
55432,1,125,125,0
55433,1,97,97,0
55434,1,128,128,0
56581,1,117,117,0
56582,1,95,95,0
60160,1,100,100,0
60161,1,101,101,0
60162,1,100,100,0
66571,1,127,127,0
66572,1,112,112,0
66573,1,110,110,0
67339,1,121,121,0
77462,1,102,102,0
77505,1,107,107,0
41323,1,101,101,0
41324,1,99,99,0
41325,1,100,100,0
41326,1,110,110,0
41327,1,95,95,0
41328,1,108,108,0
41575,1,105,105,0
41576,1,105,105,0
41577,1,120,120,0
41578,1,112,112,0
41579,1,105,105,0
41580,1,115,115,0
54139,1,106,106,0
54140,1,124,124,0
54283,1,109,109,0
54284,1,103,103,0
54285,1,109,109,0
54286,1,97,97,0
54287,1,112,112,0
54288,1,106,106,0
54475,1,118,118,0
54476,1,109,109,0
54477,1,100,100,0
54478,1,102,102,0
54479,1,105,105,0
54480,1,92,92,0
55327,1,89,89,0
55328,1,103,103,0
55329,1,102,102,0
55330,1,101,101,0
55331,1,115,115,0
55332,1,118,118,0
58969,1,104,104,0
58970,1,98,98,0
58971,1,96,96,0
58972,1,104,104,0
58973,1,106,106,0
58974,1,122,122,0
59989,1,100,100,0
59990,1,112,112,0
59991,1,119,119,0
59992,1,107,107,0
59993,1,101,101,0
59994,1,98,98,0
61099,1,103,103,0
61100,1,85,85,0
61101,1,113,113,0
61102,1,86,86,0
61103,1,94,94,0
61104,1,119,119,0
61813,1,108,108,0
61814,1,95,95,0
61815,1,121,121,0
61816,1,135,135,0
61817,1,102,102,0
83648,1,101,101,0
83649,1,119,119,0
85569,1,96,96,0
56365,1,117,117,0
56366,1,131,131,0
56367,1,108,108,0
56368,1,116,116,0
56369,1,107,107,0
56370,1,100,100,0
60157,1,122,122,0
60158,1,109,109,0
60159,1,118,118,0
66499,1,101,101,0
66500,1,119,119,0
66501,1,99,99,0
66502,1,103,103,0
66503,1,108,108,0
66504,1,105,105,0
66574,1,98,98,0
66575,1,113,113,0
66576,1,103,103,0
66631,1,111,111,0
66632,1,102,102,0
66633,1,97,97,0
66634,1,100,100,0
66635,1,119,119,0
66636,1,91,91,0
67340,1,105,105,0
67341,1,88,88,0
67342,1,121,121,0
67343,1,117,117,0
67344,1,93,93,0
67963,1,97,97,0
67964,1,109,109,0
67965,1,128,128,0
67966,1,96,96,0
67967,1,108,108,0
67968,1,122,122,0
73489,1,105,105,0
73490,1,116,116,0
73491,1,126,126,0
73492,1,117,117,0
73493,1,92,92,0
73494,1,106,106,0
77119,1,96,96,0
77120,1,95,95,0
77121,1,97,97,0
77122,1,100,100,0
77123,1,107,107,0
77124,1,115,115,0
77461,1,107,107,0
77463,1,109,109,0
77464,1,102,102,0
77465,1,118,118,0
77466,1,118,118,0
77503,1,115,115,0
77504,1,112,112,0
77506,1,112,112,0
77507,1,113,113,0
77508,1,106,106,0
77641,1,105,105,0
77642,1,118,118,0
77643,1,112,112,0
77644,1,107,107,0
77645,1,114,114,0
77646,1,118,118,0
77653,1,104,104,0
77654,1,105,105,0
77655,1,99,99,0
77656,1,105,105,0
77657,1,97,97,0
77658,1,108,108,0
77851,1,114,114,0
77852,1,109,109,0
77856,1,107,107,0
66590,1,103,103,0
66591,1,106,106,0
66595,1,104,104,0
66596,1,88,88,0
66597,1,109,109,0
66598,1,105,105,0
66599,1,103,103,0
66600,1,123,123,0
66859,1,112,112,0
66860,1,115,115,0
66861,1,111,111,0
66862,1,101,101,0
66863,1,98,98,0
66864,1,105,105,0
72439,1,122,122,0
72440,1,113,113,0
72441,1,94,94,0
72442,1,89,89,0
72443,1,112,112,0
72444,1,92,92,0
72739,1,102,102,0
72740,1,108,108,0
72741,1,110,110,0
72742,1,102,102,0
72743,1,101,101,0
72744,1,113,113,0
73051,1,96,96,0
73052,1,113,113,0
73053,1,112,112,0
73054,1,108,108,0
73055,1,102,102,0
73056,1,119,119,0
73237,1,117,117,0
73238,1,110,110,0
73239,1,105,105,0
73240,1,108,108,0
73241,1,125,125,0
73242,1,106,106,0
73777,1,98,98,0
73778,1,106,106,0
73779,1,113,113,0
73780,1,96,96,0
73781,1,98,98,0
73782,1,97,97,0
74041,1,121,121,0
74042,1,103,103,0
74043,1,95,95,0
74044,1,116,116,0
74045,1,101,101,0
74046,1,106,106,0
75511,1,106,106,0
75512,1,100,100,0
75513,1,111,111,0
75516,1,110,110,0
75536,1,109,109,0
75537,1,115,115,0
75538,1,116,116,0
75539,1,98,98,0
75540,1,103,103,0
75625,1,107,107,0
75626,1,92,92,0
75628,1,98,98,0
75629,1,108,108,0
75630,1,116,116,0
75631,1,117,117,0
75632,1,95,95,0
75633,1,103,103,0
75634,1,115,115,0
75635,1,99,99,0
75636,1,115,115,0
75685,1,105,105,0
75686,1,109,109,0
75687,1,92,92,0
75688,1,105,105,0
75689,1,117,117,0
75690,1,109,109,0
75973,1,105,105,0
75974,1,89,89,0
79327,1,113,113,0
79328,1,113,113,0
79329,1,114,114,0
79330,1,114,114,0
79331,1,104,104,0
79332,1,102,102,0
83521,1,99,99,0
83522,1,94,94,0
83523,1,104,104,0
83524,1,99,99,0
83525,1,117,117,0
83526,1,102,102,0
83647,1,89,89,0
83650,1,103,103,0
83651,1,119,119,0
83652,1,110,110,0
83731,1,112,112,0
83732,1,102,102,0
83733,1,111,111,0
83734,1,108,108,0
83735,1,109,109,0
83736,1,116,116,0
84013,1,107,107,0
84014,1,111,111,0
84015,1,92,92,0
84016,1,114,114,0
84017,1,104,104,0
84018,1,112,112,0
84313,1,110,110,0
84314,1,101,101,0
84315,1,105,105,0
84316,1,124,124,0
84317,1,119,119,0
84318,1,108,108,0
84361,1,105,105,0
84362,1,98,98,0
84363,1,122,122,0
84364,1,100,100,0
84365,1,100,100,0
84366,1,90,90,0
84553,1,106,106,0
84554,1,109,109,0
84555,1,101,101,0
84556,1,104,104,0
84557,1,104,104,0
84558,1,108,108,0
84691,1,98,98,0
84692,1,102,102,0
84693,1,119,119,0
84694,1,96,96,0
84695,1,105,105,0
84696,1,83,83,0
85213,1,115,115,0
85214,1,100,100,0
85215,1,109,109,0
85216,1,108,108,0
85217,1,111,111,0
85218,1,99,99,0
85363,1,110,110,0
85455,1,113,113,0
85456,1,99,99,0
85457,1,105,105,0
85458,1,91,91,0
85568,1,114,114,0
85570,1,100,100,0
85571,1,106,106,0
85572,1,105,105,0
85699,1,100,100,0
85700,1,105,105,0
85701,1,119,119,0
85702,1,104,104,0
85703,1,105,105,0
2095,1,93,93,0
2096,1,110,110,0
2097,1,111,111,0
2098,1,109,109,0
2099,1,119,119,0
2100,1,104,104,0
2137,1,117,117,0
2138,1,111,111,0
2139,1,111,111,0
2140,1,113,113,0
2141,1,95,95,0
2142,1,104,104,0
2485,1,107,107,0
2486,1,101,101,0
2487,1,92,92,0
2488,1,102,102,0
2489,1,105,105,0
2490,1,113,113,0
2569,1,99,99,0
2570,1,113,113,0
2571,1,93,93,0
2572,1,108,108,0
2573,1,101,101,0
2574,1,119,119,0
2623,1,107,107,0
2624,1,100,100,0
2625,1,98,98,0
2626,1,113,113,0
2627,1,112,112,0
2628,1,108,108,0
2719,1,107,107,0
2720,1,105,105,0
2721,1,105,105,0
2722,1,111,111,0
2723,1,116,116,0
2724,1,97,97,0
2731,1,117,117,0
2732,1,114,114,0
2733,1,118,118,0
2734,1,93,93,0
2735,1,115,115,0
2736,1,105,105,0
3043,1,104,104,0
3044,1,103,103,0
3045,1,108,108,0
3046,1,100,100,0
3047,1,103,103,0
3048,1,107,107,0
3091,1,117,117,0
3092,1,97,97,0
3093,1,112,112,0
3094,1,107,107,0
3095,1,117,117,0
3096,1,103,103,0
3265,1,111,111,0
3266,1,113,113,0
3267,1,110,110,0
3268,1,91,91,0
3269,1,93,93,0
3270,1,102,102,0
3301,1,101,101,0
3302,1,114,114,0
3303,1,115,115,0
3304,1,99,99,0
3305,1,125,125,0
3306,1,116,116,0
3805,1,101,101,0
3806,1,104,104,0
3807,1,97,97,0
3808,1,130,130,0
3809,1,98,98,0
3810,1,108,108,0
4093,1,104,104,0
4094,1,103,103,0
4095,1,119,119,0
4096,1,108,108,0
4097,1,114,114,0
4098,1,100,100,0
5143,1,123,123,0
5144,1,104,104,0
5145,1,108,108,0
5146,1,120,120,0
68480,1,109,109,0
68481,1,111,111,0
68482,1,110,110,0
68483,1,110,110,0
2131,1,107,107,0
2132,1,101,101,0
2133,1,122,122,0
2134,1,113,113,0
2135,1,107,107,0
2136,1,111,111,0
2401,1,108,108,0
2402,1,111,111,0
2403,1,105,105,0
2404,1,116,116,0
2405,1,102,102,0
2406,1,109,109,0
2431,1,101,101,0
2432,1,101,101,0
2433,1,107,107,0
2434,1,112,112,0
2435,1,88,88,0
2436,1,94,94,0
2449,1,108,108,0
2450,1,98,98,0
2451,1,110,110,0
2452,1,126,126,0
2453,1,100,100,0
2454,1,112,112,0
2677,1,99,99,0
2678,1,104,104,0
2679,1,112,112,0
2680,1,113,113,0
2681,1,107,107,0
2682,1,103,103,0
2749,1,109,109,0
2750,1,123,123,0
2751,1,124,124,0
2752,1,108,108,0
2753,1,117,117,0
2754,1,96,96,0
2773,1,108,108,0
2774,1,113,113,0
2775,1,99,99,0
2776,1,99,99,0
2777,1,108,108,0
2778,1,111,111,0
2983,1,118,118,0
2984,1,112,112,0
2985,1,102,102,0
2986,1,110,110,0
2987,1,102,102,0
2988,1,112,112,0
3391,1,103,103,0
3392,1,104,104,0
3393,1,97,97,0
3394,1,96,96,0
3395,1,112,112,0
3396,1,91,91,0
3541,1,101,101,0
3542,1,93,93,0
3543,1,122,122,0
3544,1,86,86,0
3545,1,121,121,0
3546,1,112,112,0
3619,1,103,103,0
3620,1,107,107,0
3621,1,110,110,0
3622,1,116,116,0
3623,1,126,126,0
3624,1,104,104,0
3727,1,92,92,0
3728,1,116,116,0
3729,1,104,104,0
3730,1,118,118,0
3731,1,105,105,0
3732,1,91,91,0
3829,1,118,118,0
3830,1,100,100,0
3831,1,116,116,0
3832,1,90,90,0
3833,1,82,82,0
3834,1,109,109,0
3847,1,93,93,0
3848,1,108,108,0
3849,1,104,104,0
3850,1,103,103,0
3851,1,115,115,0
27136,1,95,95,0
27137,1,89,89,0
27138,1,116,116,0
37177,1,104,104,0
37178,1,96,96,0
37179,1,101,101,0
37180,1,97,97,0
37181,1,105,105,0
40465,1,103,103,0
40466,1,98,98,0
40467,1,113,113,0
40468,1,113,113,0
40469,1,102,102,0
40470,1,96,96,0
41479,1,114,114,0
41480,1,103,103,0
41481,1,109,109,0
41482,1,104,104,0
41483,1,104,104,0
41484,1,115,115,0
41521,1,109,109,0
41522,1,108,108,0
41523,1,115,115,0
41524,1,108,108,0
41525,1,111,111,0
41526,1,100,100,0
54001,1,100,100,0
54002,1,99,99,0
54003,1,115,115,0
54004,1,105,105,0
54005,1,108,108,0
54006,1,117,117,0
54379,1,125,125,0
54380,1,122,122,0
54381,1,102,102,0
54382,1,99,99,0
54383,1,120,120,0
54384,1,112,112,0
54427,1,104,104,0
54428,1,107,107,0
54429,1,106,106,0
54430,1,120,120,0
54431,1,101,101,0
54432,1,112,112,0
54493,1,109,109,0
54496,1,93,93,0
54497,1,107,107,0
54498,1,113,113,0
54337,1,110,110,0
54535,1,97,97,0
54536,1,110,110,0
55443,1,124,124,0
36985,1,100,100,0
36986,1,104,104,0
36987,1,128,128,0
36988,1,113,113,0
36989,1,102,102,0
36990,1,111,111,0
37285,1,91,91,0
37286,1,123,123,0
37287,1,120,120,0
37288,1,100,100,0
37289,1,106,106,0
37290,1,105,105,0
37297,1,105,105,0
37298,1,112,112,0
37299,1,104,104,0
37300,1,118,118,0
37301,1,106,106,0
37302,1,94,94,0
39073,1,111,111,0
39074,1,102,102,0
39075,1,112,112,0
39076,1,110,110,0
39077,1,108,108,0
39078,1,98,98,0
39229,1,94,94,0
39230,1,113,113,0
39231,1,104,104,0
39232,1,104,104,0
39233,1,105,105,0
39234,1,117,117,0
39391,1,116,116,0
39392,1,117,117,0
39393,1,119,119,0
39394,1,108,108,0
39395,1,118,118,0
39396,1,121,121,0
47341,1,102,102,0
47342,1,104,104,0
47343,1,117,117,0
47344,1,115,115,0
47345,1,128,128,0
47346,1,109,109,0
47395,1,113,113,0
47396,1,98,98,0
47397,1,112,112,0
47398,1,117,117,0
47399,1,101,101,0
47400,1,94,94,0
54049,1,105,105,0
54050,1,98,98,0
54051,1,129,129,0
54052,1,113,113,0
54053,1,103,103,0
54054,1,101,101,0
54241,1,108,108,0
54242,1,107,107,0
54243,1,111,111,0
54244,1,113,113,0
54245,1,122,122,0
54246,1,114,114,0
54343,1,118,118,0
54344,1,124,124,0
54345,1,101,101,0
54346,1,99,99,0
54347,1,107,107,0
54348,1,103,103,0
54439,1,100,100,0
54440,1,121,121,0
54441,1,117,117,0
54442,1,116,116,0
54443,1,115,115,0
54444,1,115,115,0
54589,1,102,102,0
54590,1,107,107,0
54591,1,105,105,0
54592,1,106,106,0
54593,1,99,99,0
54594,1,103,103,0
55243,1,111,111,0
55244,1,102,102,0
55245,1,97,97,0
36992,1,102,102,0
36993,1,121,121,0
36994,1,105,105,0
36995,1,110,110,0
66535,1,95,95,0
66536,1,99,99,0
66537,1,118,118,0
66538,1,111,111,0
66539,1,104,104,0
66540,1,104,104,0
67447,1,102,102,0
67448,1,114,114,0
67449,1,112,112,0
67450,1,90,90,0
67451,1,98,98,0
67452,1,127,127,0
71779,1,115,115,0
71780,1,116,116,0
71781,1,109,109,0
71782,1,118,118,0
71783,1,115,115,0
71784,1,97,97,0
71827,1,103,103,0
71828,1,116,116,0
71829,1,104,104,0
71830,1,91,91,0
71831,1,101,101,0
71832,1,110,110,0
71845,1,112,112,0
71846,1,104,104,0
71847,1,115,115,0
71848,1,107,107,0
71849,1,100,100,0
71850,1,104,104,0
77017,1,103,103,0
77018,1,105,105,0
77019,1,125,125,0
77020,1,111,111,0
77021,1,110,110,0
77022,1,111,111,0
82297,1,127,127,0
82298,1,115,115,0
82299,1,114,114,0
82300,1,108,108,0
82301,1,97,97,0
82302,1,119,119,0
82339,1,91,91,0
82340,1,109,109,0
82341,1,101,101,0
82342,1,118,118,0
82343,1,109,109,0
82344,1,90,90,0
82537,1,100,100,0
82538,1,98,98,0
82539,1,103,103,0
82540,1,100,100,0
82541,1,112,112,0
82542,1,103,103,0
84109,1,121,121,0
84110,1,96,96,0
84111,1,111,111,0
84112,1,111,111,0
84113,1,114,114,0
84114,1,114,114,0
84589,1,102,102,0
84590,1,116,116,0
84591,1,113,113,0
84592,1,124,124,0
84593,1,113,113,0
84594,1,119,119,0
84871,1,105,105,0
84872,1,102,102,0
84873,1,100,100,0
84874,1,99,99,0
84875,1,100,100,0
84876,1,113,113,0
84877,1,112,112,0
84878,1,96,96,0
84879,1,101,101,0
84880,1,109,109,0
84881,1,90,90,0
84882,1,102,102,0
85015,1,114,114,0
85016,1,103,103,0
85017,1,123,123,0
85018,1,92,92,0
75514,1,99,99,0
75515,1,118,118,0
75535,1,113,113,0
75627,1,109,109,0
79033,1,106,106,0
79034,1,96,96,0
79035,1,104,104,0
79036,1,102,102,0
79037,1,101,101,0
79038,1,108,108,0
83023,1,108,108,0
83024,1,105,105,0
83025,1,109,109,0
83026,1,116,116,0
83027,1,115,115,0
83028,1,122,122,0
83527,1,87,87,0
83528,1,104,104,0
83529,1,100,100,0
83530,1,110,110,0
83531,1,104,104,0
83532,1,118,118,0
83629,1,105,105,0
83630,1,103,103,0
83631,1,102,102,0
83632,1,114,114,0
83633,1,98,98,0
83634,1,109,109,0
83665,1,113,113,0
84061,1,94,94,0
84062,1,107,107,0
84063,1,116,116,0
84064,1,99,99,0
84065,1,114,114,0
84066,1,100,100,0
84163,1,119,119,0
84164,1,114,114,0
84165,1,111,111,0
84166,1,112,112,0
84167,1,108,108,0
84168,1,97,97,0
85711,1,109,109,0
85712,1,99,99,0
86203,1,113,113,0
86204,1,89,89,0
86205,1,106,106,0
86206,1,125,125,0
86207,1,115,115,0
86208,1,113,113,0
86191,1,102,102,0
86192,1,108,108,0
86193,1,103,103,0
37182,1,92,92,0
41713,1,110,110,0
41714,1,120,120,0
41715,1,107,107,0
41716,1,107,107,0
41717,1,103,103,0
41718,1,106,106,0
41803,1,109,109,0
41804,1,114,114,0
41805,1,96,96,0
41806,1,100,100,0
41807,1,103,103,0
41808,1,106,106,0
41917,1,117,117,0
41918,1,97,97,0
41919,1,104,104,0
41920,1,92,92,0
41921,1,112,112,0
41922,1,105,105,0
41953,1,106,106,0
41954,1,109,109,0
41955,1,115,115,0
41956,1,124,124,0
41957,1,96,96,0
41958,1,117,117,0
47491,1,114,114,0
47492,1,102,102,0
47493,1,104,104,0
47494,1,105,105,0
47495,1,97,97,0
47496,1,110,110,0
54091,1,101,101,0
54092,1,104,104,0
54093,1,130,130,0
54094,1,129,129,0
54095,1,89,89,0
54096,1,111,111,0
41531,1,108,108,0
41532,1,108,108,0
46957,1,116,116,0
46958,1,103,103,0
46959,1,115,115,0
46960,1,112,112,0
46961,1,113,113,0
46962,1,111,111,0
55273,1,121,121,0
55274,1,118,118,0
55275,1,108,108,0
55276,1,104,104,0
55282,1,97,97,0
55283,1,100,100,0
55284,1,95,95,0
55445,1,109,109,0
55525,1,107,107,0
55526,1,110,110,0
55527,1,122,122,0
55528,1,103,103,0
55529,1,119,119,0
55530,1,112,112,0
59632,1,98,98,0
59633,1,100,100,0
61153,1,118,118,0
61155,1,118,118,0
61156,1,97,97,0
61157,1,104,104,0
61158,1,116,116,0
61863,1,113,113,0
79819,1,100,100,0
79820,1,106,106,0
79821,1,97,97,0
79822,1,97,97,0
79823,1,92,92,0
79824,1,119,119,0
82783,1,86,86,0
82784,1,110,110,0
82785,1,89,89,0
82786,1,119,119,0
82787,1,103,103,0
82788,1,110,110,0
83666,1,120,120,0
83667,1,106,106,0
83668,1,110,110,0
83669,1,93,93,0
83670,1,112,112,0
83773,1,114,114,0
83774,1,98,98,0
83775,1,115,115,0
83776,1,115,115,0
83777,1,93,93,0
83778,1,110,110,0
84331,1,100,100,0
84332,1,95,95,0
84333,1,111,111,0
84334,1,109,109,0
84335,1,104,104,0
84336,1,113,113,0
85713,1,116,116,0
85714,1,99,99,0
85715,1,109,109,0
85716,1,106,106,0
86240,1,105,105,0
86241,1,103,103,0
86242,1,116,116,0
86243,1,114,114,0
86244,1,103,103,0
85084,1,105,105,0
85085,1,101,101,0
85086,1,101,101,0
87881,1,120,120,0
87882,1,100,100,0
86033,1,107,107,0
86034,1,124,124,0
87937,1,116,116,0
87938,1,112,112,0
87939,1,102,102,0
87940,1,100,100,0
87941,1,107,107,0
87942,1,104,104,0
2713,1,98,98,0
2714,1,122,122,0
2715,1,117,117,0
2716,1,106,106,0
2717,1,103,103,0
2718,1,119,119,0
3175,1,116,116,0
3176,1,117,117,0
3177,1,88,88,0
3178,1,116,116,0
3179,1,106,106,0
3180,1,98,98,0
3181,1,108,108,0
3182,1,107,107,0
3183,1,123,123,0
3184,1,115,115,0
3185,1,100,100,0
3186,1,102,102,0
26833,1,97,97,0
26834,1,101,101,0
26835,1,100,100,0
26836,1,123,123,0
26837,1,100,100,0
26838,1,108,108,0
26929,1,106,106,0
26930,1,100,100,0
26931,1,114,114,0
26932,1,108,108,0
26933,1,106,106,0
26934,1,96,96,0
27031,1,105,105,0
27032,1,117,117,0
27033,1,105,105,0
27034,1,103,103,0
27035,1,116,116,0
27036,1,112,112,0
27367,1,105,105,0
27368,1,101,101,0
27369,1,104,104,0
27370,1,123,123,0
27371,1,123,123,0
27372,1,108,108,0
48097,1,123,123,0
48098,1,115,115,0
48099,1,107,107,0
48100,1,99,99,0
48101,1,112,112,0
48102,1,115,115,0
48193,1,107,107,0
48194,1,109,109,0
48195,1,109,109,0
48196,1,95,95,0
48197,1,109,109,0
48198,1,109,109,0
48487,1,100,100,0
48488,1,112,112,0
48489,1,104,104,0
48490,1,112,112,0
48491,1,106,106,0
48492,1,119,119,0
48631,1,89,89,0
48632,1,103,103,0
48633,1,128,128,0
48634,1,107,107,0
48635,1,108,108,0
48636,1,117,117,0
48673,1,118,118,0
48674,1,108,108,0
48675,1,108,108,0
48676,1,91,91,0
48677,1,108,108,0
48678,1,109,109,0
48823,1,103,103,0
48824,1,97,97,0
48825,1,106,106,0
48826,1,94,94,0
48827,1,110,110,0
48828,1,121,121,0
49165,1,109,109,0
49166,1,86,86,0
49167,1,99,99,0
26881,1,118,118,0
26882,1,107,107,0
26883,1,106,106,0
26884,1,96,96,0
26885,1,103,103,0
3205,1,109,109,0
3206,1,106,106,0
3207,1,106,106,0
3208,1,105,105,0
3209,1,97,97,0
3210,1,109,109,0
26983,1,120,120,0
26984,1,110,110,0
26985,1,112,112,0
26986,1,102,102,0
26987,1,114,114,0
26988,1,116,116,0
27025,1,94,94,0
27026,1,114,114,0
27027,1,106,106,0
27028,1,112,112,0
27029,1,102,102,0
27030,1,121,121,0
27073,1,101,101,0
27074,1,120,120,0
27075,1,113,113,0
27076,1,98,98,0
27077,1,117,117,0
27078,1,101,101,0
27181,1,95,95,0
27182,1,111,111,0
27183,1,110,110,0
27184,1,98,98,0
27185,1,104,104,0
27186,1,106,106,0
47005,1,101,101,0
47006,1,112,112,0
47007,1,85,85,0
47008,1,100,100,0
47009,1,98,98,0
47010,1,119,119,0
47521,1,126,126,0
47522,1,108,108,0
47523,1,120,120,0
47524,1,98,98,0
47525,1,110,110,0
47526,1,102,102,0
48331,1,110,110,0
48332,1,115,115,0
48333,1,108,108,0
48334,1,108,108,0
48335,1,104,104,0
48336,1,120,120,0
48337,1,106,106,0
48338,1,102,102,0
48339,1,114,114,0
48340,1,112,112,0
48341,1,111,111,0
48342,1,119,119,0
48679,1,109,109,0
48680,1,99,99,0
48681,1,85,85,0
48682,1,100,100,0
48683,1,119,119,0
48684,1,106,106,0
48721,1,97,97,0
48722,1,114,114,0
48723,1,107,107,0
48724,1,103,103,0
48725,1,119,119,0
48726,1,119,119,0
49069,1,108,108,0
49070,1,114,114,0
49071,1,109,109,0
49072,1,99,99,0
49073,1,97,97,0
49074,1,103,103,0
49117,1,109,109,0
49118,1,109,109,0
49119,1,108,108,0
49120,1,106,106,0
49121,1,103,103,0
49122,1,103,103,0
49207,1,114,114,0
49208,1,103,103,0
49209,1,122,122,0
49210,1,120,120,0
61957,1,117,117,0
61958,1,100,100,0
61959,1,106,106,0
61960,1,105,105,0
37291,1,104,104,0
37292,1,121,121,0
37293,1,104,104,0
37294,1,110,110,0
37295,1,95,95,0
37296,1,110,110,0
40123,1,122,122,0
40124,1,101,101,0
40125,1,119,119,0
40126,1,116,116,0
40127,1,90,90,0
40128,1,103,103,0
40129,1,105,105,0
40130,1,92,92,0
40131,1,103,103,0
40132,1,89,89,0
40133,1,100,100,0
40134,1,112,112,0
41527,1,111,111,0
41528,1,107,107,0
41529,1,119,119,0
41530,1,113,113,0
54338,1,106,106,0
54339,1,110,110,0
54340,1,107,107,0
54341,1,121,121,0
54342,1,113,113,0
54537,1,104,104,0
54538,1,106,106,0
54539,1,116,116,0
54540,1,92,92,0
55277,1,110,110,0
55278,1,98,98,0
55279,1,107,107,0
55280,1,95,95,0
55281,1,113,113,0
55441,1,116,116,0
55442,1,103,103,0
55444,1,105,105,0
55446,1,124,124,0
59629,1,99,99,0
59630,1,103,103,0
59631,1,109,109,0
59634,1,123,123,0
61154,1,112,112,0
61861,1,113,113,0
61862,1,116,116,0
54622,1,108,108,0
54623,1,95,95,0
55237,1,112,112,0
55238,1,117,117,0
55239,1,106,106,0
55240,1,107,107,0
55241,1,103,103,0
55242,1,108,108,0
55333,1,106,106,0
55334,1,102,102,0
55335,1,114,114,0
55336,1,112,112,0
55337,1,122,122,0
55338,1,117,117,0
55483,1,105,105,0
55484,1,93,93,0
55485,1,101,101,0
55486,1,117,117,0
55487,1,105,105,0
55488,1,106,106,0
56179,1,117,117,0
56180,1,108,108,0
56181,1,122,122,0
56182,1,102,102,0
56183,1,114,114,0
56184,1,106,106,0
57799,1,107,107,0
57800,1,79,79,0
57801,1,120,120,0
57802,1,102,102,0
57803,1,123,123,0
57804,1,92,92,0
58159,1,105,105,0
58160,1,110,110,0
58161,1,105,105,0
58162,1,94,94,0
58163,1,108,108,0
58164,1,126,126,0
61657,1,101,101,0
61658,1,103,103,0
61659,1,106,106,0
61660,1,104,104,0
61661,1,109,109,0
61662,1,117,117,0
61961,1,92,92,0
61962,1,118,118,0
62053,1,108,108,0
62054,1,115,115,0
62055,1,106,106,0
62056,1,111,111,0
62057,1,106,106,0
62058,1,100,100,0
64849,1,101,101,0
64850,1,91,91,0
64851,1,114,114,0
64852,1,104,104,0
64853,1,103,103,0
64854,1,101,101,0
75679,1,119,119,0
75680,1,113,113,0
75681,1,106,106,0
75682,1,109,109,0
75683,1,108,108,0
75684,1,121,121,0
75733,1,96,96,0
75734,1,105,105,0
75735,1,120,120,0
75736,1,104,104,0
75737,1,118,118,0
75738,1,104,104,0
66523,1,98,98,0
66524,1,107,107,0
66525,1,113,113,0
66526,1,98,98,0
66527,1,107,107,0
66528,1,104,104,0
67591,1,107,107,0
67592,1,127,127,0
67593,1,98,98,0
67594,1,85,85,0
67595,1,110,110,0
67596,1,112,112,0
67705,1,105,105,0
67706,1,104,104,0
67707,1,108,108,0
67708,1,109,109,0
67709,1,89,89,0
67710,1,107,107,0
70669,1,119,119,0
70670,1,123,123,0
70671,1,112,112,0
70672,1,106,106,0
70673,1,107,107,0
70674,1,98,98,0
79465,1,108,108,0
79466,1,111,111,0
79467,1,106,106,0
79468,1,110,110,0
79469,1,101,101,0
79470,1,110,110,0
82435,1,118,118,0
82436,1,107,107,0
82437,1,105,105,0
82438,1,108,108,0
82439,1,92,92,0
82440,1,111,111,0
82591,1,117,117,0
82592,1,97,97,0
82593,1,117,117,0
82594,1,111,111,0
82595,1,98,98,0
82596,1,118,118,0
82831,1,116,116,0
82832,1,113,113,0
82833,1,112,112,0
82834,1,107,107,0
82835,1,107,107,0
82836,1,107,107,0
83029,1,107,107,0
83030,1,110,110,0
83031,1,99,99,0
83032,1,117,117,0
83033,1,110,110,0
83034,1,99,99,0
83077,1,101,101,0
83078,1,116,116,0
83079,1,105,105,0
83080,1,105,105,0
83081,1,103,103,0
83082,1,109,109,0
83317,1,98,98,0
83318,1,108,108,0
83319,1,96,96,0
83320,1,117,117,0
83321,1,107,107,0
83322,1,118,118,0
84643,1,108,108,0
84644,1,110,110,0
84645,1,118,118,0
84646,1,110,110,0
84647,1,100,100,0
84648,1,117,117,0
84829,1,108,108,0
84830,1,111,111,0
84831,1,104,104,0
84832,1,108,108,0
84833,1,98,98,0
84834,1,112,112,0
84835,1,103,103,0
84836,1,102,102,0
84837,1,104,104,0
84838,1,81,81,0
87877,1,108,108,0
87878,1,113,113,0
87879,1,105,105,0
87880,1,106,106,0
80299,1,115,115,0
80300,1,96,96,0
80301,1,120,120,0
80302,1,120,120,0
80303,1,103,103,0
80304,1,107,107,0
80491,1,116,116,0
80492,1,121,121,0
80493,1,110,110,0
80494,1,108,108,0
80495,1,118,118,0
80545,1,107,107,0
80546,1,127,127,0
80547,1,119,119,0
80548,1,111,111,0
80549,1,110,110,0
80550,1,108,108,0
81127,1,101,101,0
81128,1,109,109,0
81129,1,116,116,0
81130,1,111,111,0
81373,1,101,101,0
81374,1,105,105,0
81375,1,107,107,0
81376,1,97,97,0
81377,1,111,111,0
81378,1,98,98,0
81613,1,105,105,0
81614,1,129,129,0
81615,1,107,107,0
81616,1,118,118,0
81617,1,111,111,0
81618,1,108,108,0
81811,1,109,109,0
81812,1,96,96,0
81813,1,106,106,0
81814,1,111,111,0
81815,1,115,115,0
81816,1,106,106,0
81853,1,115,115,0
81854,1,109,109,0
81855,1,110,110,0
81856,1,97,97,0
81857,1,107,107,0
81858,1,111,111,0
81901,1,112,112,0
81902,1,119,119,0
81903,1,99,99,0
81904,1,99,99,0
81949,1,113,113,0
81950,1,107,107,0
81951,1,100,100,0
81952,1,106,106,0
81953,1,122,122,0
81954,1,108,108,0
84661,1,96,96,0
84662,1,110,110,0
84663,1,106,106,0
84664,1,94,94,0
84665,1,108,108,0
84666,1,111,111,0
85081,1,96,96,0
85082,1,107,107,0
85083,1,116,116,0
80496,1,128,128,0
81905,1,94,94,0
81906,1,98,98,0
82291,1,87,87,0
82292,1,92,92,0
82293,1,112,112,0
82294,1,102,102,0
82295,1,91,91,0
82296,1,112,112,0
