30133,1,193,193,0
30134,1,213,213,0
30135,1,194,194,0
31042,1,200,200,0
31043,1,214,214,0
31044,1,189,189,0
140744,1,190,190,0
140745,1,184,184,0
32106,1,197,197,0
32227,1,204,204,0
32228,1,175,175,0
32229,1,191,191,0
32506,1,194,194,0
32507,1,217,217,0
32508,1,188,188,0
139336,1,204,204,0
30169,1,208,208,0
30170,1,200,200,0
30171,1,209,209,0
32818,1,198,198,0
32819,1,200,200,0
32820,1,214,214,0
138985,1,196,196,0
138986,1,211,211,0
30337,1,198,198,0
30338,1,194,194,0
30339,1,206,206,0
30493,1,211,211,0
30494,1,230,230,0
30495,1,185,185,0
30848,1,187,187,0
30849,1,208,208,0
30786,1,189,189,0
140176,1,205,205,0
140177,1,186,186,0
140178,1,189,189,0
138143,1,180,180,0
139511,1,182,182,0
139768,1,196,196,0
139769,1,188,188,0
32314,1,207,207,0
32315,1,193,193,0
32316,1,222,222,0
32350,1,200,200,0
32351,1,217,217,0
32352,1,178,178,0
139393,1,201,201,0
139394,1,197,197,0
30235,1,201,201,0
30236,1,210,210,0
30237,1,191,191,0
30436,1,179,179,0
30437,1,194,194,0
30438,1,209,209,0
30547,1,170,170,0
30548,1,205,205,0
31135,1,194,194,0
31136,1,202,202,0
31137,1,195,195,0
32512,1,193,193,0
32513,1,203,203,0
32514,1,185,185,0
139390,1,196,196,0
139392,1,201,201,0
31708,1,196,196,0
31709,1,180,180,0
31710,1,209,209,0
32326,1,177,177,0
32327,1,176,176,0
32328,1,206,206,0
138157,1,202,202,0
138158,1,213,213,0
32799,1,239,239,0
32847,1,218,218,0
139375,1,176,176,0
139376,1,192,192,0
139377,1,183,183,0
32853,1,212,212,0
138159,1,192,192,0
139391,1,217,217,0
140211,1,210,210,0
140389,1,223,223,0
140390,1,185,185,0
140391,1,199,199,0
30385,1,200,200,0
30386,1,224,224,0
30387,1,202,202,0
30634,1,205,205,0
30635,1,192,192,0
30636,1,190,190,0
31208,1,191,191,0
31209,1,205,205,0
30709,1,200,200,0
30710,1,193,193,0
30711,1,182,182,0
138274,1,195,195,0
138275,1,189,189,0
138276,1,193,193,0
140290,1,200,200,0
140291,1,202,202,0
32292,1,217,217,0
139279,1,186,186,0
139280,1,181,181,0
139281,1,194,194,0
32299,1,230,230,0
32300,1,206,206,0
32301,1,201,201,0
32329,1,185,185,0
32330,1,207,207,0
32331,1,183,183,0
32360,1,216,216,0
32361,1,176,176,0
32584,1,186,186,0
32585,1,224,224,0
32586,1,204,204,0
138616,1,211,211,0
138617,1,167,167,0
138618,1,206,206,0
138904,1,197,197,0
138905,1,186,186,0
140052,1,178,178,0
30460,1,179,179,0
30461,1,204,204,0
30462,1,220,220,0
30592,1,173,173,0
30593,1,210,210,0
30594,1,185,185,0
30982,1,199,199,0
30984,1,171,171,0
30466,1,194,194,0
30467,1,207,207,0
30468,1,210,210,0
30688,1,231,231,0
30689,1,198,198,0
30690,1,216,216,0
31507,1,211,211,0
31508,1,209,209,0
30859,1,207,207,0
30860,1,207,207,0
30861,1,216,216,0
138787,1,187,187,0
138788,1,221,221,0
138789,1,194,194,0
140305,1,224,224,0
138987,1,223,223,0
140014,1,185,185,0
140015,1,188,188,0
140016,1,181,181,0
140509,1,197,197,0
140510,1,188,188,0
140511,1,213,213,0
139022,1,205,205,0
139023,1,223,223,0
139027,1,199,199,0
139028,1,198,198,0
139029,1,198,198,0
139177,1,210,210,0
139178,1,187,187,0
139179,1,199,199,0
140306,1,237,237,0
30549,1,179,179,0
30623,1,226,226,0
31363,1,189,189,0
31364,1,193,193,0
31365,1,188,188,0
30847,1,196,196,0
140292,1,213,213,0
140743,1,232,232,0
30983,1,192,192,0
31402,1,183,183,0
31403,1,170,170,0
31404,1,175,175,0
139999,1,211,211,0
140000,1,228,228,0
140001,1,189,189,0
31389,1,208,208,0
31207,1,191,191,0
31509,1,205,205,0
32458,1,193,193,0
32459,1,215,215,0
32460,1,198,198,0
138061,1,217,217,0
138062,1,198,198,0
138144,1,191,191,0
32403,1,170,170,0
140332,1,223,223,0
140333,1,227,227,0
140334,1,178,178,0
138063,1,206,206,0
138142,1,186,186,0
139836,1,204,204,0
140029,1,202,202,0
140030,1,197,197,0
140031,1,181,181,0
140526,1,188,188,0
139395,1,183,183,0
139531,1,180,180,0
139532,1,196,196,0
139533,1,212,212,0
139843,1,203,203,0
139844,1,188,188,0
139845,1,213,213,0
139894,1,203,203,0
139896,1,188,188,0
140151,1,186,186,0
140374,1,215,215,0
140375,1,191,191,0
54643,1,173,173,0
54644,1,203,203,0
54645,1,199,199,0
55093,1,207,207,0
55094,1,188,188,0
55095,1,208,208,0
56068,1,197,197,0
56069,1,219,219,0
54799,1,224,224,0
56554,1,195,195,0
56555,1,187,187,0
56556,1,210,210,0
87367,1,194,194,0
87368,1,223,223,0
87369,1,172,172,0
90768,1,224,224,0
55915,1,200,200,0
55916,1,194,194,0
55917,1,197,197,0
55984,1,194,194,0
55985,1,199,199,0
55986,1,207,207,0
56128,1,198,198,0
56129,1,188,188,0
65532,1,195,195,0
65755,1,197,197,0
65756,1,189,189,0
65757,1,200,200,0
65980,1,171,171,0
65981,1,211,211,0
65982,1,212,212,0
87226,1,210,210,0
90193,1,210,210,0
90194,1,176,176,0
90195,1,187,187,0
90280,1,189,189,0
90281,1,192,192,0
90282,1,198,198,0
90632,1,203,203,0
90633,1,200,200,0
56466,1,220,220,0
56524,1,199,199,0
56525,1,212,212,0
56526,1,193,193,0
56626,1,219,219,0
56627,1,220,220,0
56628,1,196,196,0
63085,1,206,206,0
87079,1,191,191,0
87080,1,219,219,0
87081,1,226,226,0
87234,1,231,231,0
87982,1,200,200,0
87984,1,191,191,0
89290,1,182,182,0
89291,1,188,188,0
91783,1,191,191,0
91784,1,201,201,0
91785,1,199,199,0
222985,1,192,192,0
222986,1,193,193,0
222987,1,200,200,0
223699,1,224,224,0
223700,1,221,221,0
92955,1,183,183,0
92956,1,190,190,0
92957,1,201,201,0
92958,1,196,196,0
92959,1,203,203,0
92960,1,187,187,0
92961,1,189,189,0
92992,1,193,193,0
56824,1,222,222,0
56825,1,197,197,0
56826,1,179,179,0
63682,1,205,205,0
63683,1,211,211,0
63684,1,222,222,0
63802,1,203,203,0
63803,1,221,221,0
63106,1,205,205,0
63107,1,201,201,0
63108,1,211,211,0
63136,1,193,193,0
63137,1,197,197,0
63138,1,193,193,0
65464,1,202,202,0
65465,1,186,186,0
88330,1,195,195,0
88331,1,207,207,0
88332,1,213,213,0
89281,1,213,213,0
89282,1,189,189,0
89283,1,219,219,0
89452,1,188,188,0
89453,1,193,193,0
92006,1,166,166,0
92007,1,195,195,0
92050,1,185,185,0
92051,1,217,217,0
92052,1,217,217,0
92053,1,200,200,0
92054,1,182,182,0
92055,1,219,219,0
224314,1,207,207,0
224315,1,200,200,0
224316,1,174,174,0
224489,1,166,166,0
224490,1,213,213,0
224524,1,193,193,0
224525,1,182,182,0
30820,1,180,180,0
30821,1,179,179,0
30822,1,231,231,0
138643,1,188,188,0
138644,1,178,178,0
138645,1,214,214,0
138944,1,195,195,0
138945,1,184,184,0
32563,1,218,218,0
32564,1,205,205,0
32565,1,193,193,0
139096,1,193,193,0
139097,1,196,196,0
139098,1,175,175,0
139285,1,196,196,0
139286,1,184,184,0
32982,1,194,194,0
138415,1,209,209,0
138416,1,190,190,0
138417,1,174,174,0
138607,1,205,205,0
138608,1,204,204,0
138609,1,181,181,0
138656,1,169,169,0
138174,1,220,220,0
138463,1,173,173,0
138464,1,177,177,0
138465,1,197,197,0
138619,1,182,182,0
138620,1,199,199,0
138621,1,184,184,0
140065,1,218,218,0
139231,1,221,221,0
139232,1,209,209,0
139233,1,202,202,0
140434,1,216,216,0
140435,1,193,193,0
140436,1,218,218,0
139528,1,202,202,0
139529,1,191,191,0
31198,1,196,196,0
31199,1,199,199,0
31200,1,195,195,0
138493,1,182,182,0
138494,1,219,219,0
138495,1,226,226,0
139144,1,208,208,0
139145,1,194,194,0
31201,1,205,205,0
31202,1,206,206,0
31203,1,193,193,0
139471,1,196,196,0
139472,1,204,204,0
139473,1,215,215,0
32674,1,170,170,0
32675,1,174,174,0
31324,1,186,186,0
31325,1,216,216,0
31326,1,212,212,0
139351,1,200,200,0
139352,1,207,207,0
139353,1,210,210,0
139417,1,175,175,0
139418,1,197,197,0
31909,1,164,164,0
31910,1,209,209,0
31911,1,195,195,0
31915,1,229,229,0
31916,1,192,192,0
31917,1,207,207,0
32944,1,196,196,0
32945,1,207,207,0
31975,1,189,189,0
31976,1,169,169,0
31977,1,183,183,0
32272,1,233,233,0
32273,1,179,179,0
32274,1,189,189,0
138104,1,199,199,0
138105,1,197,197,0
32206,1,221,221,0
32207,1,215,215,0
32208,1,223,223,0
32676,1,179,179,0
138022,1,216,216,0
138024,1,192,192,0
32302,1,204,204,0
32303,1,186,186,0
32304,1,183,183,0
32725,1,197,197,0
32726,1,196,196,0
32727,1,190,190,0
32929,1,211,211,0
32930,1,217,217,0
32421,1,208,208,0
138037,1,181,181,0
138038,1,191,191,0
138039,1,223,223,0
138580,1,206,206,0
138581,1,196,196,0
138582,1,185,185,0
139176,1,189,189,0
31218,1,198,198,0
31249,1,190,190,0
31250,1,194,194,0
31251,1,199,199,0
139135,1,198,198,0
139639,1,200,200,0
139640,1,210,210,0
139641,1,190,190,0
139675,1,200,200,0
139676,1,207,207,0
139677,1,206,206,0
139765,1,182,182,0
139458,1,195,195,0
32946,1,195,195,0
138013,1,178,178,0
138014,1,189,189,0
138015,1,177,177,0
55967,1,183,183,0
56083,1,182,182,0
56084,1,192,192,0
56085,1,171,171,0
90610,1,184,184,0
90611,1,205,205,0
90612,1,194,194,0
222984,1,194,194,0
64050,1,209,209,0
64066,1,202,202,0
64067,1,177,177,0
64068,1,213,213,0
89212,1,198,198,0
89213,1,213,213,0
89214,1,215,215,0
91134,1,187,187,0
56431,1,215,215,0
56433,1,169,169,0
64411,1,202,202,0
64412,1,202,202,0
64413,1,222,222,0
64834,1,213,213,0
64835,1,235,235,0
64836,1,200,200,0
65460,1,225,225,0
65611,1,205,205,0
65612,1,197,197,0
65613,1,182,182,0
90946,1,228,228,0
90947,1,171,171,0
90948,1,208,208,0
90737,1,199,199,0
90545,1,191,191,0
90546,1,196,196,0
90736,1,220,220,0
90738,1,193,193,0
92461,1,193,193,0
92462,1,188,188,0
92463,1,208,208,0
91168,1,212,212,0
91059,1,233,233,0
91169,1,210,210,0
91170,1,200,200,0
222157,1,177,177,0
222158,1,184,184,0
222159,1,208,208,0
223168,1,206,206,0
91919,1,215,215,0
92610,1,202,202,0
222031,1,201,201,0
222999,1,190,190,0
223023,1,193,193,0
223260,1,188,188,0
223894,1,213,213,0
223895,1,195,195,0
63222,1,197,197,0
63265,1,205,205,0
63266,1,195,195,0
63267,1,229,229,0
87136,1,172,172,0
87137,1,194,194,0
87138,1,189,189,0
90565,1,196,196,0
63837,1,231,231,0
63972,1,191,191,0
64528,1,191,191,0
65194,1,202,202,0
65195,1,177,177,0
65196,1,190,190,0
65638,1,198,198,0
65640,1,181,181,0
64243,1,191,191,0
64244,1,210,210,0
64245,1,213,213,0
87346,1,191,191,0
87347,1,187,187,0
87348,1,205,205,0
88618,1,192,192,0
88619,1,216,216,0
64529,1,185,185,0
64530,1,188,188,0
87151,1,223,223,0
87442,1,194,194,0
87443,1,205,205,0
87444,1,192,192,0
88051,1,202,202,0
89096,1,188,188,0
64725,1,217,217,0
64995,1,187,187,0
65440,1,174,174,0
65441,1,192,192,0
65442,1,180,180,0
222850,1,175,175,0
222851,1,199,199,0
222852,1,220,220,0
87381,1,204,204,0
88786,1,202,202,0
88787,1,213,213,0
88788,1,180,180,0
90157,1,174,174,0
90158,1,181,181,0
90159,1,205,205,0
90676,1,204,204,0
90241,1,207,207,0
90242,1,211,211,0
90243,1,182,182,0
90247,1,181,181,0
90248,1,196,196,0
90249,1,186,186,0
90274,1,201,201,0
90275,1,187,187,0
90996,1,190,190,0
222077,1,221,221,0
222078,1,217,217,0
222880,1,204,204,0
222881,1,185,185,0
222882,1,193,193,0
224432,1,208,208,0
224433,1,183,183,0
54619,1,176,176,0
54620,1,176,176,0
54621,1,174,174,0
87295,1,216,216,0
87296,1,186,186,0
87297,1,177,177,0
89932,1,192,192,0
89933,1,214,214,0
55007,1,193,193,0
55180,1,189,189,0
55181,1,234,234,0
55182,1,217,217,0
55279,1,180,180,0
55280,1,198,198,0
55281,1,212,212,0
55336,1,183,183,0
55337,1,166,166,0
55338,1,211,211,0
55699,1,236,236,0
55700,1,177,177,0
55701,1,199,199,0
55798,1,199,199,0
55799,1,185,185,0
55800,1,202,202,0
55555,1,187,187,0
55556,1,204,204,0
55557,1,183,183,0
88063,1,219,219,0
88064,1,215,215,0
88065,1,200,200,0
223048,1,194,194,0
223049,1,205,205,0
63948,1,211,211,0
63967,1,198,198,0
63968,1,193,193,0
63969,1,174,174,0
64549,1,188,188,0
64550,1,215,215,0
64551,1,200,200,0
64592,1,200,200,0
64140,1,216,216,0
64159,1,203,203,0
64160,1,190,190,0
64161,1,192,192,0
64216,1,198,198,0
64217,1,201,201,0
64218,1,195,195,0
64488,1,200,200,0
64189,1,191,191,0
64190,1,184,184,0
64191,1,176,176,0
64408,1,178,178,0
64409,1,187,187,0
64410,1,182,182,0
64441,1,181,181,0
64442,1,239,239,0
64591,1,204,204,0
64593,1,196,196,0
64687,1,205,205,0
64688,1,212,212,0
64689,1,189,189,0
65764,1,179,179,0
65765,1,213,213,0
65766,1,190,190,0
64870,1,236,236,0
64871,1,209,209,0
64872,1,192,192,0
88258,1,201,201,0
88259,1,191,191,0
88260,1,179,179,0
89500,1,192,192,0
89501,1,216,216,0
55085,1,174,174,0
55086,1,223,223,0
55201,1,200,200,0
55202,1,178,178,0
55203,1,193,193,0
55297,1,181,181,0
55298,1,185,185,0
55299,1,204,204,0
65302,1,188,188,0
65303,1,202,202,0
65614,1,210,210,0
65615,1,186,186,0
65616,1,202,202,0
65689,1,196,196,0
65690,1,180,180,0
65691,1,223,223,0
87166,1,179,179,0
87167,1,183,183,0
87168,1,222,222,0
87319,1,196,196,0
87320,1,189,189,0
87321,1,178,178,0
88009,1,208,208,0
88010,1,175,175,0
88071,1,213,213,0
88816,1,195,195,0
88817,1,215,215,0
88818,1,189,189,0
89128,1,183,183,0
89129,1,208,208,0
89130,1,203,203,0
89476,1,198,198,0
89038,1,205,205,0
89039,1,199,199,0
89040,1,202,202,0
90166,1,189,189,0
90167,1,211,211,0
90168,1,192,192,0
92809,1,187,187,0
92810,1,193,193,0
91654,1,220,220,0
91655,1,215,215,0
91656,1,190,190,0
91831,1,181,181,0
91832,1,202,202,0
91833,1,211,211,0
92182,1,181,181,0
92184,1,189,189,0
223151,1,211,211,0
56694,1,178,178,0
56809,1,210,210,0
56810,1,203,203,0
56811,1,189,189,0
224854,1,212,212,0
224855,1,205,205,0
224856,1,167,167,0
63559,1,198,198,0
64026,1,186,186,0
87349,1,180,180,0
87350,1,205,205,0
87351,1,236,236,0
89299,1,194,194,0
89300,1,180,180,0
89301,1,188,188,0
224768,1,203,203,0
64746,1,178,178,0
65815,1,206,206,0
65816,1,189,189,0
65817,1,201,201,0
65872,1,208,208,0
65873,1,217,217,0
65874,1,222,222,0
88837,1,196,196,0
65893,1,187,187,0
65894,1,194,194,0
65895,1,192,192,0
87388,1,194,194,0
87389,1,203,203,0
87390,1,189,189,0
88976,1,203,203,0
88977,1,220,220,0
88731,1,210,210,0
88849,1,192,192,0
88850,1,175,175,0
88851,1,219,219,0
89221,1,212,212,0
89222,1,188,188,0
89223,1,206,206,0
89456,1,220,220,0
88838,1,224,224,0
88839,1,209,209,0
88924,1,174,174,0
88925,1,166,166,0
88926,1,197,197,0
89131,1,202,202,0
89132,1,190,190,0
89133,1,214,214,0
89239,1,233,233,0
89240,1,212,212,0
89241,1,230,230,0
223621,1,192,192,0
223622,1,175,175,0
223623,1,195,195,0
224416,1,197,197,0
224417,1,188,188,0
89317,1,208,208,0
89318,1,184,184,0
89319,1,216,216,0
89338,1,201,201,0
89339,1,216,216,0
89340,1,184,184,0
223777,1,204,204,0
223778,1,181,181,0
88477,1,196,196,0
88478,1,187,187,0
88479,1,217,217,0
88747,1,204,204,0
88748,1,192,192,0
88749,1,181,181,0
88915,1,187,187,0
88916,1,201,201,0
88753,1,208,208,0
88754,1,199,199,0
88755,1,190,190,0
90883,1,214,214,0
90884,1,225,225,0
90885,1,197,197,0
91918,1,201,201,0
91920,1,188,188,0
88917,1,207,207,0
89056,1,213,213,0
89057,1,166,166,0
89058,1,194,194,0
89965,1,172,172,0
89966,1,225,225,0
89967,1,230,230,0
92371,1,201,201,0
91235,1,239,239,0
91236,1,198,198,0
91375,1,194,194,0
91376,1,197,197,0
91377,1,237,237,0
92497,1,181,181,0
92498,1,207,207,0
92499,1,193,193,0
46375,1,179,179,0
46376,1,205,205,0
46826,1,186,186,0
48100,1,222,222,0
48101,1,186,186,0
48102,1,186,186,0
50172,1,190,190,0
74732,1,189,189,0
74733,1,186,186,0
78442,1,203,203,0
205660,1,221,221,0
229246,1,193,193,0
229247,1,200,200,0
229248,1,209,209,0
58614,1,207,207,0
72597,1,183,183,0
72619,1,208,208,0
72620,1,181,181,0
72621,1,189,189,0
76939,1,184,184,0
76940,1,204,204,0
76941,1,182,182,0
72124,1,183,183,0
72125,1,213,213,0
72126,1,209,209,0
74692,1,203,203,0
74693,1,207,207,0
74694,1,205,205,0
74980,1,179,179,0
74981,1,202,202,0
72791,1,203,203,0
74412,1,213,213,0
74959,1,184,184,0
74961,1,200,200,0
75022,1,227,227,0
75023,1,165,165,0
75024,1,189,189,0
100389,1,197,197,0
101044,1,194,194,0
101045,1,216,216,0
80281,1,204,204,0
80282,1,192,192,0
80283,1,179,179,0
80284,1,216,216,0
80285,1,204,204,0
80286,1,218,218,0
80288,1,223,223,0
80289,1,212,212,0
93438,1,202,202,0
93544,1,202,202,0
93545,1,208,208,0
93546,1,192,192,0
101710,1,192,192,0
101711,1,203,203,0
124297,1,163,163,0
124298,1,192,192,0
95644,1,175,175,0
95645,1,188,188,0
95646,1,212,212,0
97565,1,192,192,0
95862,1,221,221,0
95908,1,220,220,0
95909,1,195,195,0
95910,1,177,177,0
96780,1,186,186,0
97516,1,190,190,0
97517,1,238,238,0
97518,1,207,207,0
99472,1,190,190,0
99473,1,188,188,0
99474,1,190,190,0
99619,1,199,199,0
99620,1,203,203,0
99621,1,174,174,0
99652,1,187,187,0
99653,1,191,191,0
100221,1,195,195,0
101067,1,216,216,0
101080,1,210,210,0
101081,1,194,194,0
101082,1,191,191,0
101104,1,206,206,0
123530,1,191,191,0
123531,1,194,194,0
100406,1,199,199,0
100407,1,206,206,0
101089,1,206,206,0
101090,1,223,223,0
101091,1,184,184,0
101212,1,206,206,0
101213,1,193,193,0
101214,1,194,194,0
120690,1,215,215,0
121588,1,211,211,0
121589,1,196,196,0
121590,1,163,163,0
122479,1,207,207,0
122480,1,211,211,0
122481,1,195,195,0
122506,1,219,219,0
122507,1,200,200,0
122508,1,189,189,0
122881,1,207,207,0
122882,1,220,220,0
124299,1,208,208,0
124474,1,223,223,0
124475,1,201,201,0
124476,1,200,200,0
124735,1,195,195,0
124744,1,172,172,0
124745,1,184,184,0
124746,1,199,199,0
124915,1,203,203,0
124916,1,180,180,0
124917,1,202,202,0
125368,1,168,168,0
137272,1,196,196,0
137273,1,176,176,0
137274,1,207,207,0
133078,1,192,192,0
133156,1,187,187,0
133157,1,194,194,0
133158,1,199,199,0
133165,1,233,233,0
133081,1,189,189,0
133082,1,193,193,0
133083,1,195,195,0
133103,1,214,214,0
133168,1,212,212,0
133169,1,173,173,0
133170,1,196,196,0
133186,1,183,183,0
136272,1,205,205,0
137278,1,202,202,0
137279,1,202,202,0
136576,1,224,224,0
136577,1,195,195,0
136578,1,202,202,0
174850,1,179,179,0
174851,1,180,180,0
137205,1,205,205,0
137267,1,220,220,0
137268,1,191,191,0
137219,1,191,191,0
137220,1,189,189,0
137224,1,195,195,0
137225,1,192,192,0
137226,1,193,193,0
174798,1,177,177,0
174891,1,224,224,0
174991,1,206,206,0
174992,1,181,181,0
174993,1,231,231,0
180865,1,176,176,0
180866,1,176,176,0
180867,1,199,199,0
176030,1,229,229,0
176031,1,187,187,0
176303,1,204,204,0
176797,1,191,191,0
176798,1,192,192,0
176799,1,184,184,0
176552,1,183,183,0
176553,1,189,189,0
182645,1,206,206,0
182646,1,177,177,0
182687,1,185,185,0
205822,1,195,195,0
205824,1,188,188,0
205825,1,210,210,0
205826,1,229,229,0
205827,1,203,203,0
204570,1,219,219,0
204574,1,195,195,0
204575,1,176,176,0
204576,1,179,179,0
205243,1,192,192,0
205244,1,206,206,0
205245,1,169,169,0
205272,1,182,182,0
204285,1,193,193,0
228693,1,209,209,0
123098,1,179,179,0
123099,1,185,185,0
123118,1,199,199,0
123119,1,208,208,0
123120,1,196,196,0
123175,1,184,184,0
123176,1,192,192,0
123177,1,210,210,0
123191,1,179,179,0
123193,1,214,214,0
123194,1,224,224,0
123195,1,188,188,0
123211,1,190,190,0
123212,1,168,168,0
123213,1,191,191,0
123216,1,216,216,0
125522,1,202,202,0
125523,1,202,202,0
125596,1,184,184,0
125597,1,206,206,0
125598,1,195,195,0
125611,1,193,193,0
125612,1,185,185,0
125613,1,201,201,0
136062,1,185,185,0
136153,1,225,225,0
136154,1,193,193,0
136155,1,196,196,0
136156,1,230,230,0
136157,1,223,223,0
136158,1,221,221,0
136064,1,224,224,0
136100,1,188,188,0
136101,1,202,202,0
136105,1,201,201,0
136106,1,184,184,0
136107,1,206,206,0
136133,1,199,199,0
136134,1,199,199,0
136228,1,200,200,0
212719,1,174,174,0
212734,1,219,219,0
212735,1,184,184,0
212736,1,190,190,0
212737,1,163,163,0
212738,1,171,171,0
212739,1,183,183,0
212740,1,205,205,0
212741,1,182,182,0
225319,1,185,185,0
225320,1,180,180,0
225321,1,216,216,0
229324,1,167,167,0
229325,1,180,180,0
229326,1,192,192,0
230701,1,204,204,0
230702,1,181,181,0
228271,1,190,190,0
228272,1,180,180,0
228273,1,200,200,0
240770,1,194,194,0
240771,1,183,183,0
240811,1,201,201,0
240812,1,196,196,0
229348,1,213,213,0
229349,1,200,200,0
229350,1,214,214,0
230467,1,241,241,0
230468,1,174,174,0
230469,1,189,189,0
230692,1,211,211,0
230693,1,183,183,0
230519,1,228,228,0
230545,1,191,191,0
230546,1,210,210,0
230547,1,196,196,0
248968,1,202,202,0
248969,1,203,203,0
248970,1,218,218,0
248983,1,187,187,0
238441,1,176,176,0
238442,1,172,172,0
238443,1,197,197,0
240097,1,206,206,0
240098,1,181,181,0
238966,1,178,178,0
238967,1,227,227,0
238968,1,191,191,0
241123,1,226,226,0
241124,1,203,203,0
241125,1,214,214,0
243281,1,199,199,0
243283,1,181,181,0
243294,1,197,197,0
243423,1,215,215,0
240127,1,202,202,0
240298,1,217,217,0
240467,1,174,174,0
240468,1,217,217,0
240631,1,191,191,0
240632,1,174,174,0
245886,1,225,225,0
239754,1,223,223,0
240178,1,196,196,0
240179,1,200,200,0
240180,1,203,203,0
240187,1,199,199,0
240188,1,176,176,0
240189,1,210,210,0
240868,1,187,187,0
240118,1,198,198,0
240119,1,206,206,0
240202,1,187,187,0
240203,1,194,194,0
240204,1,192,192,0
240250,1,185,185,0
240251,1,164,164,0
240252,1,180,180,0
240153,1,187,187,0
240197,1,220,220,0
240198,1,186,186,0
240247,1,211,211,0
240248,1,208,208,0
240249,1,190,190,0
240259,1,207,207,0
240260,1,214,214,0
240285,1,212,212,0
240346,1,209,209,0
240347,1,226,226,0
240348,1,192,192,0
240352,1,182,182,0
240353,1,200,200,0
240354,1,190,190,0
240355,1,210,210,0
240670,1,193,193,0
240671,1,192,192,0
240751,1,204,204,0
240752,1,195,195,0
240753,1,175,175,0
240869,1,207,207,0
240870,1,181,181,0
245062,1,180,180,0
175,1,188,188,0
176,1,185,185,0
177,1,209,209,0
58624,1,185,185,0
58625,1,208,208,0
58626,1,186,186,0
97078,1,222,222,0
97080,1,196,196,0
49180,1,198,198,0
49181,1,204,204,0
4770,1,181,181,0
6397,1,247,247,0
6721,1,218,218,0
6722,1,229,229,0
6723,1,189,189,0
6763,1,177,177,0
6398,1,195,195,0
6399,1,214,214,0
6415,1,204,204,0
6619,1,187,187,0
6775,1,194,194,0
6776,1,220,220,0
6777,1,203,203,0
6817,1,190,190,0
6620,1,203,203,0
6621,1,177,177,0
6644,1,175,175,0
6645,1,209,209,0
6661,1,202,202,0
6662,1,197,197,0
6663,1,188,188,0
6679,1,237,237,0
6651,1,197,197,0
6771,1,179,179,0
6703,1,201,201,0
6865,1,214,214,0
6866,1,205,205,0
6955,1,175,175,0
6956,1,177,177,0
6957,1,186,186,0
6710,1,202,202,0
6711,1,161,161,0
6736,1,193,193,0
8005,1,212,212,0
8006,1,210,210,0
8007,1,205,205,0
8131,1,178,178,0
8132,1,199,199,0
120071,1,210,210,0
120145,1,189,189,0
120146,1,197,197,0
120147,1,198,198,0
120166,1,201,201,0
120167,1,180,180,0
120168,1,174,174,0
120280,1,190,190,0
121731,1,189,189,0
121789,1,197,197,0
121790,1,184,184,0
121791,1,175,175,0
121804,1,205,205,0
121805,1,191,191,0
121806,1,170,170,0
121837,1,203,203,0
511,1,186,186,0
727,1,197,197,0
728,1,183,183,0
729,1,199,199,0
790,1,191,191,0
791,1,191,191,0
792,1,190,190,0
992,1,204,204,0
631,1,209,209,0
95431,1,204,204,0
95432,1,224,224,0
95433,1,194,194,0
95950,1,198,198,0
95951,1,167,167,0
95952,1,185,185,0
961,1,196,196,0
751,1,194,194,0
7246,1,222,222,0
7247,1,200,200,0
7248,1,209,209,0
7306,1,189,189,0
7307,1,186,186,0
7308,1,216,216,0
34948,1,188,188,0
962,1,220,220,0
963,1,224,224,0
94018,1,211,211,0
94019,1,187,187,0
94020,1,179,179,0
94435,1,194,194,0
94436,1,185,185,0
6976,1,208,208,0
2647,1,200,200,0
2648,1,185,185,0
2649,1,207,207,0
2686,1,186,186,0
2687,1,201,201,0
2688,1,197,197,0
2782,1,185,185,0
2784,1,202,202,0
3718,1,187,187,0
3719,1,182,182,0
3720,1,215,215,0
4603,1,181,181,0
4604,1,229,229,0
4605,1,215,215,0
50476,1,192,192,0
50477,1,198,198,0
3850,1,178,178,0
3851,1,197,197,0
3852,1,172,172,0
21706,1,183,183,0
21707,1,192,192,0
21708,1,207,207,0
47576,1,216,216,0
47577,1,179,179,0
4054,1,197,197,0
4055,1,238,238,0
4056,1,192,192,0
19603,1,212,212,0
19604,1,193,193,0
19605,1,207,207,0
21049,1,183,183,0
21050,1,190,190,0
916,1,170,170,0
917,1,220,220,0
918,1,189,189,0
2929,1,196,196,0
2930,1,217,217,0
2931,1,179,179,0
124141,1,199,199,0
124142,1,209,209,0
2655,1,176,176,0
2701,1,180,180,0
2702,1,194,194,0
2703,1,222,222,0
122278,1,192,192,0
122279,1,187,187,0
122280,1,190,190,0
122704,1,193,193,0
6737,1,188,188,0
6738,1,209,209,0
6902,1,200,200,0
6903,1,217,217,0
6937,1,209,209,0
6938,1,239,239,0
6939,1,209,209,0
6973,1,205,205,0
18793,1,194,194,0
18794,1,181,181,0
18795,1,234,234,0
180013,1,194,194,0
180014,1,191,191,0
180015,1,200,200,0
206161,1,200,200,0
206162,1,232,232,0
45115,1,202,202,0
45116,1,201,201,0
45117,1,190,190,0
45151,1,178,178,0
45152,1,209,209,0
45153,1,185,185,0
45619,1,195,195,0
45620,1,200,200,0
46466,1,194,194,0
46467,1,180,180,0
47986,1,197,197,0
47987,1,181,181,0
47988,1,216,216,0
204295,1,179,179,0
204296,1,225,225,0
204297,1,179,179,0
57343,1,198,198,0
50170,1,217,217,0
50171,1,208,208,0
50242,1,225,225,0
50243,1,195,195,0
50244,1,175,175,0
50288,1,204,204,0
50289,1,178,178,0
125915,1,181,181,0
125916,1,183,183,0
125926,1,225,225,0
125927,1,198,198,0
125928,1,194,194,0
125932,1,221,221,0
125933,1,183,183,0
125934,1,185,185,0
1432,1,192,192,0
1433,1,195,195,0
1434,1,187,187,0
1435,1,167,167,0
1436,1,186,186,0
1437,1,191,191,0
1441,1,224,224,0
1442,1,206,206,0
6210,1,201,201,0
120340,1,178,178,0
120341,1,179,179,0
120342,1,178,178,0
136012,1,202,202,0
136013,1,170,170,0
136014,1,202,202,0
180691,1,193,193,0
24126,1,191,191,0
24150,1,176,176,0
24211,1,185,185,0
24212,1,198,198,0
24268,1,172,172,0
24269,1,187,187,0
24270,1,198,198,0
24272,1,190,190,0
24127,1,216,216,0
24213,1,189,189,0
24187,1,172,172,0
24188,1,222,222,0
24189,1,194,194,0
24217,1,232,232,0
24218,1,213,213,0
24219,1,186,186,0
24158,1,189,189,0
24159,1,195,195,0
24235,1,200,200,0
24236,1,228,228,0
24295,1,213,213,0
24296,1,194,194,0
24297,1,224,224,0
24322,1,204,204,0
24403,1,231,231,0
24404,1,224,224,0
24405,1,185,185,0
24412,1,201,201,0
24413,1,185,185,0
24414,1,202,202,0
34807,1,210,210,0
35001,1,190,190,0
25691,1,177,177,0
25692,1,179,179,0
25696,1,201,201,0
25697,1,231,231,0
25698,1,182,182,0
25912,1,190,190,0
25924,1,185,185,0
25925,1,188,188,0
25806,1,212,212,0
25810,1,190,190,0
25954,1,196,196,0
25955,1,202,202,0
25956,1,214,214,0
26164,1,188,188,0
26165,1,205,205,0
26166,1,170,170,0
1550,1,174,174,0
1551,1,183,183,0
6616,1,229,229,0
6617,1,208,208,0
6618,1,203,203,0
6634,1,199,199,0
6635,1,199,199,0
6636,1,190,190,0
18877,1,207,207,0
18878,1,224,224,0
18879,1,193,193,0
19030,1,152,152,0
19031,1,197,197,0
19032,1,208,208,0
19969,1,204,204,0
19970,1,207,207,0
33170,1,221,221,0
33171,1,187,187,0
34294,1,199,199,0
34295,1,196,196,0
34296,1,206,206,0
77158,1,190,190,0
77159,1,196,196,0
77160,1,220,220,0
47206,1,205,205,0
47207,1,174,174,0
47208,1,194,194,0
47998,1,177,177,0
47999,1,214,214,0
48000,1,188,188,0
49564,1,190,190,0
49565,1,205,205,0
59708,1,189,189,0
59709,1,186,186,0
59893,1,227,227,0
59894,1,185,185,0
59895,1,204,204,0
210163,1,218,218,0
210164,1,211,211,0
210165,1,194,194,0
210625,1,194,194,0
210626,1,190,190,0
210627,1,183,183,0
210694,1,166,166,0
210695,1,199,199,0
210696,1,210,210,0
225148,1,194,194,0
225149,1,199,199,0
4501,1,185,185,0
4502,1,207,207,0
4503,1,221,221,0
8098,1,196,196,0
8099,1,192,192,0
8100,1,203,203,0
8746,1,200,200,0
8747,1,212,212,0
23365,1,220,220,0
23366,1,196,196,0
23367,1,191,191,0
26095,1,194,194,0
26096,1,171,171,0
26097,1,189,189,0
45112,1,206,206,0
45113,1,195,195,0
77998,1,190,190,0
77999,1,209,209,0
78000,1,207,207,0
225130,1,189,189,0
225131,1,188,188,0
225132,1,205,205,0
225268,1,181,181,0
225270,1,171,171,0
123087,1,201,201,0
123094,1,231,231,0
123095,1,195,195,0
123096,1,205,205,0
123075,1,187,187,0
123145,1,203,203,0
123146,1,220,220,0
123147,1,184,184,0
125719,1,205,205,0
125721,1,188,188,0
125808,1,184,184,0
125809,1,231,231,0
125810,1,222,222,0
125811,1,217,217,0
6319,1,215,215,0
6320,1,196,196,0
6321,1,202,202,0
6589,1,216,216,0
6590,1,203,203,0
6591,1,174,174,0
6632,1,199,199,0
6633,1,188,188,0
6660,1,185,185,0
6712,1,201,201,0
6713,1,205,205,0
6714,1,190,190,0
8023,1,202,202,0
8024,1,180,180,0
8025,1,220,220,0
20312,1,213,213,0
7878,1,209,209,0
7897,1,179,179,0
7898,1,202,202,0
7899,1,209,209,0
8836,1,189,189,0
8837,1,222,222,0
8838,1,214,214,0
8890,1,230,230,0
7960,1,182,182,0
7961,1,196,196,0
7962,1,216,216,0
49231,1,219,219,0
49232,1,202,202,0
49233,1,227,227,0
49352,1,216,216,0
49353,1,200,200,0
8646,1,194,194,0
20399,1,182,182,0
20410,1,221,221,0
20411,1,200,200,0
20412,1,193,193,0
20458,1,210,210,0
20459,1,197,197,0
20460,1,216,216,0
20578,1,197,197,0
20494,1,182,182,0
20495,1,186,186,0
26032,1,188,188,0
26033,1,216,216,0
26034,1,212,212,0
26122,1,175,175,0
26123,1,190,190,0
26124,1,170,170,0
24304,1,219,219,0
24305,1,187,187,0
24306,1,196,196,0
25594,1,227,227,0
25595,1,185,185,0
25596,1,187,187,0
25900,1,187,187,0
25901,1,187,187,0
24411,1,200,200,0
35221,1,192,192,0
35222,1,200,200,0
35296,1,213,213,0
35297,1,194,194,0
35298,1,200,200,0
45133,1,207,207,0
45134,1,201,201,0
24699,1,207,207,0
6680,1,183,183,0
6681,1,207,207,0
6769,1,199,199,0
6770,1,226,226,0
6883,1,208,208,0
6884,1,189,189,0
6885,1,196,196,0
7648,1,201,201,0
18853,1,192,192,0
18854,1,194,194,0
18855,1,178,178,0
46720,1,185,185,0
46721,1,203,203,0
46722,1,194,194,0
49534,1,216,216,0
49536,1,190,190,0
101307,1,186,186,0
101314,1,196,196,0
101315,1,191,191,0
101316,1,176,176,0
101329,1,188,188,0
101330,1,188,188,0
101331,1,209,209,0
101338,1,185,185,0
136015,1,197,197,0
136016,1,190,190,0
136017,1,181,181,0
136042,1,198,198,0
136043,1,192,192,0
136044,1,197,197,0
136130,1,214,214,0
136066,1,195,195,0
136063,1,193,193,0
136065,1,210,210,0
136111,1,235,235,0
136112,1,215,215,0
136113,1,201,201,0
136165,1,193,193,0
136166,1,217,217,0
136132,1,188,188,0
137942,1,182,182,0
137943,1,182,182,0
137944,1,183,183,0
137945,1,202,202,0
137946,1,210,210,0
137959,1,186,186,0
137960,1,194,194,0
137961,1,200,200,0
176589,1,194,194,0
176617,1,207,207,0
176618,1,188,188,0
176619,1,194,194,0
176656,1,196,196,0
176657,1,194,194,0
176658,1,202,202,0
176636,1,205,205,0
6867,1,207,207,0
7609,1,213,213,0
6709,1,210,210,0
7021,1,211,211,0
7022,1,197,197,0
7023,1,199,199,0
7618,1,204,204,0
7619,1,197,197,0
121846,1,228,228,0
121847,1,171,171,0
121848,1,213,213,0
180199,1,191,191,0
180200,1,185,185,0
180201,1,184,184,0
180253,1,216,216,0
180254,1,178,178,0
125908,1,187,187,0
125909,1,206,206,0
125910,1,200,200,0
125938,1,207,207,0
125939,1,184,184,0
125940,1,201,201,0
125965,1,213,213,0
125966,1,190,190,0
174838,1,186,186,0
174839,1,191,191,0
174840,1,202,202,0
137248,1,180,180,0
137249,1,198,198,0
137250,1,192,192,0
137266,1,210,210,0
137809,1,204,204,0
205779,1,196,196,0
205780,1,223,223,0
205781,1,196,196,0
205782,1,234,234,0
205871,1,182,182,0
205921,1,192,192,0
205922,1,194,194,0
205923,1,195,195,0
228671,1,180,180,0
228709,1,215,215,0
228710,1,202,202,0
228711,1,206,206,0
228718,1,220,220,0
228719,1,215,215,0
228720,1,202,202,0
228733,1,190,190,0
18583,1,189,189,0
18584,1,195,195,0
18585,1,187,187,0
19087,1,206,206,0
19088,1,185,185,0
19089,1,209,209,0
19102,1,211,211,0
19104,1,226,226,0
19971,1,177,177,0
20077,1,218,218,0
20078,1,171,171,0
20079,1,228,228,0
20197,1,207,207,0
20198,1,214,214,0
20199,1,182,182,0
21259,1,195,195,0
24906,1,177,177,0
25722,1,186,186,0
25607,1,226,226,0
25612,1,196,196,0
25613,1,185,185,0
25614,1,187,187,0
25804,1,200,200,0
25805,1,185,185,0
45826,1,195,195,0
45827,1,223,223,0
45828,1,187,187,0
48103,1,193,193,0
48104,1,218,218,0
48105,1,201,201,0
48172,1,202,202,0
48173,1,186,186,0
47100,1,199,199,0
74690,1,210,210,0
74691,1,193,193,0
77425,1,180,180,0
77426,1,198,198,0
77680,1,221,221,0
77681,1,200,200,0
77682,1,186,186,0
49566,1,167,167,0
57925,1,176,176,0
57926,1,207,207,0
57927,1,175,175,0
58201,1,191,191,0
58202,1,225,225,0
58203,1,204,204,0
59707,1,183,183,0
94079,1,191,191,0
97090,1,198,198,0
97091,1,209,209,0
97092,1,199,199,0
97698,1,208,208,0
136102,1,212,212,0
136103,1,202,202,0
136104,1,193,193,0
180692,1,179,179,0
180693,1,225,225,0
206425,1,181,181,0
206426,1,191,191,0
137525,1,192,192,0
176677,1,205,205,0
176678,1,219,219,0
176679,1,225,225,0
24895,1,208,208,0
25684,1,192,192,0
25685,1,199,199,0
25686,1,184,184,0
25444,1,212,212,0
25445,1,183,183,0
25446,1,179,179,0
72541,1,221,221,0
72542,1,184,184,0
72543,1,221,221,0
72595,1,208,208,0
72596,1,201,201,0
45372,1,180,180,0
47163,1,206,206,0
74410,1,220,220,0
74411,1,204,204,0
74752,1,201,201,0
74753,1,201,201,0
74754,1,183,183,0
77251,1,199,199,0
45678,1,220,220,0
45775,1,179,179,0
45776,1,219,219,0
45777,1,208,208,0
45823,1,197,197,0
45824,1,188,188,0
45825,1,192,192,0
45892,1,197,197,0
47925,1,197,197,0
49429,1,210,210,0
49430,1,204,204,0
49431,1,184,184,0
48016,1,201,201,0
48017,1,200,200,0
48018,1,193,193,0
48192,1,191,191,0
47983,1,185,185,0
47985,1,196,196,0
48136,1,193,193,0
48137,1,208,208,0
48138,1,190,190,0
93154,1,205,205,0
93155,1,214,214,0
93156,1,187,187,0
50199,1,226,226,0
50281,1,187,187,0
50282,1,177,177,0
50283,1,197,197,0
57268,1,178,178,0
57269,1,219,219,0
57270,1,207,207,0
58613,1,216,216,0
57381,1,191,191,0
57411,1,205,205,0
57394,1,211,211,0
57395,1,228,228,0
57396,1,183,183,0
93511,1,164,164,0
93512,1,205,205,0
93513,1,210,210,0
25846,1,222,222,0
25847,1,189,189,0
26195,1,184,184,0
26196,1,189,189,0
35227,1,211,211,0
35242,1,200,200,0
35243,1,217,217,0
35244,1,203,203,0
77427,1,211,211,0
78460,1,202,202,0
78461,1,186,186,0
78544,1,208,208,0
78545,1,192,192,0
78546,1,222,222,0
78772,1,186,186,0
78773,1,195,195,0
93649,1,185,185,0
93650,1,200,200,0
93651,1,181,181,0
100216,1,195,195,0
100217,1,206,206,0
100218,1,193,193,0
97696,1,186,186,0
97697,1,201,201,0
204487,1,191,191,0
204496,1,230,230,0
204497,1,194,194,0
204498,1,200,200,0
204559,1,215,215,0
204561,1,199,199,0
205252,1,208,208,0
205344,1,201,201,0
205333,1,183,183,0
205334,1,199,199,0
205335,1,209,209,0
205342,1,201,201,0
205343,1,206,206,0
205372,1,194,194,0
205373,1,183,183,0
205408,1,205,205,0
205387,1,212,212,0
205388,1,174,174,0
205389,1,198,198,0
205396,1,224,224,0
205397,1,177,177,0
205398,1,198,198,0
205409,1,206,206,0
205558,1,175,175,0
25913,1,195,195,0
25914,1,180,180,0
25858,1,205,205,0
25859,1,203,203,0
25860,1,192,192,0
25894,1,181,181,0
25895,1,191,191,0
25896,1,198,198,0
46377,1,209,209,0
47194,1,230,230,0
47195,1,194,194,0
47196,1,200,200,0
48520,1,203,203,0
48521,1,169,169,0
46827,1,189,189,0
48019,1,182,182,0
48020,1,208,208,0
48021,1,176,176,0
58722,1,188,188,0
72991,1,189,189,0
72992,1,203,203,0
72993,1,184,184,0
97558,1,202,202,0
97559,1,196,196,0
97560,1,192,192,0
78443,1,189,189,0
78444,1,181,181,0
78538,1,227,227,0
78539,1,207,207,0
78540,1,197,197,0
205578,1,220,220,0
205618,1,224,224,0
205619,1,198,198,0
205620,1,213,213,0
205661,1,194,194,0
225303,1,205,205,0
225304,1,235,235,0
225305,1,194,194,0
225306,1,182,182,0
225736,1,203,203,0
225737,1,181,181,0
225738,1,237,237,0
225768,1,193,193,0
228736,1,190,190,0
228737,1,233,233,0
228738,1,231,231,0
230788,1,184,184,0
230789,1,204,204,0
5759,1,213,213,0
5785,1,191,191,0
5786,1,173,173,0
5787,1,193,193,0
5812,1,204,204,0
5813,1,174,174,0
5814,1,193,193,0
5827,1,195,195,0
210407,1,201,201,0
210409,1,182,182,0
210410,1,209,209,0
210411,1,240,240,0
210415,1,176,176,0
210416,1,191,191,0
210417,1,174,174,0
210418,1,201,201,0
237238,1,211,211,0
237239,1,201,201,0
237240,1,183,183,0
237280,1,191,191,0
237281,1,196,196,0
237282,1,191,191,0
237298,1,195,195,0
237299,1,195,195,0
238199,1,230,230,0
246034,1,197,197,0
246035,1,173,173,0
246036,1,210,210,0
246052,1,194,194,0
246053,1,185,185,0
246054,1,208,208,0
246106,1,186,186,0
246107,1,177,177,0
246280,1,180,180,0
246281,1,215,215,0
246282,1,200,200,0
248356,1,201,201,0
248357,1,200,200,0
248358,1,224,224,0
248416,1,180,180,0
248417,1,189,189,0
7870,1,206,206,0
7871,1,189,189,0
174882,1,197,197,0
205042,1,198,198,0
205043,1,182,182,0
205044,1,184,184,0
225574,1,222,222,0
225575,1,193,193,0
8917,1,185,185,0
8918,1,211,211,0
8919,1,191,191,0
45542,1,181,181,0
45543,1,213,213,0
47236,1,182,182,0
47237,1,182,182,0
47238,1,206,206,0
20191,1,198,198,0
20193,1,216,216,0
22465,1,214,214,0
22466,1,198,198,0
22467,1,205,205,0
25855,1,224,224,0
25856,1,205,205,0
25857,1,195,195,0
134489,1,210,210,0
134490,1,205,205,0
134533,1,190,190,0
134534,1,195,195,0
134535,1,195,195,0
134539,1,205,205,0
134540,1,201,201,0
134541,1,182,182,0
241087,1,181,181,0
241088,1,181,181,0
241089,1,184,184,0
18703,1,202,202,0
18704,1,191,191,0
18705,1,195,195,0
133693,1,204,204,0
133694,1,205,205,0
133695,1,167,167,0
136819,1,180,180,0
136820,1,196,196,0
45391,1,189,189,0
45392,1,196,196,0
45393,1,207,207,0
45397,1,197,197,0
45398,1,208,208,0
45399,1,204,204,0
50845,1,196,196,0
50846,1,176,176,0
50896,1,196,196,0
50897,1,184,184,0
50898,1,181,181,0
50953,1,182,182,0
50954,1,194,194,0
50955,1,180,180,0
57763,1,198,198,0
57764,1,204,204,0
74225,1,196,196,0
74226,1,223,223,0
74233,1,214,214,0
74234,1,196,196,0
74235,1,206,206,0
74236,1,203,203,0
74237,1,205,205,0
74238,1,184,184,0
79871,1,206,206,0
80776,1,191,191,0
80777,1,207,207,0
80778,1,165,165,0
96505,1,182,182,0
96506,1,190,190,0
96507,1,184,184,0
97064,1,175,175,0
97065,1,189,189,0
211279,1,197,197,0
211281,1,206,206,0
211288,1,200,200,0
211289,1,241,241,0
211290,1,202,202,0
211297,1,224,224,0
211298,1,204,204,0
211299,1,189,189,0
18841,1,210,210,0
18842,1,194,194,0
18843,1,213,213,0
21085,1,223,223,0
21086,1,178,178,0
21087,1,221,221,0
22136,1,231,231,0
22137,1,185,185,0
204440,1,205,205,0
204441,1,207,207,0
212350,1,166,166,0
212351,1,203,203,0
227800,1,213,213,0
227801,1,203,203,0
227802,1,187,187,0
228679,1,220,220,0
228680,1,202,202,0
228681,1,189,189,0
228688,1,221,221,0
228689,1,208,208,0
228734,1,200,200,0
228735,1,195,195,0
228741,1,191,191,0
229210,1,225,225,0
229211,1,202,202,0
229212,1,219,219,0
230383,1,187,187,0
230384,1,195,195,0
230385,1,213,213,0
230557,1,201,201,0
230558,1,205,205,0
230559,1,213,213,0
237805,1,190,190,0
237806,1,188,188,0
18904,1,192,192,0
18905,1,176,176,0
18906,1,218,218,0
19873,1,201,201,0
19874,1,235,235,0
19875,1,203,203,0
20024,1,181,181,0
20025,1,196,196,0
19465,1,193,193,0
19466,1,194,194,0
19467,1,226,226,0
19498,1,192,192,0
19499,1,192,192,0
19500,1,182,182,0
228739,1,224,224,0
228740,1,177,177,0
25591,1,211,211,0
26533,1,195,195,0
26534,1,226,226,0
26535,1,194,194,0
45064,1,195,195,0
45065,1,193,193,0
45066,1,209,209,0
46852,1,203,203,0
26181,1,206,206,0
26221,1,188,188,0
26222,1,183,183,0
26223,1,191,191,0
26389,1,220,220,0
26390,1,193,193,0
26391,1,201,201,0
34210,1,219,219,0
34175,1,169,169,0
34456,1,205,205,0
34457,1,217,217,0
34458,1,200,200,0
46081,1,198,198,0
46082,1,200,200,0
46083,1,225,225,0
46472,1,204,204,0
94447,1,216,216,0
94519,1,203,203,0
94520,1,196,196,0
94521,1,204,204,0
94528,1,183,183,0
94529,1,205,205,0
94530,1,202,202,0
94564,1,194,194,0
120534,1,175,175,0
120631,1,186,186,0
120632,1,205,205,0
120633,1,208,208,0
120652,1,184,184,0
120653,1,186,186,0
120654,1,191,191,0
120706,1,185,185,0
174640,1,177,177,0
174641,1,200,200,0
174642,1,198,198,0
174762,1,204,204,0
212416,1,204,204,0
212417,1,186,186,0
212418,1,224,224,0
225792,1,215,215,0
19787,1,209,209,0
19788,1,190,190,0
19993,1,231,231,0
19994,1,190,190,0
19995,1,198,198,0
135763,1,218,218,0
135764,1,197,197,0
135765,1,213,213,0
25971,1,190,190,0
26029,1,174,174,0
26030,1,203,203,0
26031,1,213,213,0
26335,1,198,198,0
26336,1,195,195,0
26337,1,180,180,0
33193,1,214,214,0
124801,1,190,190,0
124802,1,194,194,0
124803,1,212,212,0
124819,1,192,192,0
124820,1,185,185,0
124821,1,195,195,0
124834,1,199,199,0
124835,1,210,210,0
136039,1,231,231,0
136067,1,230,230,0
136068,1,191,191,0
136087,1,201,201,0
136088,1,206,206,0
136089,1,193,193,0
136249,1,198,198,0
136186,1,216,216,0
205557,1,212,212,0
205671,1,211,211,0
205708,1,208,208,0
205709,1,203,203,0
205710,1,203,203,0
205726,1,197,197,0
205728,1,218,218,0
205777,1,215,215,0
20175,1,170,170,0
20383,1,185,185,0
20384,1,196,196,0
20385,1,212,212,0
20497,1,177,177,0
20498,1,218,218,0
20499,1,215,215,0
23251,1,230,230,0
26133,1,197,197,0
26137,1,224,224,0
26138,1,213,213,0
26139,1,177,177,0
50618,1,197,197,0
57216,1,179,179,0
57950,1,209,209,0
57951,1,210,210,0
59634,1,177,177,0
73502,1,186,186,0
73503,1,206,206,0
73505,1,217,217,0
73506,1,192,192,0
79024,1,209,209,0
79025,1,228,228,0
79026,1,213,213,0
79015,1,197,197,0
98886,1,205,205,0
98944,1,197,197,0
98945,1,215,215,0
98946,1,192,192,0
98992,1,208,208,0
98993,1,187,187,0
98994,1,196,196,0
121693,1,211,211,0
248231,1,195,195,0
248245,1,205,205,0
248246,1,187,187,0
248247,1,186,186,0
26527,1,187,187,0
33139,1,196,196,0
33140,1,193,193,0
33141,1,208,208,0
34312,1,181,181,0
34313,1,186,186,0
34314,1,208,208,0
49432,1,173,173,0
34211,1,201,201,0
34212,1,196,196,0
34222,1,203,203,0
34223,1,221,221,0
34224,1,207,207,0
34264,1,222,222,0
34265,1,197,197,0
34266,1,223,223,0
47034,1,191,191,0
57739,1,197,197,0
57740,1,203,203,0
57741,1,212,212,0
57961,1,218,218,0
57962,1,210,210,0
57963,1,203,203,0
77794,1,197,197,0
49630,1,182,182,0
49631,1,193,193,0
77899,1,180,180,0
77900,1,191,191,0
77901,1,178,178,0
124291,1,184,184,0
124292,1,167,167,0
124293,1,222,222,0
225157,1,193,193,0
123366,1,209,209,0
212371,1,186,186,0
212372,1,204,204,0
212373,1,187,187,0
225118,1,215,215,0
225119,1,193,193,0
225120,1,209,209,0
225128,1,209,209,0
132094,1,197,197,0
132095,1,210,210,0
132096,1,211,211,0
132106,1,208,208,0
132107,1,189,189,0
132108,1,171,171,0
132166,1,213,213,0
132168,1,183,183,0
175213,1,208,208,0
175214,1,224,224,0
175215,1,187,187,0
175225,1,199,199,0
175226,1,197,197,0
175227,1,197,197,0
176237,1,194,194,0
240769,1,197,197,0
212261,1,200,200,0
212262,1,208,208,0
212281,1,190,190,0
212282,1,198,198,0
212283,1,185,185,0
212287,1,191,191,0
212288,1,200,200,0
212289,1,195,195,0
35491,1,202,202,0
35492,1,209,209,0
35493,1,207,207,0
35971,1,207,207,0
35972,1,197,197,0
35973,1,193,193,0
49228,1,233,233,0
49229,1,184,184,0
49254,1,212,212,0
73711,1,216,216,0
73712,1,210,210,0
73713,1,163,163,0
241900,1,176,176,0
241901,1,199,199,0
241902,1,192,192,0
174604,1,198,198,0
93409,1,209,209,0
93410,1,173,173,0
93411,1,231,231,0
93421,1,215,215,0
93422,1,194,194,0
93423,1,175,175,0
93440,1,184,184,0
93441,1,243,243,0
175890,1,198,198,0
175978,1,185,185,0
175979,1,186,186,0
175980,1,193,193,0
229276,1,224,224,0
229277,1,195,195,0
229278,1,192,192,0
229376,1,201,201,0
180387,1,201,201,0
204214,1,216,216,0
204215,1,226,226,0
204216,1,188,188,0
204256,1,195,195,0
204257,1,208,208,0
204258,1,183,183,0
204328,1,197,197,0
228039,1,217,217,0
237190,1,186,186,0
237191,1,213,213,0
237192,1,190,190,0
237193,1,219,219,0
237194,1,236,236,0
237195,1,193,193,0
237202,1,180,180,0
243155,1,186,186,0
245455,1,206,206,0
245456,1,186,186,0
245457,1,193,193,0
245484,1,190,190,0
245494,1,165,165,0
245496,1,174,174,0
246049,1,180,180,0
246050,1,192,192,0
246051,1,190,190,0
246055,1,204,204,0
246056,1,190,190,0
246057,1,197,197,0
246139,1,195,195,0
246140,1,206,206,0
48516,1,183,183,0
48550,1,207,207,0
48551,1,224,224,0
48552,1,191,191,0
50473,1,202,202,0
50474,1,193,193,0
50475,1,247,247,0
50677,1,191,191,0
50619,1,176,176,0
57214,1,172,172,0
57215,1,190,190,0
57949,1,209,209,0
50827,1,208,208,0
50880,1,186,186,0
50947,1,212,212,0
50948,1,221,221,0
59646,1,208,208,0
59650,1,189,189,0
59651,1,207,207,0
59652,1,183,183,0
59704,1,188,188,0
59705,1,182,182,0
59706,1,173,173,0
76978,1,171,171,0
78203,1,215,215,0
78204,1,185,185,0
78238,1,216,216,0
78239,1,226,226,0
78240,1,216,216,0
78292,1,187,187,0
78293,1,195,195,0
78294,1,219,219,0
78836,1,195,195,0
78837,1,170,170,0
133831,1,205,205,0
133832,1,166,166,0
133833,1,187,187,0
212560,1,222,222,0
212561,1,188,188,0
212562,1,192,192,0
205069,1,216,216,0
205070,1,206,206,0
205071,1,178,178,0
210475,1,206,206,0
210476,1,192,192,0
210477,1,177,177,0
210646,1,211,211,0
210648,1,202,202,0
237328,1,174,174,0
237329,1,198,198,0
237330,1,179,179,0
237391,1,206,206,0
237392,1,189,189,0
237393,1,204,204,0
237556,1,216,216,0
237557,1,195,195,0
49494,1,198,198,0
49546,1,215,215,0
49547,1,197,197,0
49548,1,202,202,0
49726,1,184,184,0
49727,1,220,220,0
49728,1,186,186,0
50434,1,189,189,0
77022,1,178,178,0
77032,1,191,191,0
77033,1,213,213,0
77034,1,201,201,0
78916,1,187,187,0
78917,1,178,178,0
78918,1,173,173,0
79699,1,207,207,0
97117,1,206,206,0
97118,1,204,204,0
97119,1,231,231,0
206780,1,207,207,0
97735,1,228,228,0
97736,1,177,177,0
97737,1,194,194,0
97822,1,203,203,0
97823,1,190,190,0
97824,1,195,195,0
97846,1,230,230,0
97848,1,207,207,0
225428,1,211,211,0
225429,1,195,195,0
226597,1,181,181,0
226598,1,188,188,0
226599,1,204,204,0
226606,1,198,198,0
226607,1,200,200,0
226608,1,192,192,0
239186,1,198,198,0
239187,1,164,164,0
239206,1,210,210,0
239207,1,195,195,0
239208,1,193,193,0
239242,1,188,188,0
239243,1,185,185,0
239244,1,196,196,0
248921,1,202,202,0
248922,1,228,228,0
248929,1,197,197,0
248930,1,217,217,0
248931,1,183,183,0
248956,1,224,224,0
248957,1,216,216,0
248958,1,197,197,0
58311,1,204,204,0
77566,1,206,206,0
77567,1,202,202,0
77568,1,185,185,0
78550,1,184,184,0
78551,1,179,179,0
78552,1,194,194,0
248470,1,189,189,0
133437,1,190,190,0
134565,1,216,216,0
134590,1,191,191,0
134592,1,211,211,0
134647,1,182,182,0
134648,1,226,226,0
134649,1,218,218,0
134792,1,191,191,0
237759,1,197,197,0
238879,1,205,205,0
242999,1,175,175,0
243000,1,216,216,0
243722,1,221,221,0
243723,1,191,191,0
243739,1,177,177,0
243740,1,193,193,0
243741,1,187,187,0
245176,1,196,196,0
245177,1,195,195,0
245178,1,206,206,0
245698,1,241,241,0
245699,1,193,193,0
245700,1,198,198,0
245704,1,201,201,0
245705,1,174,174,0
245706,1,176,176,0
245713,1,170,170,0
245714,1,185,185,0
248471,1,209,209,0
73463,1,195,195,0
74671,1,201,201,0
74672,1,164,164,0
74673,1,190,190,0
78430,1,199,199,0
78431,1,191,191,0
78432,1,208,208,0
78514,1,192,192,0
77110,1,225,225,0
77111,1,184,184,0
77112,1,207,207,0
180913,1,188,188,0
180914,1,237,237,0
180915,1,179,179,0
204439,1,210,210,0
212352,1,182,182,0
97238,1,193,193,0
97239,1,168,168,0
204361,1,226,226,0
204362,1,176,176,0
204363,1,188,188,0
206494,1,193,193,0
206495,1,178,178,0
206496,1,194,194,0
212981,1,240,240,0
212982,1,197,197,0
212986,1,194,194,0
212987,1,176,176,0
212988,1,199,199,0
226042,1,212,212,0
226043,1,190,190,0
226044,1,208,208,0
230329,1,188,188,0
230330,1,189,189,0
230331,1,180,180,0
238090,1,224,224,0
238091,1,216,216,0
238092,1,206,206,0
238120,1,209,209,0
238121,1,189,189,0
240790,1,205,205,0
240791,1,182,182,0
240792,1,183,183,0
248788,1,187,187,0
248789,1,219,219,0
248790,1,229,229,0
248860,1,187,187,0
248861,1,201,201,0
94978,1,183,183,0
94979,1,224,224,0
94980,1,188,188,0
94993,1,182,182,0
94994,1,168,168,0
94995,1,193,193,0
95029,1,186,186,0
95030,1,202,202,0
136230,1,183,183,0
136237,1,201,201,0
136238,1,194,194,0
136239,1,197,197,0
136246,1,220,220,0
136247,1,202,202,0
136248,1,199,199,0
136463,1,171,171,0
137259,1,218,218,0
137467,1,194,194,0
137468,1,219,219,0
137469,1,198,198,0
137512,1,213,213,0
137513,1,211,211,0
137514,1,199,199,0
137768,1,229,229,0
176575,1,202,202,0
176596,1,187,187,0
176597,1,196,196,0
176598,1,233,233,0
176615,1,207,207,0
176616,1,193,193,0
182638,1,198,198,0
204192,1,231,231,0
176811,1,203,203,0
176863,1,196,196,0
176864,1,220,220,0
176865,1,202,202,0
176995,1,208,208,0
176996,1,201,201,0
176997,1,209,209,0
180472,1,201,201,0
228731,1,234,234,0
228732,1,186,186,0
229990,1,186,186,0
229991,1,203,203,0
229992,1,195,195,0
230794,1,193,193,0
230795,1,216,216,0
230796,1,192,192,0
123069,1,191,191,0
123235,1,191,191,0
123236,1,189,189,0
123237,1,192,192,0
123808,1,187,187,0
123809,1,191,191,0
123810,1,211,211,0
123829,1,177,177,0
133671,1,207,207,0
136621,1,180,180,0
136622,1,200,200,0
136623,1,191,191,0
174901,1,211,211,0
174902,1,196,196,0
174903,1,182,182,0
136330,1,234,234,0
204243,1,187,187,0
204276,1,201,201,0
204283,1,200,200,0
204284,1,178,178,0
205681,1,196,196,0
205682,1,200,200,0
205736,1,192,192,0
225311,1,193,193,0
225313,1,189,189,0
225314,1,200,200,0
225315,1,211,211,0
226348,1,182,182,0
226349,1,220,220,0
226350,1,203,203,0
226645,1,178,178,0
228691,1,189,189,0
228692,1,187,187,0
228694,1,230,230,0
228695,1,181,181,0
228696,1,185,185,0
244018,1,195,195,0
244020,1,200,200,0
239837,1,220,220,0
239838,1,192,192,0
243053,1,172,172,0
243054,1,181,181,0
243064,1,203,203,0
243082,1,199,199,0
243083,1,192,192,0
243084,1,207,207,0
246115,1,203,203,0
246116,1,213,213,0
246117,1,212,212,0
246238,1,191,191,0
246239,1,197,197,0
246240,1,181,181,0
246301,1,206,206,0
246302,1,179,179,0
248222,1,178,178,0
248223,1,194,194,0
248236,1,198,198,0
248237,1,176,176,0
248238,1,184,184,0
248296,1,205,205,0
248297,1,201,201,0
248298,1,191,191,0
503,1,201,201,0
1063,1,194,194,0
1064,1,221,221,0
1065,1,211,211,0
1174,1,190,190,0
1175,1,186,186,0
1176,1,204,204,0
1537,1,184,184,0
3370,1,213,213,0
3371,1,200,200,0
3372,1,204,204,0
3616,1,191,191,0
3617,1,202,202,0
3618,1,183,183,0
3808,1,181,181,0
3809,1,215,215,0
4548,1,193,193,0
4552,1,208,208,0
4553,1,213,213,0
4554,1,211,211,0
4558,1,177,177,0
4559,1,178,178,0
4560,1,197,197,0
4600,1,220,220,0
57770,1,199,199,0
57771,1,180,180,0
226549,1,209,209,0
226550,1,184,184,0
226551,1,197,197,0
80041,1,180,180,0
97088,1,180,180,0
97089,1,187,187,0
59920,1,212,212,0
59921,1,163,163,0
59922,1,190,190,0
59926,1,203,203,0
59927,1,199,199,0
59928,1,175,175,0
59956,1,225,225,0
59957,1,199,199,0
134095,1,216,216,0
134096,1,210,210,0
134097,1,189,189,0
134098,1,214,214,0
134099,1,219,219,0
134100,1,207,207,0
134563,1,204,204,0
134564,1,180,180,0
226124,1,171,171,0
226125,1,190,190,0
228755,1,189,189,0
228756,1,197,197,0
228238,1,220,220,0
228239,1,190,190,0
228240,1,200,200,0
228297,1,173,173,0
241800,1,198,198,0
242241,1,198,198,0
245995,1,222,222,0
245996,1,206,206,0
230524,1,214,214,0
230525,1,199,199,0
230526,1,185,185,0
240448,1,186,186,0
240449,1,187,187,0
240450,1,205,205,0
240656,1,192,192,0
240657,1,178,178,0
2633,1,187,187,0
2634,1,216,216,0
2872,1,199,199,0
2873,1,195,195,0
2874,1,197,197,0
2947,1,215,215,0
2948,1,218,218,0
2949,1,197,197,0
50996,1,215,215,0
50997,1,200,200,0
78382,1,180,180,0
78383,1,204,204,0
78384,1,206,206,0
180574,1,183,183,0
180575,1,194,194,0
180576,1,194,194,0
94100,1,214,214,0
94101,1,181,181,0
94456,1,173,173,0
94457,1,240,240,0
210178,1,179,179,0
210179,1,175,175,0
210180,1,217,217,0
210184,1,199,199,0
96511,1,215,215,0
96512,1,168,168,0
96513,1,183,183,0
241852,1,216,216,0
241853,1,200,200,0
241854,1,203,203,0
244861,1,193,193,0
244862,1,193,193,0
136729,1,185,185,0
136730,1,183,183,0
136731,1,179,179,0
136744,1,184,184,0
136745,1,200,200,0
136746,1,230,230,0
174844,1,197,197,0
174845,1,215,215,0
211918,1,212,212,0
211919,1,180,180,0
211920,1,200,200,0
211930,1,186,186,0
211931,1,203,203,0
211932,1,185,185,0
211984,1,190,190,0
211985,1,205,205,0
228064,1,207,207,0
228065,1,217,217,0
228066,1,199,199,0
229540,1,231,231,0
229541,1,215,215,0
229542,1,234,234,0
237772,1,197,197,0
237682,1,205,205,0
237683,1,190,190,0
237684,1,184,184,0
240970,1,208,208,0
240971,1,216,216,0
240972,1,211,211,0
241126,1,193,193,0
241128,1,217,217,0
3039,1,190,190,0
3103,1,193,193,0
3104,1,195,195,0
3105,1,174,174,0
3115,1,221,221,0
3116,1,199,199,0
3117,1,223,223,0
3128,1,200,200,0
97567,1,187,187,0
97579,1,193,193,0
97580,1,194,194,0
97581,1,179,179,0
97597,1,181,181,0
97598,1,172,172,0
97599,1,180,180,0
97603,1,176,176,0
97604,1,200,200,0
239773,1,178,178,0
239774,1,238,238,0
239775,1,189,189,0
239962,1,197,197,0
238043,1,204,204,0
238652,1,180,180,0
238741,1,172,172,0
238742,1,198,198,0
240421,1,189,189,0
240422,1,183,183,0
240423,1,184,184,0
240580,1,192,192,0
240581,1,199,199,0
240582,1,201,201,0
240724,1,221,221,0
240725,1,189,189,0
241130,1,205,205,0
241131,1,213,213,0
241165,1,198,198,0
241166,1,211,211,0
241167,1,220,220,0
241420,1,212,212,0
241421,1,239,239,0
241422,1,187,187,0
242407,1,181,181,0
242408,1,191,191,0
242409,1,215,215,0
243328,1,184,184,0
243329,1,211,211,0
243330,1,222,222,0
243364,1,195,195,0
243365,1,198,198,0
242502,1,241,241,0
243094,1,205,205,0
243095,1,176,176,0
243096,1,233,233,0
243247,1,222,222,0
243248,1,221,221,0
243249,1,173,173,0
243292,1,193,193,0
242777,1,173,173,0
242778,1,193,193,0
242839,1,200,200,0
242840,1,196,196,0
242841,1,215,215,0
248862,1,204,204,0
248926,1,210,210,0
248928,1,202,202,0
5386,1,210,210,0
5387,1,205,205,0
5388,1,228,228,0
34327,1,186,186,0
34328,1,199,199,0
34329,1,194,194,0
46474,1,233,233,0
46475,1,201,201,0
20151,1,198,198,0
22537,1,200,200,0
22538,1,220,220,0
22539,1,204,204,0
25633,1,212,212,0
25634,1,180,180,0
25635,1,175,175,0
26017,1,189,189,0
48055,1,204,204,0
48121,1,193,193,0
48122,1,186,186,0
48123,1,220,220,0
48151,1,210,210,0
48152,1,192,192,0
48153,1,198,198,0
48181,1,177,177,0
59353,1,177,177,0
59354,1,203,203,0
59355,1,189,189,0
59371,1,206,206,0
59372,1,182,182,0
59373,1,195,195,0
59632,1,224,224,0
59633,1,185,185,0
95685,1,211,211,0
125539,1,198,198,0
125540,1,193,193,0
125541,1,188,188,0
133024,1,191,191,0
133025,1,228,228,0
133026,1,208,208,0
133144,1,205,205,0
181762,1,193,193,0
181763,1,194,194,0
181764,1,218,218,0
182446,1,202,202,0
182447,1,217,217,0
182448,1,190,190,0
182458,1,202,202,0
182459,1,208,208,0
210382,1,182,182,0
210383,1,234,234,0
210384,1,187,187,0
210385,1,203,203,0
210386,1,198,198,0
210387,1,207,207,0
210406,1,192,192,0
210408,1,229,229,0
210616,1,187,187,0
210617,1,210,210,0
210618,1,174,174,0
225010,1,213,213,0
225011,1,188,188,0
225012,1,213,213,0
225037,1,183,183,0
225038,1,197,197,0
8847,1,173,173,0
8848,1,211,211,0
8849,1,184,184,0
8850,1,214,214,0
8870,1,193,193,0
8871,1,201,201,0
8872,1,193,193,0
8873,1,186,186,0
49230,1,207,207,0
58669,1,201,201,0
58670,1,184,184,0
58671,1,223,223,0
59065,1,186,186,0
59066,1,176,176,0
59067,1,199,199,0
59168,1,209,209,0
100972,1,204,204,0
100973,1,190,190,0
100974,1,192,192,0
237313,1,189,189,0
237314,1,208,208,0
237315,1,203,203,0
237464,1,197,197,0
237465,1,192,192,0
136630,1,201,201,0
136631,1,181,181,0
136632,1,195,195,0
174781,1,181,181,0
174782,1,212,212,0
174783,1,191,191,0
174796,1,217,217,0
174797,1,196,196,0
226783,1,186,186,0
226784,1,184,184,0
226785,1,216,216,0
228352,1,190,190,0
228353,1,171,171,0
228354,1,188,188,0
237025,1,210,210,0
237026,1,163,163,0
227536,1,225,225,0
227537,1,197,197,0
227538,1,199,199,0
228808,1,197,197,0
228809,1,215,215,0
228810,1,189,189,0
229448,1,195,195,0
229449,1,209,209,0
228163,1,222,222,0
228164,1,199,199,0
228165,1,185,185,0
229927,1,211,211,0
229928,1,216,216,0
229929,1,212,212,0
230299,1,179,179,0
230300,1,214,214,0
229503,1,195,195,0
238744,1,197,197,0
238745,1,184,184,0
238746,1,208,208,0
238854,1,190,190,0
238927,1,212,212,0
238928,1,198,198,0
239104,1,192,192,0
245724,1,208,208,0
245819,1,211,211,0
26349,1,204,204,0
46750,1,192,192,0
46751,1,179,179,0
46752,1,194,194,0
49288,1,209,209,0
49289,1,182,182,0
49290,1,211,211,0
49612,1,190,190,0
94840,1,194,194,0
94841,1,194,194,0
94842,1,228,228,0
94858,1,234,234,0
94859,1,202,202,0
94860,1,192,192,0
94904,1,186,186,0
94905,1,180,180,0
136891,1,171,171,0
136892,1,180,180,0
136893,1,217,217,0
206614,1,217,217,0
206615,1,189,189,0
206616,1,208,208,0
212785,1,185,185,0
212786,1,185,185,0
211007,1,221,221,0
211010,1,199,199,0
211011,1,225,225,0
211015,1,186,186,0
211016,1,226,226,0
211017,1,177,177,0
211024,1,185,185,0
212965,1,177,177,0
229150,1,201,201,0
229151,1,186,186,0
229152,1,177,177,0
229159,1,196,196,0
229160,1,227,227,0
229161,1,202,202,0
229162,1,188,188,0
229163,1,199,199,0
237454,1,182,182,0
237455,1,163,163,0
237727,1,179,179,0
237728,1,183,183,0
237729,1,195,195,0
237925,1,231,231,0
237926,1,195,195,0
237927,1,211,211,0
239563,1,193,193,0
239564,1,193,193,0
239565,1,198,198,0
240841,1,200,200,0
240842,1,206,206,0
240843,1,198,198,0
240925,1,234,234,0
240926,1,218,218,0
245771,1,167,167,0
245772,1,218,218,0
245782,1,166,166,0
245783,1,189,189,0
245784,1,230,230,0
245800,1,209,209,0
245801,1,159,159,0
245802,1,191,191,0
33309,1,198,198,0
33319,1,232,232,0
33320,1,188,188,0
33321,1,191,191,0
33331,1,192,192,0
33332,1,211,211,0
33333,1,206,206,0
33349,1,192,192,0
33355,1,202,202,0
33356,1,198,198,0
33357,1,187,187,0
33367,1,208,208,0
33368,1,214,214,0
33369,1,191,191,0
33409,1,204,204,0
33410,1,208,208,0
33706,1,208,208,0
33707,1,202,202,0
33708,1,185,185,0
57307,1,227,227,0
57308,1,224,224,0
57309,1,201,201,0
58309,1,206,206,0
58310,1,225,225,0
49433,1,209,209,0
49434,1,186,186,0
210025,1,186,186,0
210026,1,180,180,0
210027,1,184,184,0
78094,1,208,208,0
78095,1,216,216,0
78096,1,203,203,0
95407,1,187,187,0
97495,1,215,215,0
97496,1,180,180,0
97497,1,164,164,0
97507,1,215,215,0
97508,1,218,218,0
97509,1,202,202,0
97561,1,191,191,0
175917,1,179,179,0
211975,1,193,193,0
211976,1,190,190,0
211977,1,190,190,0
212128,1,186,186,0
212129,1,187,187,0
212130,1,182,182,0
212155,1,213,213,0
180859,1,200,200,0
180860,1,178,178,0
180861,1,178,178,0
180886,1,173,173,0
180887,1,189,189,0
180888,1,227,227,0
205315,1,208,208,0
205316,1,228,228,0
210233,1,180,180,0
210234,1,168,168,0
210235,1,199,199,0
210236,1,194,194,0
210237,1,209,209,0
210259,1,191,191,0
210260,1,180,180,0
210261,1,218,218,0
45094,1,213,213,0
45095,1,189,189,0
45096,1,195,195,0
48808,1,198,198,0
48809,1,189,189,0
48810,1,192,192,0
50816,1,189,189,0
50817,1,207,207,0
59983,1,189,189,0
59984,1,189,189,0
59985,1,192,192,0
72316,1,203,203,0
72317,1,177,177,0
72318,1,180,180,0
72346,1,171,171,0
72347,1,198,198,0
74167,1,181,181,0
74191,1,203,203,0
74192,1,230,230,0
74193,1,195,195,0
74266,1,193,193,0
74267,1,221,221,0
74268,1,222,222,0
74281,1,189,189,0
96364,1,183,183,0
96365,1,217,217,0
96366,1,206,206,0
97153,1,205,205,0
97154,1,225,225,0
97155,1,202,202,0
97267,1,180,180,0
97268,1,214,214,0
132658,1,168,168,0
132659,1,215,215,0
132660,1,216,216,0
132667,1,183,183,0
132668,1,196,196,0
132669,1,192,192,0
132730,1,195,195,0
132731,1,222,222,0
212367,1,210,210,0
212368,1,191,191,0
212369,1,210,210,0
212370,1,198,198,0
225055,1,205,205,0
225056,1,208,208,0
225057,1,192,192,0
225344,1,163,163,0
245806,1,188,188,0
245807,1,195,195,0
245808,1,192,192,0
245809,1,217,217,0
245810,1,184,184,0
245811,1,185,185,0
245824,1,180,180,0
245825,1,217,217,0
45373,1,228,228,0
45374,1,229,229,0
45375,1,192,192,0
48832,1,205,205,0
48833,1,221,221,0
48834,1,201,201,0
50456,1,217,217,0
50457,1,194,194,0
135241,1,204,204,0
135242,1,196,196,0
135243,1,196,196,0
245014,1,210,210,0
245015,1,208,208,0
245016,1,185,185,0
245986,1,191,191,0
245987,1,214,214,0
237243,1,187,187,0
237436,1,178,178,0
237437,1,191,191,0
237438,1,186,186,0
237774,1,183,183,0
238906,1,204,204,0
238908,1,189,189,0
239024,1,197,197,0
238012,1,219,219,0
238013,1,189,189,0
238014,1,195,195,0
238907,1,216,216,0
237786,1,220,220,0
239944,1,190,190,0
239945,1,174,174,0
239946,1,186,186,0
240924,1,190,190,0
243063,1,188,188,0
243070,1,192,192,0
243072,1,208,208,0
243088,1,192,192,0
243089,1,188,188,0
243090,1,207,207,0
243100,1,215,215,0
241220,1,188,188,0
241221,1,206,206,0
241228,1,190,190,0
241229,1,187,187,0
241230,1,205,205,0
242833,1,206,206,0
242834,1,211,211,0
242835,1,220,220,0
241241,1,195,195,0
241242,1,209,209,0
241246,1,196,196,0
241247,1,182,182,0
241248,1,193,193,0
241252,1,216,216,0
241253,1,197,197,0
241254,1,189,189,0
242796,1,195,195,0
242843,1,184,184,0
242844,1,189,189,0
242857,1,189,189,0
242858,1,228,228,0
242859,1,187,187,0
243157,1,196,196,0
243158,1,223,223,0
243159,1,216,216,0
211054,1,199,199,0
211055,1,189,189,0
211056,1,195,195,0
211099,1,197,197,0
211100,1,192,192,0
211809,1,190,190,0
211822,1,212,212,0
211823,1,202,202,0
211807,1,187,187,0
211824,1,202,202,0
211825,1,216,216,0
211826,1,195,195,0
211827,1,202,202,0
239040,1,180,180,0
239047,1,185,185,0
239048,1,183,183,0
226094,1,185,185,0
226095,1,189,189,0
226105,1,200,200,0
226106,1,212,212,0
226107,1,210,210,0
226120,1,204,204,0
226121,1,194,194,0
226122,1,195,195,0
229363,1,190,190,0
229364,1,214,214,0
229365,1,198,198,0
230404,1,194,194,0
230405,1,181,181,0
230406,1,180,180,0
230716,1,195,195,0
230717,1,215,215,0
237445,1,191,191,0
237446,1,201,201,0
237447,1,226,226,0
238207,1,203,203,0
238208,1,181,181,0
238209,1,184,184,0
238429,1,205,205,0
238430,1,224,224,0
241096,1,203,203,0
241097,1,204,204,0
241098,1,212,212,0
248710,1,176,176,0
248711,1,191,191,0
248712,1,207,207,0
248836,1,188,188,0
248837,1,204,204,0
226631,1,192,192,0
240099,1,198,198,0
240320,1,190,190,0
240321,1,217,217,0
240778,1,172,172,0
240779,1,177,177,0
240780,1,207,207,0
240781,1,197,197,0
227467,1,190,190,0
227468,1,200,200,0
227469,1,189,189,0
228041,1,180,180,0
229153,1,189,189,0
229154,1,187,187,0
229155,1,215,215,0
229165,1,198,198,0
230415,1,176,176,0
230461,1,185,185,0
230462,1,200,200,0
230463,1,194,194,0
240819,1,232,232,0
241108,1,185,185,0
241110,1,182,182,0
241132,1,196,196,0
230618,1,191,191,0
230619,1,170,170,0
237807,1,203,203,0
241371,1,191,191,0
238660,1,195,195,0
238661,1,188,188,0
238662,1,173,173,0
238881,1,193,193,0
244863,1,174,174,0
245464,1,174,174,0
245465,1,202,202,0
245466,1,189,189,0
240655,1,180,180,0
240748,1,190,190,0
240749,1,215,215,0
240750,1,207,207,0
240871,1,156,156,0
240872,1,177,177,0
240873,1,194,194,0
240896,1,204,204,0
240747,1,168,168,0
240886,1,185,185,0
240887,1,180,180,0
240901,1,197,197,0
240902,1,218,218,0
240903,1,173,173,0
240910,1,190,190,0
240912,1,198,198,0
240798,1,227,227,0
240801,1,198,198,0
240805,1,213,213,0
240806,1,207,207,0
240807,1,181,181,0
240892,1,187,187,0
240893,1,220,220,0
240894,1,230,230,0
240861,1,202,202,0
240010,1,227,227,0
240011,1,202,202,0
240012,1,185,185,0
238929,1,192,192,0
238892,1,184,184,0
238893,1,187,187,0
238894,1,209,209,0
238896,1,185,185,0
240799,1,177,177,0
240911,1,190,190,0
240922,1,209,209,0
240923,1,202,202,0
240928,1,181,181,0
240929,1,234,234,0
240930,1,176,176,0
240961,1,205,205,0
241249,1,180,180,0
241250,1,226,226,0
241251,1,179,179,0
241324,1,210,210,0
241325,1,192,192,0
242915,1,176,176,0
242916,1,202,202,0
242965,1,205,205,0
242966,1,209,209,0
242967,1,236,236,0
243203,1,212,212,0
243204,1,176,176,0
243282,1,200,200,0
243238,1,203,203,0
243239,1,228,228,0
243240,1,198,198,0
243284,1,186,186,0
243285,1,198,198,0
243508,1,207,207,0
243509,1,196,196,0
243510,1,198,198,0
243293,1,197,197,0
243333,1,203,203,0
243418,1,205,205,0
243419,1,222,222,0
243420,1,215,215,0
243421,1,181,181,0
243422,1,215,215,0
243472,1,196,196,0
243473,1,199,199,0
243474,1,191,191,0
248927,1,225,225,0
582,1,178,178,0
1417,1,184,184,0
1418,1,190,190,0
1419,1,213,213,0
1493,1,205,205,0
1494,1,178,178,0
95696,1,194,194,0
95697,1,197,197,0
928,1,236,236,0
929,1,183,183,0
930,1,194,194,0
967,1,211,211,0
968,1,203,203,0
969,1,204,204,0
973,1,203,203,0
974,1,196,196,0
7414,1,216,216,0
7415,1,192,192,0
7416,1,182,182,0
76111,1,179,179,0
76112,1,196,196,0
76113,1,208,208,0
95686,1,189,189,0
95688,1,206,206,0
8929,1,186,186,0
8930,1,187,187,0
8931,1,211,211,0
8947,1,179,179,0
8948,1,194,194,0
8949,1,194,194,0
175900,1,192,192,0
180573,1,197,197,0
8943,1,216,216,0
19654,1,196,196,0
19655,1,227,227,0
19656,1,189,189,0
25546,1,189,189,0
25547,1,210,210,0
25548,1,222,222,0
26947,1,218,218,0
25323,1,201,201,0
25450,1,190,190,0
25451,1,187,187,0
25452,1,203,203,0
50778,1,221,221,0
75487,1,187,187,0
75489,1,223,223,0
174377,1,210,210,0
125779,1,194,194,0
125780,1,182,182,0
125781,1,209,209,0
132329,1,216,216,0
132330,1,207,207,0
132352,1,198,198,0
132353,1,191,191,0
132354,1,182,182,0
133174,1,200,200,0
133175,1,205,205,0
133201,1,200,200,0
133202,1,201,201,0
133203,1,174,174,0
133234,1,203,203,0
133235,1,210,210,0
133236,1,186,186,0
2802,1,195,195,0
3079,1,228,228,0
3080,1,209,209,0
3081,1,201,201,0
3163,1,185,185,0
3164,1,194,194,0
3165,1,217,217,0
3580,1,225,225,0
4618,1,209,209,0
4619,1,208,208,0
4620,1,174,174,0
4636,1,178,178,0
4637,1,207,207,0
4638,1,213,213,0
4648,1,184,184,0
4649,1,174,174,0
4702,1,206,206,0
4703,1,180,180,0
4704,1,201,201,0
4708,1,188,188,0
4709,1,208,208,0
4710,1,197,197,0
7468,1,219,219,0
7469,1,190,190,0
19069,1,189,189,0
19070,1,214,214,0
19071,1,223,223,0
19945,1,188,188,0
19946,1,191,191,0
19947,1,179,179,0
26347,1,188,188,0
26348,1,192,192,0
49524,1,195,195,0
50404,1,199,199,0
50405,1,202,202,0
50406,1,190,190,0
79771,1,197,197,0
79772,1,200,200,0
175744,1,225,225,0
175745,1,200,200,0
73325,1,227,227,0
73326,1,189,189,0
73366,1,204,204,0
73367,1,195,195,0
73368,1,211,211,0
73381,1,227,227,0
73382,1,190,190,0
73383,1,217,217,0
73662,1,204,204,0
74159,1,211,211,0
74160,1,183,183,0
74616,1,205,205,0
93127,1,202,202,0
93128,1,191,191,0
93129,1,199,199,0
94099,1,207,207,0
79582,1,192,192,0
79583,1,214,214,0
80042,1,240,240,0
80043,1,203,203,0
97087,1,225,225,0
212389,1,181,181,0
212390,1,204,204,0
225409,1,197,197,0
4198,1,206,206,0
4199,1,199,199,0
4200,1,188,188,0
4252,1,207,207,0
4253,1,195,195,0
4254,1,207,207,0
4264,1,206,206,0
4265,1,189,189,0
18823,1,207,207,0
18824,1,205,205,0
18825,1,194,194,0
19000,1,196,196,0
19001,1,213,213,0
19002,1,205,205,0
19928,1,202,202,0
19929,1,205,205,0
26885,1,184,184,0
26886,1,184,184,0
26887,1,218,218,0
26888,1,189,189,0
26889,1,211,211,0
57082,1,203,203,0
57083,1,190,190,0
57084,1,169,169,0
46476,1,183,183,0
47875,1,190,190,0
47877,1,203,203,0
135584,1,204,204,0
135585,1,228,228,0
136256,1,205,205,0
136257,1,197,197,0
136429,1,160,160,0
124082,1,189,189,0
124083,1,209,209,0
124815,1,192,192,0
125771,1,192,192,0
125772,1,208,208,0
125794,1,198,198,0
125795,1,195,195,0
125796,1,221,221,0
125692,1,204,204,0
125693,1,190,190,0
125694,1,209,209,0
124738,1,189,189,0
124739,1,209,209,0
124740,1,203,203,0
124813,1,203,203,0
124814,1,186,186,0
125181,1,216,216,0
135583,1,196,196,0
136255,1,204,204,0
205182,1,197,197,0
206548,1,196,196,0
206549,1,200,200,0
206550,1,207,207,0
212787,1,216,216,0
240256,1,207,207,0
240257,1,190,190,0
240258,1,203,203,0
240277,1,212,212,0
240278,1,216,216,0
240279,1,231,231,0
240416,1,209,209,0
240417,1,221,221,0
4499,1,205,205,0
4500,1,192,192,0
4564,1,195,195,0
4565,1,211,211,0
4566,1,215,215,0
4582,1,197,197,0
4583,1,188,188,0
4584,1,192,192,0
33990,1,202,202,0
45490,1,211,211,0
45491,1,206,206,0
45492,1,212,212,0
48682,1,193,193,0
48683,1,195,195,0
48684,1,186,186,0
50548,1,195,195,0
45271,1,207,207,0
45272,1,205,205,0
45273,1,178,178,0
47260,1,192,192,0
47261,1,218,218,0
47262,1,184,184,0
49540,1,212,212,0
49541,1,198,198,0
50727,1,179,179,0
74413,1,197,197,0
74414,1,170,170,0
74415,1,213,213,0
79305,1,173,173,0
97244,1,192,192,0
97245,1,207,207,0
226630,1,204,204,0
59630,1,181,181,0
59631,1,210,210,0
76930,1,189,189,0
76931,1,202,202,0
76932,1,176,176,0
77656,1,185,185,0
77657,1,182,182,0
77658,1,204,204,0
79566,1,197,197,0
79636,1,184,184,0
79637,1,174,174,0
79638,1,182,182,0
79915,1,200,200,0
79916,1,183,183,0
79917,1,173,173,0
97309,1,180,180,0
97310,1,183,183,0
174696,1,207,207,0
174853,1,201,201,0
174854,1,215,215,0
136687,1,191,191,0
136688,1,200,200,0
174763,1,192,192,0
174764,1,203,203,0
174765,1,208,208,0
211217,1,190,190,0
211218,1,197,197,0
211228,1,188,188,0
211229,1,204,204,0
212269,1,189,189,0
212296,1,207,207,0
212297,1,211,211,0
212298,1,206,206,0
33642,1,188,188,0
33646,1,217,217,0
33647,1,193,193,0
33648,1,205,205,0
34579,1,220,220,0
34580,1,186,186,0
34581,1,184,184,0
34957,1,176,176,0
132351,1,184,184,0
132358,1,232,232,0
132359,1,224,224,0
132360,1,188,188,0
132391,1,199,199,0
132392,1,178,178,0
132393,1,194,194,0
132940,1,211,211,0
175824,1,195,195,0
176026,1,187,187,0
176027,1,210,210,0
176028,1,217,217,0
176600,1,158,158,0
176601,1,211,211,0
176577,1,225,225,0
176614,1,189,189,0
211675,1,186,186,0
211676,1,171,171,0
211677,1,167,167,0
211678,1,174,174,0
211679,1,177,177,0
211680,1,185,185,0
211693,1,189,189,0
211694,1,209,209,0
211695,1,206,206,0
228112,1,188,188,0
228113,1,180,180,0
228114,1,209,209,0
239815,1,191,191,0
239816,1,183,183,0
239817,1,190,190,0
240283,1,205,205,0
240284,1,194,194,0
228647,1,199,199,0
237919,1,210,210,0
237920,1,200,200,0
237921,1,198,198,0
238015,1,204,204,0
238016,1,189,189,0
238017,1,214,214,0
238042,1,204,204,0
237508,1,214,214,0
237509,1,204,204,0
237510,1,220,220,0
238213,1,196,196,0
238214,1,188,188,0
238215,1,196,196,0
238402,1,211,211,0
238403,1,203,203,0
238387,1,201,201,0
238388,1,226,226,0
238389,1,203,203,0
238411,1,197,197,0
238412,1,206,206,0
238413,1,208,208,0
238528,1,217,217,0
238529,1,188,188,0
50734,1,192,192,0
50735,1,221,221,0
100591,1,202,202,0
206639,1,188,188,0
230624,1,191,191,0
230625,1,214,214,0
241573,1,182,182,0
241574,1,188,188,0
121564,1,177,177,0
121565,1,188,188,0
121566,1,197,197,0
124216,1,192,192,0
124217,1,195,195,0
124218,1,171,171,0
136357,1,190,190,0
136358,1,204,204,0
133812,1,179,179,0
133822,1,180,180,0
133823,1,189,189,0
133824,1,212,212,0
133825,1,215,215,0
133826,1,195,195,0
133827,1,175,175,0
135955,1,168,168,0
176586,1,211,211,0
176593,1,186,186,0
176594,1,188,188,0
176595,1,196,196,0
176641,1,202,202,0
176642,1,191,191,0
176643,1,190,190,0
176665,1,200,200,0
226696,1,213,213,0
226697,1,184,184,0
226698,1,212,212,0
226699,1,210,210,0
226700,1,202,202,0
226701,1,206,206,0
226723,1,194,194,0
226724,1,185,185,0
226972,1,204,204,0
226973,1,201,201,0
226974,1,187,187,0
226996,1,170,170,0
226997,1,193,193,0
226998,1,223,223,0
227059,1,203,203,0
227060,1,192,192,0
227061,1,209,209,0
227074,1,222,222,0
227075,1,192,192,0
227076,1,208,208,0
227116,1,182,182,0
227117,1,200,200,0
227118,1,195,195,0
227188,1,192,192,0
227557,1,179,179,0
227558,1,192,192,0
227559,1,174,174,0
238006,1,198,198,0
238007,1,217,217,0
238008,1,190,190,0
238168,1,204,204,0
238169,1,181,181,0
58147,1,181,181,0
58148,1,210,210,0
58149,1,220,220,0
98806,1,204,204,0
98807,1,197,197,0
98808,1,211,211,0
123364,1,228,228,0
123365,1,214,214,0
137122,1,221,221,0
137123,1,190,190,0
137124,1,209,209,0
137128,1,173,173,0
137129,1,215,215,0
137130,1,179,179,0
137144,1,180,180,0
137145,1,200,200,0
212165,1,184,184,0
212166,1,181,181,0
212170,1,217,217,0
212171,1,190,190,0
212172,1,184,184,0
212200,1,196,196,0
212201,1,187,187,0
212202,1,237,237,0
212824,1,197,197,0
212825,1,194,194,0
212826,1,201,201,0
225127,1,206,206,0
225129,1,200,200,0
225217,1,199,199,0
225218,1,191,191,0
225219,1,202,202,0
225253,1,192,192,0
225254,1,200,200,0
225255,1,175,175,0
225544,1,197,197,0
225545,1,205,205,0
225546,1,201,201,0
241846,1,197,197,0
241847,1,187,187,0
241848,1,197,197,0
241897,1,190,190,0
241898,1,200,200,0
227614,1,205,205,0
227615,1,217,217,0
227616,1,191,191,0
227623,1,195,195,0
227624,1,207,207,0
227625,1,190,190,0
228373,1,202,202,0
228374,1,180,180,0
228375,1,188,188,0
228472,1,194,194,0
228473,1,174,174,0
228474,1,234,234,0
229894,1,227,227,0
229895,1,208,208,0
229896,1,198,198,0
238432,1,191,191,0
237694,1,198,198,0
237695,1,209,209,0
237697,1,204,204,0
237698,1,222,222,0
237699,1,201,201,0
237730,1,190,190,0
237731,1,215,215,0
237732,1,192,192,0
77612,1,201,201,0
77613,1,200,200,0
133369,1,183,183,0
133370,1,191,191,0
133371,1,188,188,0
212362,1,214,214,0
212363,1,187,187,0
212364,1,201,201,0
93139,1,200,200,0
93140,1,195,195,0
93141,1,180,180,0
93145,1,190,190,0
93146,1,194,194,0
93147,1,182,182,0
93217,1,193,193,0
93218,1,183,183,0
95053,1,196,196,0
95054,1,200,200,0
95055,1,192,192,0
95062,1,190,190,0
95063,1,211,211,0
95064,1,179,179,0
95092,1,194,194,0
95093,1,189,189,0
205434,1,184,184,0
227173,1,190,190,0
227174,1,209,209,0
227175,1,181,181,0
227296,1,180,180,0
227297,1,186,186,0
227298,1,208,208,0
227917,1,203,203,0
227918,1,196,196,0
228133,1,202,202,0
228134,1,215,215,0
228135,1,201,201,0
240049,1,240,240,0
240050,1,187,187,0
240051,1,190,190,0
240301,1,205,205,0
240302,1,214,214,0
228895,1,200,200,0
228896,1,175,175,0
228897,1,182,182,0
229123,1,209,209,0
229124,1,212,212,0
229125,1,207,207,0
229372,1,193,193,0
229373,1,213,213,0
240090,1,196,196,0
240151,1,194,194,0
240152,1,199,199,0
240199,1,186,186,0
240200,1,225,225,0
240201,1,199,199,0
240334,1,190,190,0
240336,1,219,219,0
93098,1,184,184,0
93099,1,186,186,0
93103,1,185,185,0
93104,1,191,191,0
93105,1,215,215,0
93133,1,206,206,0
93134,1,193,193,0
93135,1,178,178,0
125855,1,205,205,0
125863,1,201,201,0
125864,1,181,181,0
125865,1,198,198,0
125878,1,178,178,0
125879,1,193,193,0
125880,1,188,188,0
125914,1,200,200,0
135030,1,183,183,0
135064,1,211,211,0
135065,1,182,182,0
135066,1,196,196,0
136331,1,206,206,0
136332,1,188,188,0
136636,1,183,183,0
136258,1,185,185,0
137785,1,204,204,0
137786,1,199,199,0
137787,1,225,225,0
137833,1,206,206,0
137834,1,186,186,0
137835,1,208,208,0
137869,1,184,184,0
137870,1,189,189,0
205666,1,215,215,0
205667,1,212,212,0
205668,1,192,192,0
205687,1,199,199,0
205688,1,182,182,0
205689,1,205,205,0
205753,1,228,228,0
205754,1,194,194,0
211722,1,195,195,0
211726,1,215,215,0
211727,1,203,203,0
211728,1,189,189,0
211771,1,195,195,0
211772,1,196,196,0
211773,1,203,203,0
211784,1,180,180,0
238036,1,179,179,0
238037,1,172,172,0
238038,1,191,191,0
238126,1,202,202,0
238127,1,224,224,0
238128,1,186,186,0
238177,1,185,185,0
238178,1,193,193,0
238170,1,189,189,0
240271,1,198,198,0
240272,1,184,184,0
240273,1,174,174,0
240337,1,190,190,0
240338,1,193,193,0
240339,1,183,183,0
240360,1,185,185,0
132120,1,181,181,0
132151,1,173,173,0
132153,1,189,189,0
133092,1,198,198,0
133162,1,196,196,0
133163,1,205,205,0
133164,1,187,187,0
133176,1,197,197,0
132202,1,212,212,0
132203,1,207,207,0
132204,1,204,204,0
132211,1,196,196,0
132212,1,186,186,0
132213,1,195,195,0
132220,1,171,171,0
132221,1,209,209,0
133114,1,194,194,0
133115,1,206,206,0
133116,1,190,190,0
137335,1,209,209,0
137805,1,190,190,0
137839,1,210,210,0
137840,1,192,192,0
137953,1,213,213,0
175908,1,187,187,0
175918,1,171,171,0
175919,1,200,200,0
175920,1,182,182,0
175930,1,215,215,0
175931,1,167,167,0
175932,1,194,194,0
176050,1,204,204,0
227586,1,204,204,0
227953,1,203,203,0
227954,1,193,193,0
227955,1,179,179,0
227956,1,212,212,0
227957,1,206,206,0
227958,1,219,219,0
228061,1,205,205,0
228676,1,206,206,0
228677,1,209,209,0
228678,1,191,191,0
230974,1,210,210,0
230975,1,180,180,0
230976,1,184,184,0
240088,1,196,196,0
240089,1,197,197,0
238404,1,213,213,0
238462,1,188,188,0
238463,1,233,233,0
238464,1,217,217,0
238558,1,187,187,0
238559,1,207,207,0
238560,1,191,191,0
238957,1,182,182,0
239637,1,211,211,0
240017,1,181,181,0
240018,1,197,197,0
240085,1,223,223,0
240086,1,196,196,0
240106,1,198,198,0
240107,1,181,181,0
240108,1,184,184,0
135615,1,179,179,0
175901,1,173,173,0
175902,1,209,209,0
180571,1,194,194,0
180572,1,225,225,0
180592,1,200,200,0
136193,1,199,199,0
136194,1,190,190,0
136222,1,170,170,0
136223,1,204,204,0
136224,1,204,204,0
136252,1,180,180,0
136253,1,197,197,0
136254,1,210,210,0
136571,1,198,198,0
136572,1,215,215,0
136698,1,208,208,0
136675,1,215,215,0
136676,1,196,196,0
136677,1,201,201,0
174694,1,175,175,0
174695,1,171,171,0
228115,1,185,185,0
228116,1,204,204,0
228117,1,192,192,0
238921,1,202,202,0
238922,1,204,204,0
238923,1,177,177,0
238963,1,197,197,0
238964,1,216,216,0
229164,1,232,232,0
229168,1,218,218,0
229169,1,193,193,0
229170,1,187,187,0
229183,1,234,234,0
229184,1,202,202,0
229185,1,194,194,0
229186,1,218,218,0
229374,1,226,226,0
238597,1,177,177,0
238598,1,187,187,0
238599,1,213,213,0
239308,1,192,192,0
239309,1,170,170,0
239310,1,187,187,0
240120,1,214,214,0
230671,1,204,204,0
245822,1,201,201,0
245823,1,189,189,0
239023,1,223,223,0
239025,1,181,181,0
240490,1,183,183,0
240491,1,193,193,0
240492,1,214,214,0
240502,1,183,183,0
240503,1,188,188,0
240504,1,183,183,0
240574,1,219,219,0
240576,1,201,201,0
240888,1,194,194,0
238768,1,189,189,0
238769,1,181,181,0
238770,1,212,212,0
238780,1,188,188,0
238781,1,214,214,0
238782,1,178,178,0
238900,1,220,220,0
238901,1,203,203,0
238958,1,191,191,0
238959,1,193,193,0
239254,1,199,199,0
239255,1,237,237,0
239256,1,209,209,0
239401,1,199,199,0
239402,1,212,212,0
239403,1,218,218,0
239105,1,183,183,0
239106,1,205,205,0
239443,1,216,216,0
239444,1,179,179,0
239445,1,206,206,0
239797,1,231,231,0
240028,1,211,211,0
240029,1,199,199,0
240114,1,215,215,0
240129,1,207,207,0
240235,1,201,201,0
240236,1,200,200,0
240237,1,183,183,0
240299,1,216,216,0
240466,1,185,185,0
240633,1,204,204,0
240641,1,199,199,0
240642,1,194,194,0
