11,1,1080,1080,0
12,1,1089,1089,0
69,1,1067,1067,0
70,1,1084,1084,0
935,1,998,998,0
936,1,1083,1083,0
2003,1,1014,1014,0
2004,1,1075,1075,0
2013,1,1055,1055,0
2014,1,1037,1037,0
2037,1,1122,1122,0
2038,1,1101,1101,0
2041,1,1121,1121,0
2042,1,1115,1115,0
2927,1,1066,1066,0
2928,1,1094,1094,0
2929,1,1097,1097,0
2930,1,1051,1051,0
2931,1,988,988,0
2932,1,1076,1076,0
2933,1,1031,1031,0
2934,1,963,963,0
3305,1,1106,1106,0
3306,1,1028,1028,0
3815,1,972,972,0
3816,1,1088,1088,0
3823,1,1035,1035,0
3824,1,1042,1042,0
3849,1,1053,1053,0
3850,1,1049,1049,0
3857,1,1063,1063,0
3858,1,1044,1044,0
3889,1,983,983,0
3890,1,1085,1085,0
3893,1,1086,1086,0
3894,1,986,986,0
3905,1,1048,1048,0
3906,1,1087,1087,0
3925,1,1018,1018,0
3926,1,1104,1104,0
2033,1,1136,1136,0
2034,1,1043,1043,0
2117,1,1018,1018,0
2118,1,1017,1017,0
2121,1,1072,1072,0
2122,1,1109,1109,0
2131,1,973,973,0
2132,1,1119,1119,0
2133,1,970,970,0
2134,1,1078,1078,0
2135,1,1098,1098,0
2136,1,1058,1058,0
2141,1,1014,1014,0
2142,1,1082,1082,0
2151,1,1039,1039,0
2152,1,1041,1041,0
2153,1,1115,1115,0
2154,1,1096,1096,0
2161,1,1048,1048,0
2162,1,1066,1066,0
2167,1,1048,1048,0
2168,1,1118,1118,0
2173,1,1033,1033,0
2174,1,989,989,0
2219,1,1001,1001,0
2220,1,1000,1000,0
2305,1,992,992,0
2306,1,1012,1012,0
2309,1,1008,1008,0
2310,1,998,998,0
2321,1,1063,1063,0
2322,1,1093,1093,0
2353,1,1035,1035,0
2354,1,1054,1054,0
2373,1,1037,1037,0
2374,1,983,983,0
2391,1,975,975,0
2392,1,1094,1094,0
2397,1,1057,1057,0
2398,1,1034,1034,0
2401,1,1000,1000,0
2402,1,1030,1030,0
2427,1,1056,1056,0
2428,1,1116,1116,0
2437,1,1115,1115,0
2438,1,996,996,0
2439,1,1042,1042,0
2440,1,1071,1071,0
2469,1,1036,1036,0
2470,1,1053,1053,0
2495,1,985,985,0
2496,1,1018,1018,0
19,1,1078,1078,0
20,1,1061,1061,0
29,1,1077,1077,0
30,1,1055,1055,0
33,1,1020,1020,0
34,1,1029,1029,0
43,1,1026,1026,0
44,1,1115,1115,0
2405,1,1118,1118,0
2406,1,973,973,0
2475,1,1113,1113,0
2476,1,1082,1082,0
2519,1,974,974,0
2520,1,1051,1051,0
2537,1,1095,1095,0
2538,1,1040,1040,0
2547,1,1093,1093,0
2548,1,1096,1096,0
2585,1,993,993,0
2586,1,1006,1006,0
2607,1,1110,1110,0
2608,1,1016,1016,0
2621,1,1055,1055,0
2622,1,1045,1045,0
2649,1,1095,1095,0
2650,1,1057,1057,0
2653,1,1010,1010,0
2654,1,1087,1087,0
2683,1,1026,1026,0
2684,1,1074,1074,0
2755,1,1061,1061,0
2756,1,1079,1079,0
2807,1,1037,1037,0
2808,1,1064,1064,0
2813,1,1057,1057,0
2814,1,1078,1078,0
2819,1,1011,1011,0
2820,1,1078,1078,0
2823,1,1091,1091,0
2824,1,1088,1088,0
2839,1,1010,1010,0
2840,1,1053,1053,0
1787,1,978,978,0
1788,1,1035,1035,0
1791,1,1069,1069,0
1792,1,995,995,0
1831,1,1081,1081,0
1832,1,1020,1020,0
2689,1,1078,1078,0
2690,1,1040,1040,0
4941,1,997,997,0
4942,1,990,990,0
5089,1,1139,1139,0
5090,1,1036,1036,0
5231,1,1077,1077,0
5232,1,1068,1068,0
5969,1,1040,1040,0
5970,1,1075,1075,0
7015,1,1123,1123,0
7016,1,1068,1068,0
7173,1,1110,1110,0
7174,1,1041,1041,0
7401,1,1027,1027,0
7402,1,1044,1044,0
7407,1,1109,1109,0
7408,1,1104,1104,0
7463,1,1062,1062,0
7464,1,1066,1066,0
7527,1,1110,1110,0
7528,1,1069,1069,0
8003,1,1038,1038,0
8004,1,1055,1055,0
10013,1,1029,1029,0
10014,1,1001,1001,0
10731,1,1071,1071,0
10732,1,1049,1049,0
11175,1,1070,1070,0
11176,1,1043,1043,0
2835,1,1124,1124,0
2836,1,1089,1089,0
2861,1,1079,1079,0
2862,1,1050,1050,0
2869,1,1022,1022,0
2870,1,1028,1028,0
2873,1,1062,1062,0
2874,1,1073,1073,0
2889,1,1059,1059,0
2890,1,1048,1048,0
2923,1,1040,1040,0
2924,1,1064,1064,0
3003,1,1088,1088,0
3004,1,1104,1104,0
3017,1,1083,1083,0
3018,1,1043,1043,0
3043,1,1120,1120,0
3044,1,1012,1012,0
3077,1,986,986,0
3078,1,1035,1035,0
3095,1,1029,1029,0
3096,1,1102,1102,0
3099,1,1056,1056,0
3100,1,1141,1141,0
3101,1,1054,1054,0
3102,1,1032,1032,0
3115,1,1099,1099,0
3116,1,1061,1061,0
3167,1,1100,1100,0
3168,1,1071,1071,0
3187,1,1024,1024,0
3188,1,1014,1014,0
3191,1,1070,1070,0
3192,1,1045,1045,0
3217,1,1017,1017,0
3218,1,1016,1016,0
3249,1,1055,1055,0
3250,1,1101,1101,0
3315,1,1004,1004,0
3316,1,1081,1081,0
3319,1,1073,1073,0
3320,1,1080,1080,0
3325,1,1101,1101,0
3326,1,1019,1019,0
3369,1,1086,1086,0
3370,1,1064,1064,0
139,1,1081,1081,0
140,1,1072,1072,0
181,1,961,961,0
182,1,985,985,0
217,1,1090,1090,0
218,1,1113,1113,0
237,1,1039,1039,0
238,1,1050,1050,0
943,1,1046,1046,0
944,1,1098,1098,0
945,1,1017,1017,0
946,1,1056,1056,0
959,1,1054,1054,0
960,1,1092,1092,0
1073,1,1014,1014,0
1074,1,1044,1044,0
3197,1,1056,1056,0
3198,1,1026,1026,0
3371,1,1063,1063,0
3372,1,1081,1081,0
3395,1,1001,1001,0
3396,1,1034,1034,0
3399,1,1006,1006,0
3400,1,990,990,0
3405,1,1102,1102,0
3406,1,1047,1047,0
3489,1,1087,1087,0
3490,1,1041,1041,0
3497,1,1002,1002,0
3498,1,1080,1080,0
3531,1,1084,1084,0
3532,1,1075,1075,0
3533,1,1059,1059,0
3534,1,1019,1019,0
3537,1,1024,1024,0
3538,1,1018,1018,0
3547,1,1081,1081,0
3548,1,1016,1016,0
3583,1,1099,1099,0
3584,1,1020,1020,0
3617,1,1043,1043,0
3618,1,1024,1024,0
3685,1,1057,1057,0
3686,1,1042,1042,0
3693,1,989,989,0
3694,1,1036,1036,0
377,1,1006,1006,0
378,1,1115,1115,0
439,1,1106,1106,0
440,1,1046,1046,0
443,1,1085,1085,0
444,1,1018,1018,0
553,1,1072,1072,0
554,1,1004,1004,0
583,1,1010,1010,0
584,1,1032,1032,0
679,1,1075,1075,0
680,1,1057,1057,0
717,1,1075,1075,0
718,1,1001,1001,0
759,1,1075,1075,0
760,1,1071,1071,0
1083,1,1029,1029,0
1084,1,1049,1049,0
1327,1,1022,1022,0
1328,1,1036,1036,0
1651,1,1038,1038,0
1652,1,1071,1071,0
1669,1,1173,1173,0
1670,1,1128,1128,0
1693,1,1009,1009,0
1694,1,998,998,0
2111,1,1126,1126,0
2112,1,1128,1128,0
2159,1,1065,1065,0
2160,1,997,997,0
2207,1,1030,1030,0
2208,1,1049,1049,0
2247,1,1006,1006,0
2248,1,1067,1067,0
2263,1,1078,1078,0
2264,1,996,996,0
2277,1,1092,1092,0
2278,1,1021,1021,0
2331,1,973,973,0
2332,1,1055,1055,0
1191,1,990,990,0
1192,1,1017,1017,0
1259,1,993,993,0
1260,1,1019,1019,0
2445,1,1083,1083,0
2446,1,1050,1050,0
2511,1,1080,1080,0
2512,1,1051,1051,0
2703,1,1111,1111,0
2704,1,1012,1012,0
2769,1,1035,1035,0
2770,1,1080,1080,0
4319,1,1037,1037,0
4320,1,1084,1084,0
4961,1,1110,1110,0
4962,1,977,977,0
4975,1,1034,1034,0
4976,1,1122,1122,0
5033,1,1080,1080,0
5034,1,1026,1026,0
5485,1,998,998,0
5486,1,1071,1071,0
6129,1,1022,1022,0
6130,1,1060,1060,0
6241,1,1074,1074,0
6242,1,1042,1042,0
6407,1,1048,1048,0
6408,1,1056,1056,0
6687,1,1092,1092,0
6688,1,1003,1003,0
6701,1,988,988,0
6702,1,1112,1112,0
6747,1,1054,1054,0
6748,1,1037,1037,0
6769,1,1074,1074,0
6770,1,1041,1041,0
6931,1,1040,1040,0
6932,1,1052,1052,0
10371,1,1064,1064,0
10372,1,1090,1090,0
533,1,1131,1131,0
534,1,992,992,0
1823,1,1078,1078,0
1824,1,1068,1068,0
1849,1,1173,1173,0
1850,1,988,988,0
1905,1,1002,1002,0
1906,1,1049,1049,0
1987,1,1104,1104,0
1988,1,1007,1007,0
1991,1,1010,1010,0
1992,1,1011,1011,0
2073,1,1122,1122,0
2074,1,1100,1100,0
2589,1,1026,1026,0
2590,1,1115,1115,0
2605,1,1071,1071,0
2606,1,1030,1030,0
3355,1,1000,1000,0
3356,1,1078,1078,0
3437,1,1101,1101,0
3438,1,1074,1074,0
3673,1,980,980,0
3674,1,1095,1095,0
3675,1,1049,1049,0
3676,1,1029,1029,0
3713,1,1081,1081,0
3714,1,1054,1054,0
3749,1,986,986,0
3750,1,1079,1079,0
4985,1,982,982,0
4986,1,1019,1019,0
6673,1,1097,1097,0
6674,1,1106,1106,0
6697,1,1102,1102,0
6698,1,1105,1105,0
6699,1,1024,1024,0
6700,1,1096,1096,0
6705,1,1073,1073,0
6706,1,1015,1015,0
6709,1,1015,1015,0
6710,1,1092,1092,0
6711,1,1020,1020,0
6712,1,1055,1055,0
6725,1,1074,1074,0
6726,1,1090,1090,0
7981,1,1082,1082,0
7982,1,1070,1070,0
10383,1,1042,1042,0
10384,1,1076,1076,0
3471,1,1045,1045,0
3472,1,1031,1031,0
6159,1,1074,1074,0
6160,1,1014,1014,0
6561,1,1032,1032,0
6562,1,1102,1102,0
6845,1,1050,1050,0
6846,1,1051,1051,0
7355,1,1008,1008,0
7356,1,1045,1045,0
7357,1,999,999,0
7358,1,1054,1054,0
7359,1,1073,1073,0
7360,1,1037,1037,0
9211,1,1027,1027,0
9212,1,1005,1005,0
10037,1,1021,1021,0
10038,1,1029,1029,0
10631,1,1119,1119,0
10632,1,1062,1062,0
10637,1,1060,1060,0
10638,1,1051,1051,0
10645,1,1008,1008,0
10646,1,1032,1032,0
10651,1,984,984,0
10652,1,1087,1087,0
10653,1,1060,1060,0
10654,1,1009,1009,0
10671,1,1088,1088,0
10672,1,1033,1033,0
10679,1,996,996,0
10680,1,1008,1008,0
10717,1,1076,1076,0
10718,1,1066,1066,0
10757,1,1026,1026,0
10758,1,1023,1023,0
10763,1,1058,1058,0
10764,1,1019,1019,0
10773,1,1065,1065,0
10774,1,1033,1033,0
10775,1,1071,1071,0
10776,1,1018,1018,0
10787,1,1014,1014,0
10788,1,1022,1022,0
10847,1,1016,1016,0
10848,1,1085,1085,0
10851,1,1038,1038,0
10852,1,1099,1099,0
10861,1,1000,1000,0
10862,1,1047,1047,0
10867,1,1018,1018,0
10868,1,1024,1024,0
10877,1,1021,1021,0
10878,1,1072,1072,0
2017,1,1029,1029,0
2018,1,1071,1071,0
2077,1,1035,1035,0
2078,1,1071,1071,0
2107,1,1050,1050,0
2108,1,1046,1046,0
2187,1,1037,1037,0
2188,1,1062,1062,0
2449,1,998,998,0
2450,1,1017,1017,0
3359,1,1055,1055,0
3360,1,1011,1011,0
3799,1,1063,1063,0
3800,1,1001,1001,0
3853,1,1040,1040,0
3854,1,1048,1048,0
3895,1,1059,1059,0
3896,1,1022,1022,0
3933,1,1011,1011,0
3934,1,1044,1044,0
6147,1,1048,1048,0
6148,1,1081,1081,0
6521,1,1127,1127,0
6522,1,1074,1074,0
6671,1,1096,1096,0
6672,1,1090,1090,0
7103,1,1074,1074,0
7104,1,1081,1081,0
7105,1,1063,1063,0
7106,1,1065,1065,0
7261,1,982,982,0
7262,1,1025,1025,0
10361,1,1074,1074,0
10362,1,1035,1035,0
10397,1,1129,1129,0
10398,1,1019,1019,0
4099,1,1086,1086,0
4100,1,1066,1066,0
4217,1,1043,1043,0
4218,1,1101,1101,0
4313,1,1043,1043,0
4314,1,1087,1087,0
4361,1,1088,1088,0
4362,1,975,975,0
4575,1,1010,1010,0
4576,1,1051,1051,0
4583,1,1059,1059,0
4584,1,1064,1064,0
6167,1,1056,1056,0
6168,1,1031,1031,0
6817,1,1127,1127,0
6818,1,1074,1074,0
7585,1,1038,1038,0
7586,1,990,990,0
7687,1,1051,1051,0
7688,1,1019,1019,0
7955,1,1097,1097,0
7956,1,1077,1077,0
10321,1,981,981,0
10322,1,944,944,0
10767,1,1052,1052,0
10768,1,1016,1016,0
11189,1,1030,1030,0
11190,1,1062,1062,0
1547,1,1113,1113,0
1548,1,1074,1074,0
1627,1,1060,1060,0
1628,1,1063,1063,0
1707,1,1026,1026,0
1708,1,1039,1039,0
4987,1,1070,1070,0
4988,1,1125,1125,0
5583,1,1112,1112,0
5584,1,1069,1069,0
8113,1,1013,1013,0
8114,1,1025,1025,0
8605,1,1006,1006,0
8606,1,1017,1017,0
8607,1,1095,1095,0
8608,1,1026,1026,0
8641,1,1088,1088,0
8642,1,1043,1043,0
8657,1,1093,1093,0
8658,1,1053,1053,0
10891,1,1082,1082,0
10892,1,1047,1047,0
10923,1,1036,1036,0
10924,1,1021,1021,0
10939,1,1038,1038,0
10940,1,1078,1078,0
10945,1,1048,1048,0
10946,1,1070,1070,0
10951,1,1049,1049,0
10952,1,1003,1003,0
10979,1,1043,1043,0
10980,1,1026,1026,0
11007,1,1038,1038,0
11008,1,1061,1061,0
11029,1,1088,1088,0
11030,1,1068,1068,0
11033,1,1018,1018,0
11034,1,1093,1093,0
11039,1,1063,1063,0
11040,1,1116,1116,0
8629,1,1016,1016,0
8630,1,1107,1107,0
8651,1,1051,1051,0
8652,1,1076,1076,0
8667,1,1099,1099,0
8668,1,1036,1036,0
8671,1,1003,1003,0
8672,1,994,994,0
8683,1,1055,1055,0
8684,1,1038,1038,0
8689,1,1108,1108,0
8690,1,1027,1027,0
8719,1,1033,1033,0
8720,1,968,968,0
8743,1,1071,1071,0
8744,1,1017,1017,0
8807,1,1106,1106,0
8808,1,1110,1110,0
8905,1,996,996,0
8906,1,1032,1032,0
8911,1,1023,1023,0
8912,1,1061,1061,0
8969,1,1081,1081,0
8970,1,1074,1074,0
8981,1,1047,1047,0
8982,1,1074,1074,0
9069,1,1048,1048,0
9070,1,1013,1013,0
9151,1,1032,1032,0
9152,1,1081,1081,0
9159,1,994,994,0
9160,1,1002,1002,0
9229,1,1015,1015,0
9230,1,1052,1052,0
9247,1,1020,1020,0
9248,1,1073,1073,0
9261,1,1018,1018,0
9262,1,970,970,0
9269,1,1083,1083,0
9270,1,1026,1026,0
9273,1,1080,1080,0
9274,1,1009,1009,0
9291,1,1043,1043,0
9292,1,1066,1066,0
9301,1,1041,1041,0
9302,1,1037,1037,0
9341,1,1010,1010,0
9342,1,1097,1097,0
9371,1,1084,1084,0
9372,1,1036,1036,0
9381,1,1009,1009,0
9382,1,1065,1065,0
9407,1,972,972,0
9408,1,991,991,0
9421,1,1047,1047,0
9422,1,1044,1044,0
9441,1,1051,1051,0
9442,1,1057,1057,0
9459,1,1087,1087,0
9460,1,1071,1071,0
1361,1,1056,1056,0
1362,1,1112,1112,0
4061,1,1060,1060,0
4062,1,1044,1044,0
4079,1,1052,1052,0
4080,1,1014,1014,0
4081,1,1144,1144,0
4082,1,1089,1089,0
4147,1,1032,1032,0
4148,1,1049,1049,0
4283,1,1026,1026,0
4284,1,1077,1077,0
4299,1,1107,1107,0
4300,1,1032,1032,0
4525,1,1020,1020,0
4526,1,992,992,0
5385,1,1099,1099,0
5386,1,1089,1089,0
5461,1,1030,1030,0
5462,1,1116,1116,0
5475,1,1078,1078,0
5476,1,1091,1091,0
5481,1,982,982,0
5482,1,1073,1073,0
5487,1,1044,1044,0
5488,1,1076,1076,0
5499,1,1056,1056,0
5500,1,999,999,0
7135,1,1029,1029,0
7136,1,993,993,0
7691,1,1072,1072,0
7692,1,1059,1059,0
7843,1,1101,1101,0
7844,1,1012,1012,0
7917,1,1058,1058,0
7918,1,1039,1039,0
8069,1,1115,1115,0
8070,1,1012,1012,0
9057,1,1057,1057,0
9058,1,1085,1085,0
9077,1,1041,1041,0
9078,1,1110,1110,0
10373,1,1118,1118,0
10374,1,1073,1073,0
10385,1,1055,1055,0
10386,1,1042,1042,0
281,1,1017,1017,0
282,1,1034,1034,0
4033,1,1074,1074,0
4034,1,1069,1069,0
4213,1,1051,1051,0
4214,1,1077,1077,0
6971,1,1043,1043,0
6972,1,1023,1023,0
6975,1,1099,1099,0
6976,1,938,938,0
6979,1,1109,1109,0
6980,1,1107,1107,0
6991,1,1022,1022,0
6992,1,1046,1046,0
7051,1,1132,1132,0
7052,1,1108,1108,0
7065,1,1050,1050,0
7066,1,1045,1045,0
7179,1,1038,1038,0
7180,1,1039,1039,0
7299,1,1059,1059,0
7300,1,1050,1050,0
7301,1,982,982,0
7302,1,1032,1032,0
7479,1,1078,1078,0
7480,1,1043,1043,0
7545,1,1025,1025,0
7546,1,1065,1065,0
7547,1,1027,1027,0
7548,1,1092,1092,0
7565,1,1051,1051,0
7566,1,1058,1058,0
7613,1,1027,1027,0
7614,1,988,988,0
7617,1,1033,1033,0
7618,1,1014,1014,0
7623,1,1073,1073,0
7624,1,1063,1063,0
7635,1,996,996,0
7636,1,1010,1010,0
7677,1,1011,1011,0
7678,1,1072,1072,0
7689,1,1016,1016,0
7690,1,1053,1053,0
7697,1,1007,1007,0
7698,1,1038,1038,0
7713,1,1081,1081,0
7714,1,1112,1112,0
7757,1,991,991,0
7758,1,1057,1057,0
7773,1,1037,1037,0
7774,1,1080,1080,0
7775,1,1085,1085,0
7776,1,1036,1036,0
7785,1,1006,1006,0
7786,1,964,964,0
7853,1,1057,1057,0
7854,1,1059,1059,0
7889,1,1023,1023,0
7890,1,1114,1114,0
7893,1,1024,1024,0
7894,1,1034,1034,0
7895,1,1002,1002,0
7896,1,978,978,0
7911,1,1008,1008,0
7912,1,1074,1074,0
7965,1,1106,1106,0
7966,1,1025,1025,0
7967,1,1045,1045,0
7968,1,1011,1011,0
9995,1,1055,1055,0
9996,1,1095,1095,0
517,1,998,998,0
518,1,1113,1113,0
3087,1,1091,1091,0
3088,1,1114,1114,0
3797,1,1066,1066,0
3798,1,1086,1086,0
4059,1,1067,1067,0
4060,1,1077,1077,0
4253,1,1059,1059,0
4254,1,1074,1074,0
4409,1,1101,1101,0
4410,1,1002,1002,0
4413,1,1090,1090,0
4414,1,1064,1064,0
4515,1,1048,1048,0
4516,1,1047,1047,0
4555,1,1018,1018,0
4556,1,1056,1056,0
4561,1,989,989,0
4562,1,1037,1037,0
4577,1,1020,1020,0
4578,1,1012,1012,0
4593,1,1076,1076,0
4594,1,1094,1094,0
4655,1,1103,1103,0
4656,1,1069,1069,0
4661,1,1059,1059,0
4662,1,1064,1064,0
4741,1,1057,1057,0
4742,1,1029,1029,0
4821,1,1059,1059,0
4822,1,1098,1098,0
4923,1,1110,1110,0
4924,1,1085,1085,0
5373,1,1146,1146,0
5374,1,1053,1053,0
8063,1,1035,1035,0
8064,1,1005,1005,0
9073,1,1072,1072,0
9074,1,1080,1080,0
10365,1,1073,1073,0
10366,1,1015,1015,0
4453,1,1001,1001,0
4454,1,1053,1053,0
4523,1,997,997,0
4524,1,1040,1040,0
4535,1,1024,1024,0
4536,1,1095,1095,0
4645,1,1007,1007,0
4646,1,1047,1047,0
4657,1,1011,1011,0
4658,1,1087,1087,0
4729,1,1012,1012,0
4730,1,1104,1104,0
4731,1,976,976,0
4732,1,1016,1016,0
4751,1,1007,1007,0
4752,1,1040,1040,0
4781,1,1083,1083,0
4782,1,1083,1083,0
4803,1,1042,1042,0
4804,1,1062,1062,0
4853,1,1099,1099,0
4854,1,1023,1023,0
4901,1,975,975,0
4902,1,1086,1086,0
5117,1,1039,1039,0
5118,1,1017,1017,0
5183,1,1059,1059,0
5184,1,1080,1080,0
5223,1,1010,1010,0
5224,1,1046,1046,0
5297,1,1080,1080,0
5298,1,1004,1004,0
5305,1,1001,1001,0
5306,1,1068,1068,0
5307,1,1085,1085,0
5308,1,1018,1018,0
5345,1,1033,1033,0
5346,1,1059,1059,0
5387,1,1022,1022,0
5388,1,1110,1110,0
5403,1,1044,1044,0
5404,1,1020,1020,0
5443,1,1067,1067,0
5444,1,1030,1030,0
5659,1,1059,1059,0
5660,1,971,971,0
5719,1,1032,1032,0
5720,1,1020,1020,0
5783,1,1013,1013,0
5784,1,1053,1053,0
5837,1,1036,1036,0
5838,1,1109,1109,0
10387,1,1064,1064,0
10388,1,1102,1102,0
1523,1,1001,1001,0
1524,1,1017,1017,0
5249,1,1090,1090,0
5250,1,1031,1031,0
5721,1,1119,1119,0
5722,1,1147,1147,0
6281,1,1064,1064,0
6282,1,1097,1097,0
6679,1,1054,1054,0
6680,1,1158,1158,0
7883,1,1090,1090,0
7884,1,1073,1073,0
10319,1,987,987,0
10320,1,1052,1052,0
10613,1,1044,1044,0
10614,1,1110,1110,0
10625,1,1022,1022,0
10626,1,1056,1056,0
10689,1,980,980,0
10690,1,1064,1064,0
10695,1,1030,1030,0
10696,1,1058,1058,0
10713,1,1003,1003,0
10714,1,1035,1035,0
10803,1,1104,1104,0
10804,1,1054,1054,0
10825,1,1058,1058,0
10826,1,1062,1062,0
10935,1,1018,1018,0
10936,1,1036,1036,0
10989,1,1033,1033,0
10990,1,1094,1094,0
11051,1,1086,1086,0
11052,1,1012,1012,0
11099,1,1011,1011,0
11100,1,1041,1041,0
11129,1,1096,1096,0
11130,1,1085,1085,0
11169,1,1129,1129,0
11170,1,1059,1059,0
11183,1,1031,1031,0
11184,1,982,982,0
11195,1,1060,1060,0
11196,1,1095,1095,0
11197,1,1047,1047,0
11198,1,1132,1132,0
11223,1,1061,1061,0
11224,1,1038,1038,0
1581,1,1030,1030,0
1582,1,1055,1055,0
4897,1,1071,1071,0
4898,1,981,981,0
5119,1,1120,1120,0
5120,1,1068,1068,0
5173,1,1089,1089,0
5174,1,989,989,0
5337,1,1031,1031,0
5338,1,1091,1091,0
5357,1,1104,1104,0
5358,1,999,999,0
5369,1,1065,1065,0
5370,1,982,982,0
5417,1,1048,1048,0
5418,1,1015,1015,0
5569,1,1044,1044,0
5570,1,1041,1041,0
5579,1,1061,1061,0
5580,1,1027,1027,0
5671,1,1081,1081,0
5672,1,1036,1036,0
5693,1,962,962,0
5694,1,1019,1019,0
5699,1,1109,1109,0
5700,1,1080,1080,0
5809,1,995,995,0
5810,1,980,980,0
5849,1,1022,1022,0
5850,1,1056,1056,0
5933,1,1092,1092,0
5934,1,1042,1042,0
8079,1,999,999,0
8080,1,1108,1108,0
10223,1,1070,1070,0
10224,1,1039,1039,0
10259,1,1089,1089,0
10260,1,1055,1055,0
10281,1,1015,1015,0
10282,1,1048,1048,0
10289,1,1085,1085,0
10290,1,1087,1087,0
10303,1,1069,1069,0
10304,1,1091,1091,0
10431,1,1080,1080,0
10432,1,1043,1043,0
10475,1,1057,1057,0
10476,1,971,971,0
10513,1,1047,1047,0
10514,1,1013,1013,0
10557,1,1085,1085,0
10558,1,1038,1038,0
10615,1,1055,1055,0
10616,1,1010,1010,0
10635,1,1031,1031,0
10636,1,1089,1089,0
10667,1,1071,1071,0
10668,1,1113,1113,0
10675,1,1089,1089,0
10676,1,1053,1053,0
10703,1,1089,1089,0
10704,1,1055,1055,0
10715,1,1084,1084,0
10716,1,1010,1010,0
10769,1,998,998,0
10770,1,1026,1026,0
10789,1,1094,1094,0
10790,1,1009,1009,0
10797,1,1110,1110,0
10798,1,1033,1033,0
10959,1,1036,1036,0
10960,1,1063,1063,0
1161,1,1041,1041,0
1162,1,1090,1090,0
1619,1,1007,1007,0
1620,1,1061,1061,0
8461,1,1089,1089,0
8462,1,1089,1089,0
8471,1,968,968,0
8472,1,1033,1033,0
8475,1,979,979,0
8476,1,1080,1080,0
8477,1,1068,1068,0
8478,1,1001,1001,0
8483,1,1019,1019,0
8484,1,1115,1115,0
8493,1,1013,1013,0
8494,1,1084,1084,0
8495,1,1061,1061,0
8496,1,1009,1009,0
8519,1,1053,1053,0
8520,1,1029,1029,0
8549,1,1079,1079,0
8550,1,1021,1021,0
8569,1,1040,1040,0
8570,1,1109,1109,0
8595,1,1095,1095,0
8596,1,1058,1058,0
8599,1,1026,1026,0
8600,1,1043,1043,0
8601,1,1053,1053,0
8602,1,992,992,0
8615,1,1061,1061,0
8616,1,1008,1008,0
8617,1,1090,1090,0
8618,1,1028,1028,0
8619,1,1089,1089,0
8620,1,1029,1029,0
8631,1,1076,1076,0
8632,1,1041,1041,0
8637,1,1100,1100,0
8638,1,1062,1062,0
8579,1,1115,1115,0
8580,1,1062,1062,0
8655,1,1035,1035,0
8656,1,1029,1029,0
8693,1,1115,1115,0
8694,1,1023,1023,0
8697,1,1027,1027,0
8698,1,1122,1122,0
8707,1,1094,1094,0
8708,1,1060,1060,0
8711,1,1110,1110,0
8712,1,999,999,0
8729,1,1059,1059,0
8730,1,1049,1049,0
8733,1,969,969,0
8734,1,1024,1024,0
9005,1,1087,1087,0
9006,1,1068,1068,0
9149,1,1030,1030,0
9150,1,987,987,0
9153,1,1040,1040,0
9154,1,1056,1056,0
9163,1,1058,1058,0
9164,1,1007,1007,0
9165,1,1022,1022,0
9166,1,1087,1087,0
9169,1,1062,1062,0
9170,1,1074,1074,0
9181,1,1024,1024,0
9182,1,996,996,0
9183,1,994,994,0
9184,1,1082,1082,0
9187,1,1017,1017,0
9188,1,1088,1088,0
9193,1,972,972,0
9194,1,1081,1081,0
9195,1,995,995,0
9196,1,1069,1069,0
9201,1,1021,1021,0
9202,1,1097,1097,0
9203,1,1073,1073,0
9204,1,1052,1052,0
8695,1,962,962,0
8696,1,1074,1074,0
8699,1,1060,1060,0
8700,1,1099,1099,0
8755,1,1065,1065,0
8756,1,1103,1103,0
8769,1,1029,1029,0
8770,1,997,997,0
8771,1,1021,1021,0
8772,1,995,995,0
8777,1,1074,1074,0
8778,1,1015,1015,0
8785,1,1015,1015,0
8786,1,1055,1055,0
8789,1,1035,1035,0
8790,1,994,994,0
8799,1,1056,1056,0
8800,1,1049,1049,0
8801,1,1070,1070,0
8802,1,973,973,0
8805,1,1091,1091,0
8806,1,1081,1081,0
8811,1,1038,1038,0
8812,1,1028,1028,0
8843,1,1088,1088,0
8844,1,1028,1028,0
8851,1,1057,1057,0
8852,1,1020,1020,0
8853,1,1088,1088,0
8854,1,1051,1051,0
8857,1,965,965,0
8858,1,1057,1057,0
8861,1,970,970,0
8862,1,1039,1039,0
8867,1,1037,1037,0
8868,1,1061,1061,0
8883,1,1032,1032,0
8884,1,1033,1033,0
8903,1,1087,1087,0
8904,1,982,982,0
8813,1,1053,1053,0
8814,1,995,995,0
8825,1,1097,1097,0
8826,1,1060,1060,0
8871,1,1100,1100,0
8872,1,1051,1051,0
8907,1,1096,1096,0
8908,1,1059,1059,0
8913,1,1040,1040,0
8914,1,1039,1039,0
8917,1,1008,1008,0
8918,1,1079,1079,0
8921,1,1044,1044,0
8922,1,1065,1065,0
8923,1,1064,1064,0
8924,1,1047,1047,0
8925,1,1060,1060,0
8926,1,1042,1042,0
8927,1,1070,1070,0
8928,1,1077,1077,0
8935,1,992,992,0
8936,1,1081,1081,0
8941,1,1038,1038,0
8942,1,1010,1010,0
8943,1,1092,1092,0
8944,1,1035,1035,0
8945,1,1093,1093,0
8946,1,1077,1077,0
8947,1,1052,1052,0
8948,1,965,965,0
8951,1,1044,1044,0
8952,1,1041,1041,0
8953,1,1054,1054,0
8954,1,1053,1053,0
8955,1,1102,1102,0
8956,1,1068,1068,0
8957,1,1036,1036,0
8958,1,1032,1032,0
8959,1,1018,1018,0
8960,1,1056,1056,0
8687,1,995,995,0
8688,1,1016,1016,0
8885,1,1005,1005,0
8886,1,1064,1064,0
8915,1,1082,1082,0
8916,1,1033,1033,0
8975,1,981,981,0
8976,1,1005,1005,0
8977,1,981,981,0
8978,1,1037,1037,0
8979,1,1045,1045,0
8980,1,1026,1026,0
8985,1,997,997,0
8986,1,1073,1073,0
9233,1,1022,1022,0
9234,1,1096,1096,0
9239,1,1051,1051,0
9240,1,1144,1144,0
9241,1,1025,1025,0
9242,1,1037,1037,0
9253,1,1063,1063,0
9254,1,1085,1085,0
9257,1,1045,1045,0
9258,1,983,983,0
9267,1,1004,1004,0
9268,1,1027,1027,0
9271,1,1079,1079,0
9272,1,979,979,0
9275,1,1045,1045,0
9276,1,1042,1042,0
9281,1,969,969,0
9282,1,990,990,0
9283,1,1067,1067,0
9284,1,1010,1010,0
9287,1,1032,1032,0
9288,1,1006,1006,0
9289,1,994,994,0
9290,1,1061,1061,0
9293,1,1095,1095,0
9294,1,1041,1041,0
9309,1,1009,1009,0
9310,1,993,993,0
9313,1,1011,1011,0
9314,1,994,994,0
9319,1,1082,1082,0
9320,1,1018,1018,0
9323,1,1004,1004,0
9324,1,1094,1094,0
9357,1,1099,1099,0
9358,1,1033,1033,0
9359,1,1050,1050,0
9360,1,1069,1069,0
9365,1,1105,1105,0
9366,1,1058,1058,0
9367,1,1040,1040,0
9368,1,1059,1059,0
9369,1,988,988,0
9370,1,1040,1040,0
9387,1,1086,1086,0
9388,1,986,986,0
9403,1,1063,1063,0
9404,1,1016,1016,0
9419,1,1029,1029,0
9420,1,991,991,0
9425,1,1042,1042,0
9426,1,1063,1063,0
9429,1,1008,1008,0
9430,1,1032,1032,0
9433,1,1075,1075,0
9434,1,1012,1012,0
9435,1,1054,1054,0
9436,1,1046,1046,0
9453,1,1076,1076,0
9454,1,1075,1075,0
9455,1,1107,1107,0
9456,1,1083,1083,0
9469,1,1125,1125,0
9470,1,1060,1060,0
9487,1,1064,1064,0
9488,1,1150,1150,0
9451,1,1050,1050,0
9452,1,1042,1042,0
9539,1,999,999,0
9540,1,1086,1086,0
9541,1,1079,1079,0
9542,1,973,973,0
9569,1,1014,1014,0
9570,1,1086,1086,0
9671,1,1037,1037,0
9672,1,1081,1081,0
9677,1,1055,1055,0
9678,1,1020,1020,0
9679,1,1107,1107,0
9680,1,1048,1048,0
9683,1,1089,1089,0
9684,1,1011,1011,0
9687,1,1034,1034,0
9688,1,1011,1011,0
9697,1,1084,1084,0
9698,1,1070,1070,0
9705,1,1015,1015,0
9706,1,1042,1042,0
9707,1,1031,1031,0
9708,1,1045,1045,0
9709,1,1075,1075,0
9710,1,1060,1060,0
9721,1,1020,1020,0
9722,1,1064,1064,0
9727,1,1048,1048,0
9728,1,995,995,0
9729,1,1066,1066,0
9730,1,1047,1047,0
9733,1,1019,1019,0
9734,1,1077,1077,0
9741,1,1000,1000,0
9742,1,1076,1076,0
9749,1,1019,1019,0
9750,1,1150,1150,0
9807,1,1114,1114,0
9808,1,1084,1084,0
227,1,1024,1024,0
228,1,1047,1047,0
289,1,1034,1034,0
290,1,1059,1059,0
773,1,1046,1046,0
774,1,1074,1074,0
791,1,1039,1039,0
792,1,1073,1073,0
865,1,1029,1029,0
866,1,1017,1017,0
3323,1,987,987,0
3324,1,1003,1003,0
3409,1,1083,1083,0
3410,1,1036,1036,0
3435,1,1078,1078,0
3436,1,1003,1003,0
3449,1,1155,1155,0
3450,1,1002,1002,0
3515,1,1046,1046,0
3516,1,1041,1041,0
3575,1,1056,1056,0
3576,1,1034,1034,0
3687,1,1009,1009,0
3688,1,1086,1086,0
3691,1,1071,1071,0
3692,1,1067,1067,0
3835,1,1035,1035,0
3836,1,1054,1054,0
9819,1,1062,1062,0
9820,1,1095,1095,0
9829,1,1083,1083,0
9830,1,999,999,0
9837,1,1021,1021,0
9838,1,985,985,0
9845,1,1089,1089,0
9846,1,1047,1047,0
9847,1,992,992,0
9848,1,1047,1047,0
9853,1,1017,1017,0
9854,1,1039,1039,0
9885,1,1047,1047,0
9886,1,1070,1070,0
9897,1,990,990,0
9898,1,1028,1028,0
9905,1,1099,1099,0
9906,1,1031,1031,0
9911,1,1037,1037,0
9912,1,1056,1056,0
9921,1,983,983,0
9922,1,1067,1067,0
9927,1,1015,1015,0
9928,1,987,987,0
9931,1,1078,1078,0
9932,1,1079,1079,0
9935,1,1049,1049,0
9936,1,1016,1016,0
9937,1,1116,1116,0
9938,1,1043,1043,0
9997,1,1097,1097,0
9998,1,1013,1013,0
5441,1,1004,1004,0
5442,1,1048,1048,0
10177,1,1030,1030,0
10178,1,1111,1111,0
10195,1,1056,1056,0
10196,1,1052,1052,0
10293,1,1027,1027,0
10294,1,1031,1031,0
8665,1,1089,1089,0
8666,1,1017,1017,0
4503,1,1031,1031,0
4504,1,1077,1077,0
4811,1,1081,1081,0
4812,1,1039,1039,0
4875,1,1034,1034,0
4876,1,1039,1039,0
5083,1,1064,1064,0
5084,1,1123,1123,0
5113,1,1124,1124,0
5114,1,1091,1091,0
5177,1,1015,1015,0
5178,1,1004,1004,0
5179,1,985,985,0
5180,1,1021,1021,0
5257,1,1077,1077,0
5258,1,1096,1096,0
5267,1,1061,1061,0
5268,1,1104,1104,0
5289,1,1062,1062,0
5290,1,1033,1033,0
5351,1,1095,1095,0
5352,1,1007,1007,0
5399,1,1073,1073,0
5400,1,1044,1044,0
5427,1,1002,1002,0
5428,1,1072,1072,0
5541,1,1009,1009,0
5542,1,1036,1036,0
5591,1,1117,1117,0
5592,1,1047,1047,0
5631,1,1039,1039,0
5632,1,1051,1051,0
5633,1,1006,1006,0
5634,1,1028,1028,0
5651,1,1073,1073,0
5652,1,1015,1015,0
5691,1,1070,1070,0
5692,1,1060,1060,0
5725,1,1035,1035,0
5726,1,1053,1053,0
5739,1,1140,1140,0
5740,1,1032,1032,0
5759,1,1047,1047,0
5760,1,1077,1077,0
5839,1,1023,1023,0
5840,1,1004,1004,0
5925,1,1069,1069,0
5926,1,1088,1088,0
5935,1,1012,1012,0
5936,1,1125,1125,0
4463,1,1063,1063,0
4464,1,1131,1131,0
4733,1,1093,1093,0
4734,1,1041,1041,0
4851,1,1029,1029,0
4852,1,1009,1009,0
4863,1,1049,1049,0
4864,1,1128,1128,0
4919,1,1022,1022,0
4920,1,1049,1049,0
4927,1,1013,1013,0
4928,1,1028,1028,0
5059,1,1004,1004,0
5060,1,1072,1072,0
5121,1,1092,1092,0
5122,1,1047,1047,0
5175,1,1059,1059,0
5176,1,1017,1017,0
5247,1,1084,1084,0
5248,1,1061,1061,0
5363,1,1123,1123,0
5364,1,1091,1091,0
5395,1,1029,1029,0
5396,1,1029,1029,0
5423,1,1002,1002,0
5424,1,1074,1074,0
5449,1,1006,1006,0
5450,1,1093,1093,0
5731,1,1084,1084,0
5732,1,970,970,0
5737,1,1049,1049,0
5738,1,1109,1109,0
5761,1,1107,1107,0
5762,1,1062,1062,0
5785,1,1029,1029,0
5786,1,992,992,0
5791,1,1064,1064,0
5792,1,1066,1066,0
5901,1,993,993,0
5902,1,1005,1005,0
10003,1,1040,1040,0
10004,1,1031,1031,0
10071,1,965,965,0
10072,1,1027,1027,0
5421,1,1069,1069,0
5422,1,982,982,0
5787,1,1046,1046,0
5788,1,1058,1058,0
6983,1,1044,1044,0
6984,1,1081,1081,0
10147,1,1043,1043,0
10148,1,1006,1006,0
10157,1,1061,1061,0
10158,1,964,964,0
10209,1,990,990,0
10210,1,1040,1040,0
10221,1,1018,1018,0
10222,1,996,996,0
10237,1,1068,1068,0
10238,1,1131,1131,0
10249,1,1152,1152,0
10250,1,1051,1051,0
10285,1,1033,1033,0
10286,1,1006,1006,0
10307,1,1041,1041,0
10308,1,1016,1016,0
10309,1,1101,1101,0
10310,1,988,988,0
10405,1,997,997,0
10406,1,1006,1006,0
10419,1,1007,1007,0
10420,1,1034,1034,0
10421,1,1051,1051,0
10422,1,1055,1055,0
10457,1,1097,1097,0
10458,1,1030,1030,0
10483,1,1011,1011,0
10484,1,1073,1073,0
10539,1,1014,1014,0
10540,1,1009,1009,0
10617,1,1034,1034,0
10618,1,1022,1022,0
10777,1,989,989,0
10778,1,1118,1118,0
10781,1,1038,1038,0
10782,1,1046,1046,0
1323,1,1080,1080,0
1324,1,1056,1056,0
1615,1,985,985,0
1616,1,1016,1016,0
6017,1,1101,1101,0
6018,1,1023,1023,0
7637,1,998,998,0
7638,1,1010,1010,0
8121,1,1097,1097,0
8122,1,1056,1056,0
8197,1,1014,1014,0
8198,1,1101,1101,0
8247,1,1111,1111,0
8248,1,1034,1034,0
8301,1,1005,1005,0
8302,1,1104,1104,0
8323,1,975,975,0
8324,1,1086,1086,0
8369,1,1094,1094,0
8370,1,1028,1028,0
8387,1,1033,1033,0
8388,1,1016,1016,0
8487,1,1007,1007,0
8488,1,1065,1065,0
8505,1,1092,1092,0
8506,1,1093,1093,0
10865,1,1073,1073,0
10866,1,1056,1056,0
10937,1,1051,1051,0
10938,1,1095,1095,0
10955,1,975,975,0
10956,1,1132,1132,0
10975,1,1118,1118,0
10976,1,1081,1081,0
11011,1,1067,1067,0
11012,1,981,981,0
11021,1,1058,1058,0
11022,1,1012,1012,0
11107,1,1101,1101,0
11108,1,1026,1026,0
855,1,1043,1043,0
856,1,956,956,0
2925,1,1057,1057,0
2926,1,1130,1130,0
6335,1,1075,1075,0
6336,1,1011,1011,0
6465,1,1076,1076,0
6466,1,1030,1030,0
7771,1,999,999,0
7772,1,1047,1047,0
8541,1,1100,1100,0
8542,1,1034,1034,0
8543,1,1086,1086,0
8544,1,1023,1023,0
8547,1,1010,1010,0
8548,1,1047,1047,0
8557,1,1071,1071,0
8558,1,1074,1074,0
8561,1,988,988,0
8562,1,1108,1108,0
8567,1,1026,1026,0
8568,1,988,988,0
8581,1,1012,1012,0
8582,1,973,973,0
8591,1,998,998,0
8592,1,1081,1081,0
10535,1,1101,1101,0
10536,1,1054,1054,0
1555,1,1106,1106,0
1556,1,1009,1009,0
1557,1,1026,1026,0
1558,1,1082,1082,0
1559,1,1072,1072,0
1560,1,1047,1047,0
2385,1,1041,1041,0
2386,1,1044,1044,0
2407,1,1046,1046,0
2408,1,1067,1067,0
2419,1,1057,1057,0
2420,1,1052,1052,0
2975,1,1026,1026,0
2976,1,1056,1056,0
3023,1,1079,1079,0
3024,1,1062,1062,0
3133,1,1048,1048,0
3134,1,1033,1033,0
3209,1,1067,1067,0
3210,1,1034,1034,0
3509,1,1021,1021,0
3510,1,1107,1107,0
4181,1,1013,1013,0
4182,1,1110,1110,0
6401,1,1046,1046,0
6402,1,1123,1123,0
6825,1,1041,1041,0
6826,1,1143,1143,0
7133,1,1006,1006,0
7134,1,1054,1054,0
7579,1,1030,1030,0
7580,1,1020,1020,0
7681,1,1086,1086,0
7682,1,1047,1047,0
9081,1,1039,1039,0
9082,1,1049,1049,0
9209,1,995,995,0
9210,1,1067,1067,0
10339,1,1030,1030,0
10340,1,1037,1037,0
2175,1,1037,1037,0
2176,1,1062,1062,0
4467,1,1067,1067,0
4468,1,1058,1058,0
4477,1,994,994,0
4478,1,1002,1002,0
4571,1,1119,1119,0
4572,1,1041,1041,0
4573,1,1050,1050,0
4574,1,1073,1073,0
4601,1,975,975,0
4602,1,1123,1123,0
4691,1,1025,1025,0
4692,1,1022,1022,0
4765,1,1031,1031,0
4766,1,1070,1070,0
4797,1,1091,1091,0
4798,1,1099,1099,0
5095,1,1112,1112,0
5096,1,1067,1067,0
5159,1,1082,1082,0
5160,1,1024,1024,0
5163,1,1079,1079,0
5164,1,1034,1034,0
5169,1,1042,1042,0
5170,1,1060,1060,0
5531,1,1024,1024,0
5532,1,1004,1004,0
5723,1,1037,1037,0
5724,1,1020,1020,0
7963,1,1027,1027,0
7964,1,1008,1008,0
9105,1,1065,1065,0
9106,1,1031,1031,0
10025,1,1008,1008,0
10026,1,1004,1004,0
10057,1,1085,1085,0
10058,1,1029,1029,0
10395,1,1068,1068,0
10396,1,1020,1020,0
5833,1,1083,1083,0
5834,1,1078,1078,0
10199,1,991,991,0
10200,1,1006,1006,0
2957,1,1021,1021,0
2958,1,1039,1039,0
2961,1,1086,1086,0
2962,1,1017,1017,0
2973,1,1034,1034,0
2974,1,1135,1135,0
3033,1,1084,1084,0
3034,1,1043,1043,0
3057,1,1046,1046,0
3058,1,1017,1017,0
3061,1,1088,1088,0
3062,1,1020,1020,0
3063,1,1095,1095,0
3064,1,1084,1084,0
3065,1,966,966,0
3066,1,1004,1004,0
3067,1,1111,1111,0
3068,1,1015,1015,0
3119,1,1061,1061,0
3120,1,1061,1061,0
3143,1,1050,1050,0
3144,1,1033,1033,0
3163,1,963,963,0
3164,1,1073,1073,0
3171,1,1014,1014,0
3172,1,1003,1003,0
3173,1,1085,1085,0
3174,1,1066,1066,0
3205,1,1060,1060,0
3206,1,1056,1056,0
3263,1,1127,1127,0
3264,1,1076,1076,0
3271,1,1033,1033,0
3272,1,1035,1035,0
3275,1,1030,1030,0
3276,1,1036,1036,0
3277,1,1111,1111,0
3278,1,969,969,0
3287,1,1071,1071,0
3288,1,1071,1071,0
7,1,996,996,0
8,1,995,995,0
91,1,1030,1030,0
92,1,985,985,0
2075,1,1044,1044,0
2076,1,1066,1066,0
2127,1,1101,1101,0
2128,1,1022,1022,0
2149,1,1076,1076,0
2150,1,1021,1021,0
2163,1,1041,1041,0
2164,1,1042,1042,0
2213,1,1122,1122,0
2214,1,1075,1075,0
2233,1,1133,1133,0
2234,1,1113,1113,0
2237,1,1026,1026,0
2238,1,1046,1046,0
2239,1,1006,1006,0
2240,1,1053,1053,0
2241,1,1096,1096,0
2242,1,1073,1073,0
2243,1,1042,1042,0
2244,1,1051,1051,0
2249,1,1069,1069,0
2250,1,1039,1039,0
2267,1,1083,1083,0
2268,1,1125,1125,0
2269,1,1057,1057,0
2270,1,1080,1080,0
2271,1,1063,1063,0
2272,1,1097,1097,0
2285,1,1126,1126,0
2286,1,1042,1042,0
2287,1,1057,1057,0
2288,1,988,988,0
2313,1,1019,1019,0
2314,1,1013,1013,0
2315,1,1102,1102,0
2316,1,970,970,0
2317,1,1112,1112,0
2318,1,995,995,0
2319,1,1056,1056,0
2320,1,1019,1019,0
2335,1,985,985,0
2336,1,1056,1056,0
2337,1,1022,1022,0
2338,1,1086,1086,0
2339,1,1059,1059,0
2340,1,1100,1100,0
2349,1,1025,1025,0
2350,1,1040,1040,0
2355,1,1084,1084,0
2356,1,1061,1061,0
2359,1,1075,1075,0
2360,1,987,987,0
2361,1,1034,1034,0
2362,1,1022,1022,0
2379,1,1012,1012,0
2380,1,989,989,0
2381,1,991,991,0
2382,1,1070,1070,0
3311,1,1035,1035,0
3312,1,1136,1136,0
3791,1,985,985,0
3792,1,1035,1035,0
3829,1,965,965,0
3830,1,992,992,0
3847,1,1058,1058,0
3848,1,1068,1068,0
3881,1,1078,1078,0
3882,1,1025,1025,0
3927,1,1031,1031,0
3928,1,985,985,0
3953,1,1010,1010,0
3954,1,1026,1026,0
3981,1,1099,1099,0
3982,1,1003,1003,0
2035,1,1087,1087,0
2036,1,1046,1046,0
2389,1,1047,1047,0
2390,1,1108,1108,0
2443,1,1079,1079,0
2444,1,1023,1023,0
2447,1,1092,1092,0
2448,1,1034,1034,0
2451,1,1063,1063,0
2452,1,1086,1086,0
2461,1,1033,1033,0
2462,1,1029,1029,0
2479,1,1066,1066,0
2480,1,1058,1058,0
2487,1,1077,1077,0
2488,1,1081,1081,0
2489,1,1140,1140,0
2490,1,1089,1089,0
2491,1,1055,1055,0
2492,1,1015,1015,0
2507,1,1047,1047,0
2508,1,1044,1044,0
2521,1,991,991,0
2522,1,1037,1037,0
2525,1,1010,1010,0
2526,1,1052,1052,0
2531,1,1072,1072,0
2532,1,1062,1062,0
2535,1,1042,1042,0
2536,1,1054,1054,0
2545,1,1090,1090,0
2546,1,1090,1090,0
2575,1,1045,1045,0
2576,1,1066,1066,0
2609,1,1018,1018,0
2610,1,1049,1049,0
2617,1,1056,1056,0
2618,1,1041,1041,0
2635,1,1026,1026,0
2636,1,1032,1032,0
3887,1,1091,1091,0
3888,1,1005,1005,0
3983,1,1110,1110,0
3984,1,982,982,0
31,1,1053,1053,0
32,1,1104,1104,0
2627,1,1068,1068,0
2628,1,1081,1081,0
2639,1,1114,1114,0
2640,1,1014,1014,0
2667,1,982,982,0
2668,1,1125,1125,0
2669,1,1058,1058,0
2670,1,1029,1029,0
2695,1,1046,1046,0
2696,1,1080,1080,0
2699,1,1043,1043,0
2700,1,1062,1062,0
2709,1,1045,1045,0
2710,1,1101,1101,0
2717,1,1056,1056,0
2718,1,1100,1100,0
2721,1,1062,1062,0
2722,1,1031,1031,0
2723,1,1107,1107,0
2724,1,1013,1013,0
2725,1,1063,1063,0
2726,1,1030,1030,0
2733,1,1056,1056,0
2734,1,1089,1089,0
2745,1,1054,1054,0
2746,1,1077,1077,0
2751,1,1007,1007,0
2752,1,1064,1064,0
2775,1,1058,1058,0
2776,1,1048,1048,0
2777,1,991,991,0
2778,1,1069,1069,0
2793,1,1094,1094,0
2794,1,1036,1036,0
2893,1,1121,1121,0
2894,1,1096,1096,0
2949,1,1042,1042,0
2950,1,973,973,0
101,1,1013,1013,0
102,1,1133,1133,0
407,1,1069,1069,0
408,1,1027,1027,0
3097,1,1029,1029,0
3098,1,992,992,0
3179,1,1033,1033,0
3180,1,1031,1031,0
3285,1,978,978,0
3286,1,1029,1029,0
3339,1,1036,1036,0
3340,1,1054,1054,0
3349,1,1103,1103,0
3350,1,1055,1055,0
3381,1,1042,1042,0
3382,1,1060,1060,0
3393,1,1070,1070,0
3394,1,1103,1103,0
3407,1,1044,1044,0
3408,1,1082,1082,0
3411,1,1136,1136,0
3412,1,1101,1101,0
3417,1,1049,1049,0
3418,1,1082,1082,0
3419,1,1072,1072,0
3420,1,1087,1087,0
3459,1,1123,1123,0
3460,1,1036,1036,0
3473,1,1062,1062,0
3474,1,1029,1029,0
3479,1,1022,1022,0
3480,1,1072,1072,0
3513,1,1072,1072,0
3514,1,1097,1097,0
3535,1,1078,1078,0
3536,1,1043,1043,0
3539,1,1001,1001,0
3540,1,1072,1072,0
3603,1,1021,1021,0
3604,1,1145,1145,0
1179,1,1076,1076,0
1180,1,1053,1053,0
1585,1,1058,1058,0
1586,1,1079,1079,0
1779,1,962,962,0
1780,1,995,995,0
1827,1,1071,1071,0
1828,1,1095,1095,0
1853,1,1076,1076,0
1854,1,1061,1061,0
1855,1,1062,1062,0
1856,1,1041,1041,0
1891,1,1026,1026,0
1892,1,1038,1038,0
2223,1,1031,1031,0
2224,1,1037,1037,0
2351,1,992,992,0
2352,1,1054,1054,0
2357,1,1067,1067,0
2358,1,1075,1075,0
2757,1,1004,1004,0
2758,1,1086,1086,0
3577,1,1106,1106,0
3578,1,1099,1099,0
3763,1,1078,1078,0
3764,1,1102,1102,0
4945,1,1083,1083,0
4946,1,1088,1088,0
4955,1,1065,1065,0
4956,1,1087,1087,0
4959,1,985,985,0
4960,1,1007,1007,0
4995,1,1040,1040,0
4996,1,1078,1078,0
5001,1,1024,1024,0
5002,1,1062,1062,0
5003,1,1015,1015,0
5004,1,1026,1026,0
5005,1,978,978,0
5006,1,1062,1062,0
5031,1,1088,1088,0
5032,1,1022,1022,0
5045,1,1094,1094,0
5046,1,1082,1082,0
5047,1,1045,1045,0
5048,1,1073,1073,0
5049,1,1004,1004,0
5050,1,1071,1071,0
6693,1,1118,1118,0
6694,1,1111,1111,0
6703,1,1098,1098,0
6704,1,1022,1022,0
6715,1,1124,1124,0
6716,1,977,977,0
6721,1,1040,1040,0
6722,1,1064,1064,0
6739,1,1027,1027,0
6740,1,1004,1004,0
6743,1,1037,1037,0
6744,1,1071,1071,0
6751,1,1071,1071,0
6752,1,1078,1078,0
6929,1,1011,1011,0
6930,1,1033,1033,0
