3749,1,209,209,0
3750,1,195,195,0
3751,1,188,188,0
3752,1,207,207,0
3753,1,188,188,0
3754,1,192,192,0
3755,1,195,195,0
3756,1,116,116,0
4321,1,218,218,0
4322,1,196,196,0
4323,1,206,206,0
4324,1,204,204,0
4325,1,196,196,0
4326,1,196,196,0
4327,1,198,198,0
4328,1,199,199,0
4329,1,225,225,0
4330,1,194,194,0
4331,1,184,184,0
4332,1,91,91,0
4285,1,205,205,0
4286,1,242,242,0
4287,1,183,183,0
4290,1,215,215,0
4291,1,185,185,0
4292,1,223,223,0
4293,1,203,203,0
4294,1,182,182,0
4295,1,209,209,0
4296,1,100,100,0
4705,1,218,218,0
4706,1,233,233,0
4707,1,194,194,0
4708,1,225,225,0
4709,1,203,203,0
4710,1,204,204,0
4711,1,200,200,0
4712,1,176,176,0
4713,1,200,200,0
4714,1,197,197,0
4715,1,198,198,0
4716,1,113,113,0
4717,1,204,204,0
4718,1,217,217,0
4719,1,191,191,0
4720,1,195,195,0
4721,1,205,205,0
4722,1,199,199,0
4723,1,204,204,0
4724,1,188,188,0
4725,1,192,192,0
4726,1,216,216,0
4727,1,179,179,0
4728,1,94,94,0
7801,1,185,185,0
7802,1,198,198,0
7803,1,213,213,0
7804,1,213,213,0
7805,1,205,205,0
7806,1,198,198,0
7807,1,233,233,0
7808,1,198,198,0
7809,1,227,227,0
7810,1,191,191,0
7811,1,188,188,0
7812,1,112,112,0
4910,1,210,210,0
4911,1,211,211,0
4912,1,199,199,0
4913,1,200,200,0
4914,1,191,191,0
4915,1,213,213,0
4916,1,200,200,0
4917,1,234,234,0
4918,1,187,187,0
4919,1,207,207,0
4920,1,111,111,0
5209,1,204,204,0
5210,1,215,215,0
5211,1,203,203,0
5212,1,197,197,0
5213,1,208,208,0
5214,1,227,227,0
5215,1,192,192,0
5216,1,196,196,0
5217,1,217,217,0
5218,1,192,192,0
5219,1,216,216,0
5220,1,98,98,0
7873,1,200,200,0
7874,1,197,197,0
7875,1,223,223,0
7876,1,198,198,0
7877,1,200,200,0
7878,1,204,204,0
7879,1,221,221,0
7880,1,195,195,0
7881,1,213,213,0
7882,1,199,199,0
7883,1,235,235,0
7884,1,114,114,0
8521,1,207,207,0
8522,1,185,185,0
8523,1,227,227,0
8524,1,235,235,0
8525,1,196,196,0
8526,1,190,190,0
8527,1,189,189,0
8528,1,192,192,0
8529,1,183,183,0
8530,1,194,194,0
8531,1,191,191,0
8532,1,109,109,0
7887,1,226,226,0
7888,1,198,198,0
7889,1,193,193,0
7890,1,234,234,0
7891,1,238,238,0
7892,1,226,226,0
7893,1,230,230,0
7894,1,213,213,0
7895,1,200,200,0
7896,1,99,99,0
9349,1,181,181,0
9350,1,201,201,0
9351,1,181,181,0
9352,1,210,210,0
9353,1,188,188,0
9354,1,227,227,0
9355,1,214,214,0
9356,1,215,215,0
9357,1,201,201,0
9358,1,204,204,0
9359,1,201,201,0
9360,1,125,125,0
8692,1,204,204,0
8693,1,215,215,0
8694,1,180,180,0
8695,1,207,207,0
8696,1,182,182,0
8697,1,209,209,0
8698,1,189,189,0
8699,1,208,208,0
8700,1,90,90,0
8857,1,176,176,0
8858,1,196,196,0
8859,1,216,216,0
8860,1,203,203,0
8861,1,200,200,0
8862,1,239,239,0
8863,1,212,212,0
8865,1,209,209,0
8866,1,226,226,0
8867,1,219,219,0
8868,1,87,87,0
9304,1,191,191,0
9305,1,188,188,0
9306,1,200,200,0
9307,1,186,186,0
9308,1,214,214,0
9309,1,203,203,0
9310,1,213,213,0
9311,1,181,181,0
9721,1,167,167,0
9722,1,196,196,0
9723,1,211,211,0
9724,1,181,181,0
9725,1,177,177,0
9726,1,183,183,0
9727,1,193,193,0
9730,1,188,188,0
9731,1,212,212,0
9732,1,107,107,0
11053,1,194,194,0
11054,1,175,175,0
11055,1,197,197,0
11056,1,221,221,0
11057,1,208,208,0
11058,1,235,235,0
11059,1,211,211,0
11060,1,223,223,0
11061,1,177,177,0
11062,1,230,230,0
11063,1,191,191,0
11064,1,104,104,0
11462,1,197,197,0
11463,1,214,214,0
11464,1,237,237,0
11465,1,223,223,0
11466,1,192,192,0
11467,1,212,212,0
11468,1,236,236,0
11469,1,219,219,0
11470,1,208,208,0
11471,1,193,193,0
11472,1,116,116,0
11476,1,202,202,0
11477,1,202,202,0
11478,1,178,178,0
11479,1,203,203,0
11480,1,211,211,0
11481,1,207,207,0
11482,1,199,199,0
11483,1,187,187,0
11484,1,77,77,0
11907,1,200,200,0
11908,1,225,225,0
11909,1,208,208,0
11910,1,198,198,0
11911,1,204,204,0
11912,1,194,194,0
11913,1,204,204,0
11914,1,207,207,0
11915,1,225,225,0
11916,1,104,104,0
11917,1,207,207,0
11918,1,198,198,0
11919,1,205,205,0
11920,1,204,204,0
11921,1,188,188,0
11922,1,190,190,0
11923,1,191,191,0
11924,1,199,199,0
11925,1,217,217,0
11926,1,184,184,0
11927,1,222,222,0
11928,1,110,110,0
11929,1,217,217,0
11930,1,233,233,0
11931,1,219,219,0
11932,1,192,192,0
11933,1,229,229,0
11934,1,196,196,0
11935,1,225,225,0
11936,1,194,194,0
11937,1,200,200,0
11938,1,211,211,0
11939,1,200,200,0
11940,1,115,115,0
11990,1,213,213,0
11991,1,181,181,0
11992,1,196,196,0
11993,1,196,196,0
11994,1,212,212,0
11995,1,196,196,0
11996,1,214,214,0
11997,1,183,183,0
11998,1,226,226,0
11999,1,204,204,0
1,1,207,207,0
2,1,199,199,0
3,1,195,195,0
4,1,183,183,0
5,1,208,208,0
6,1,200,200,0
7,1,177,177,0
8,1,206,206,0
9,1,226,226,0
10,1,194,194,0
11,1,184,184,0
12,1,107,107,0
61,1,197,197,0
62,1,205,205,0
63,1,210,210,0
64,1,190,190,0
65,1,200,200,0
66,1,204,204,0
67,1,194,194,0
68,1,184,184,0
69,1,205,205,0
70,1,222,222,0
71,1,180,180,0
72,1,103,103,0
277,1,212,212,0
278,1,198,198,0
279,1,228,228,0
280,1,201,201,0
281,1,191,191,0
282,1,216,216,0
283,1,193,193,0
284,1,201,201,0
285,1,199,199,0
286,1,203,203,0
287,1,209,209,0
288,1,103,103,0
313,1,195,195,0
314,1,214,214,0
315,1,185,185,0
316,1,203,203,0
317,1,206,206,0
318,1,184,184,0
319,1,210,210,0
320,1,201,201,0
321,1,193,193,0
322,1,206,206,0
323,1,201,201,0
324,1,98,98,0
505,1,220,220,0
506,1,201,201,0
507,1,193,193,0
508,1,218,218,0
509,1,198,198,0
510,1,205,205,0
511,1,192,192,0
512,1,194,194,0
513,1,187,187,0
514,1,205,205,0
515,1,210,210,0
516,1,93,93,0
529,1,178,178,0
530,1,207,207,0
531,1,209,209,0
532,1,182,182,0
533,1,209,209,0
534,1,221,221,0
535,1,232,232,0
536,1,184,184,0
537,1,203,203,0
538,1,205,205,0
539,1,191,191,0
540,1,84,84,0
541,1,202,202,0
542,1,197,197,0
543,1,197,197,0
544,1,196,196,0
545,1,204,204,0
546,1,195,195,0
547,1,195,195,0
548,1,209,209,0
549,1,202,202,0
550,1,205,205,0
551,1,210,210,0
552,1,102,102,0
3073,1,215,215,0
3074,1,215,215,0
3075,1,192,192,0
3076,1,185,185,0
3077,1,220,220,0
3078,1,212,212,0
3079,1,167,167,0
3080,1,229,229,0
3081,1,236,236,0
3082,1,217,217,0
3083,1,248,248,0
3084,1,99,99,0
3277,1,218,218,0
3278,1,204,204,0
3279,1,208,208,0
3280,1,225,225,0
3281,1,232,232,0
3282,1,205,205,0
3283,1,224,224,0
3284,1,217,217,0
3285,1,190,190,0
3286,1,213,213,0
3287,1,199,199,0
3288,1,84,84,0
3577,1,220,220,0
3578,1,183,183,0
3579,1,189,189,0
3580,1,186,186,0
3581,1,206,206,0
3582,1,198,198,0
3583,1,233,233,0
3584,1,181,181,0
3585,1,220,220,0
3586,1,211,211,0
3587,1,196,196,0
3588,1,92,92,0
3601,1,216,216,0
3602,1,204,204,0
3603,1,212,212,0
3604,1,192,192,0
3605,1,210,210,0
3606,1,190,190,0
3607,1,199,199,0
3608,1,197,197,0
3609,1,206,206,0
3610,1,199,199,0
3611,1,192,192,0
3612,1,107,107,0
3709,1,201,201,0
3710,1,184,184,0
3711,1,208,208,0
3712,1,213,213,0
3713,1,204,204,0
3714,1,200,200,0
3715,1,207,207,0
3716,1,173,173,0
3717,1,210,210,0
3718,1,210,210,0
3719,1,198,198,0
3720,1,103,103,0
3745,1,223,223,0
3746,1,192,192,0
3747,1,210,210,0
3748,1,197,197,0
8294,1,187,187,0
8295,1,200,200,0
8296,1,220,220,0
8297,1,208,208,0
8298,1,242,242,0
8299,1,209,209,0
8300,1,208,208,0
8301,1,189,189,0
8302,1,204,204,0
8303,1,218,218,0
8304,1,85,85,0
8329,1,206,206,0
8330,1,196,196,0
8331,1,220,220,0
8332,1,210,210,0
8333,1,248,248,0
8334,1,209,209,0
8335,1,232,232,0
8336,1,224,224,0
8337,1,180,180,0
8338,1,166,166,0
8339,1,190,190,0
8340,1,98,98,0
8365,1,218,218,0
8366,1,220,220,0
8367,1,204,204,0
8368,1,202,202,0
8369,1,204,204,0
8370,1,194,194,0
8371,1,215,215,0
8372,1,209,209,0
8373,1,197,197,0
8374,1,208,208,0
8375,1,221,221,0
8376,1,92,92,0
8473,1,208,208,0
8474,1,222,222,0
8475,1,209,209,0
8476,1,210,210,0
8477,1,258,258,0
8478,1,201,201,0
8479,1,199,199,0
8480,1,221,221,0
8481,1,198,198,0
8482,1,205,205,0
8483,1,182,182,0
8484,1,99,99,0
8497,1,205,205,0
8498,1,225,225,0
8499,1,201,201,0
8500,1,196,196,0
8501,1,178,178,0
8502,1,195,195,0
8503,1,209,209,0
8504,1,220,220,0
8505,1,204,204,0
8506,1,197,197,0
8507,1,208,208,0
8508,1,110,110,0
8917,1,202,202,0
8918,1,231,231,0
8919,1,206,206,0
8920,1,218,218,0
8921,1,212,212,0
8922,1,240,240,0
8923,1,204,204,0
8924,1,210,210,0
8925,1,183,183,0
8926,1,195,195,0
8927,1,220,220,0
8928,1,113,113,0
9001,1,212,212,0
9002,1,191,191,0
9003,1,188,188,0
9004,1,203,203,0
9005,1,196,196,0
9006,1,203,203,0
9007,1,192,192,0
9008,1,210,210,0
9009,1,236,236,0
9010,1,212,212,0
9011,1,196,196,0
9012,1,104,104,0
9733,1,198,198,0
9734,1,229,229,0
9735,1,209,209,0
9736,1,191,191,0
9737,1,201,201,0
9738,1,190,190,0
9739,1,223,223,0
9740,1,208,208,0
9741,1,180,180,0
9742,1,195,195,0
9743,1,229,229,0
9744,1,108,108,0
3553,1,208,208,0
3554,1,206,206,0
3555,1,209,209,0
3556,1,219,219,0
3557,1,225,225,0
3558,1,196,196,0
3559,1,224,224,0
3560,1,216,216,0
3561,1,199,199,0
3562,1,206,206,0
3563,1,209,209,0
3564,1,105,105,0
3721,1,218,218,0
3722,1,217,217,0
3723,1,209,209,0
3724,1,171,171,0
3725,1,210,210,0
3726,1,196,196,0
3727,1,221,221,0
3728,1,234,234,0
3729,1,203,203,0
3730,1,227,227,0
3731,1,208,208,0
3732,1,116,116,0
5125,1,195,195,0
5126,1,202,202,0
5127,1,185,185,0
5128,1,209,209,0
5129,1,197,197,0
5130,1,180,180,0
5131,1,224,224,0
5132,1,231,231,0
5133,1,215,215,0
5134,1,212,212,0
5135,1,209,209,0
5136,1,120,120,0
5317,1,184,184,0
5318,1,191,191,0
5319,1,212,212,0
5320,1,212,212,0
5321,1,195,195,0
5322,1,221,221,0
5323,1,206,206,0
5324,1,200,200,0
5325,1,207,207,0
5326,1,213,213,0
5327,1,199,199,0
5328,1,88,88,0
7033,1,193,193,0
7034,1,210,210,0
7035,1,198,198,0
7036,1,200,200,0
7037,1,233,233,0
7038,1,178,178,0
7039,1,237,237,0
7040,1,202,202,0
7041,1,226,226,0
7042,1,203,203,0
7043,1,213,213,0
7044,1,107,107,0
7117,1,209,209,0
7118,1,201,201,0
7119,1,185,185,0
7120,1,202,202,0
7121,1,225,225,0
7122,1,217,217,0
7123,1,210,210,0
7124,1,220,220,0
7125,1,196,196,0
7126,1,222,222,0
7127,1,189,189,0
7128,1,93,93,0
8053,1,188,188,0
8054,1,192,192,0
8055,1,199,199,0
8056,1,205,205,0
8057,1,206,206,0
8058,1,196,196,0
8059,1,212,212,0
8060,1,210,210,0
8061,1,204,204,0
8062,1,208,208,0
8063,1,205,205,0
8064,1,101,101,0
8125,1,200,200,0
8126,1,195,195,0
8127,1,188,188,0
8128,1,199,199,0
8129,1,192,192,0
8130,1,211,211,0
8131,1,237,237,0
8132,1,201,201,0
8133,1,200,200,0
8134,1,228,228,0
8135,1,192,192,0
8136,1,102,102,0
8269,1,198,198,0
8270,1,232,232,0
8271,1,199,199,0
8272,1,202,202,0
8273,1,215,215,0
8274,1,218,218,0
8275,1,235,235,0
8276,1,209,209,0
8277,1,198,198,0
8278,1,204,204,0
8279,1,214,214,0
8280,1,88,88,0
8317,1,213,213,0
8318,1,233,233,0
8319,1,213,213,0
8320,1,185,185,0
8321,1,237,237,0
8322,1,193,193,0
8323,1,177,177,0
8324,1,201,201,0
8325,1,201,201,0
8326,1,217,217,0
8327,1,196,196,0
8328,1,114,114,0
8353,1,195,195,0
8354,1,230,230,0
8355,1,204,204,0
8356,1,184,184,0
8357,1,241,241,0
8358,1,205,205,0
8359,1,204,204,0
8360,1,179,179,0
8361,1,205,205,0
8362,1,182,182,0
8363,1,187,187,0
8364,1,91,91,0
8533,1,222,222,0
8534,1,205,205,0
8535,1,205,205,0
8536,1,194,194,0
8537,1,220,220,0
8538,1,213,213,0
8539,1,214,214,0
8540,1,187,187,0
8541,1,193,193,0
8542,1,191,191,0
8543,1,194,194,0
8544,1,98,98,0
8864,1,209,209,0
3661,1,217,217,0
3662,1,199,199,0
3663,1,211,211,0
3664,1,214,214,0
3665,1,202,202,0
3666,1,196,196,0
3667,1,212,212,0
3668,1,216,216,0
3669,1,220,220,0
3670,1,211,211,0
3671,1,217,217,0
3672,1,106,106,0
4897,1,204,204,0
4898,1,219,219,0
4899,1,200,200,0
4900,1,188,188,0
4901,1,202,202,0
4902,1,201,201,0
4903,1,200,200,0
4904,1,204,204,0
4905,1,195,195,0
4906,1,202,202,0
4907,1,199,199,0
4908,1,99,99,0
5245,1,198,198,0
5246,1,206,206,0
5247,1,210,210,0
5248,1,206,206,0
5249,1,203,203,0
5250,1,190,190,0
5251,1,214,214,0
5252,1,225,225,0
5253,1,202,202,0
5254,1,196,196,0
5255,1,198,198,0
5256,1,94,94,0
5305,1,186,186,0
5306,1,199,199,0
5307,1,198,198,0
5308,1,192,192,0
5309,1,234,234,0
5310,1,194,194,0
5311,1,184,184,0
5312,1,201,201,0
5313,1,186,186,0
5314,1,204,204,0
5315,1,212,212,0
5316,1,120,120,0
6373,1,186,186,0
6374,1,207,207,0
6375,1,230,230,0
6376,1,189,189,0
6377,1,235,235,0
6378,1,180,180,0
6379,1,194,194,0
6380,1,212,212,0
6381,1,207,207,0
6382,1,222,222,0
6383,1,194,194,0
6384,1,101,101,0
6673,1,209,209,0
6674,1,213,213,0
6675,1,214,214,0
6676,1,190,190,0
6677,1,222,222,0
6678,1,177,177,0
6679,1,231,231,0
6680,1,217,217,0
6681,1,218,218,0
6682,1,185,185,0
6683,1,193,193,0
6684,1,108,108,0
6805,1,197,197,0
6806,1,201,201,0
6807,1,189,189,0
6808,1,213,213,0
6809,1,186,186,0
6810,1,213,213,0
6811,1,189,189,0
6812,1,211,211,0
6813,1,191,191,0
6814,1,208,208,0
6815,1,210,210,0
6816,1,108,108,0
6841,1,204,204,0
6842,1,176,176,0
6843,1,209,209,0
6844,1,197,197,0
6845,1,212,212,0
6846,1,209,209,0
6847,1,190,190,0
6848,1,182,182,0
6849,1,171,171,0
6850,1,233,233,0
6851,1,246,246,0
6852,1,93,93,0
6973,1,214,214,0
6974,1,202,202,0
6975,1,194,194,0
6976,1,198,198,0
6977,1,231,231,0
6978,1,208,208,0
6979,1,174,174,0
6980,1,223,223,0
6981,1,212,212,0
6982,1,204,204,0
6983,1,216,216,0
6984,1,108,108,0
7021,1,218,218,0
7022,1,192,192,0
7023,1,206,206,0
7024,1,202,202,0
7025,1,216,216,0
7026,1,232,232,0
7027,1,218,218,0
7028,1,201,201,0
7029,1,226,226,0
7030,1,206,206,0
7031,1,222,222,0
7032,1,89,89,0
7129,1,200,200,0
7130,1,195,195,0
7131,1,192,192,0
7132,1,182,182,0
7133,1,198,198,0
7134,1,191,191,0
7135,1,205,205,0
7136,1,233,233,0
7137,1,200,200,0
7138,1,217,217,0
7139,1,208,208,0
7140,1,90,90,0
7141,1,197,197,0
7142,1,203,203,0
7143,1,195,195,0
7144,1,187,187,0
7145,1,190,190,0
7146,1,209,209,0
7147,1,197,197,0
7148,1,223,223,0
7149,1,199,199,0
7150,1,194,194,0
7151,1,220,220,0
7152,1,102,102,0
7840,1,211,211,0
7841,1,211,211,0
4765,1,184,184,0
4766,1,197,197,0
4767,1,207,207,0
4770,1,185,185,0
4771,1,217,217,0
4772,1,194,194,0
4773,1,197,197,0
4774,1,213,213,0
4775,1,215,215,0
4776,1,115,115,0
4921,1,226,226,0
4922,1,212,212,0
4923,1,210,210,0
4924,1,196,196,0
4925,1,215,215,0
4926,1,215,215,0
4927,1,187,187,0
4928,1,171,171,0
4929,1,202,202,0
4930,1,197,197,0
4931,1,172,172,0
4932,1,81,81,0
4945,1,211,211,0
4946,1,196,196,0
4947,1,207,207,0
4948,1,212,212,0
4949,1,209,209,0
4950,1,211,211,0
4951,1,186,186,0
4952,1,198,198,0
4953,1,203,203,0
4954,1,170,170,0
4955,1,214,214,0
4956,1,117,117,0
5113,1,192,192,0
5114,1,233,233,0
5115,1,243,243,0
5116,1,210,210,0
5117,1,225,225,0
5118,1,211,211,0
5119,1,187,187,0
5120,1,194,194,0
5121,1,232,232,0
5122,1,196,196,0
5123,1,194,194,0
5124,1,122,122,0
6661,1,215,215,0
6662,1,207,207,0
6663,1,176,176,0
6664,1,190,190,0
6665,1,202,202,0
6666,1,214,214,0
6667,1,206,206,0
6668,1,205,205,0
6669,1,203,203,0
6670,1,192,192,0
6671,1,201,201,0
6672,1,98,98,0
7009,1,204,204,0
7010,1,239,239,0
7011,1,202,202,0
7012,1,201,201,0
7013,1,209,209,0
7014,1,179,179,0
7015,1,204,204,0
7016,1,230,230,0
7017,1,232,232,0
7018,1,195,195,0
7019,1,194,194,0
7020,1,103,103,0
8077,1,209,209,0
8078,1,211,211,0
8079,1,204,204,0
8080,1,169,169,0
8081,1,214,214,0
8082,1,197,197,0
8083,1,195,195,0
8084,1,201,201,0
8085,1,199,199,0
8086,1,209,209,0
8087,1,203,203,0
8088,1,118,118,0
457,1,201,201,0
458,1,201,201,0
459,1,207,207,0
460,1,213,213,0
461,1,198,198,0
462,1,208,208,0
463,1,202,202,0
464,1,209,209,0
465,1,212,212,0
466,1,229,229,0
467,1,186,186,0
468,1,80,80,0
493,1,239,239,0
494,1,204,204,0
495,1,202,202,0
496,1,208,208,0
497,1,228,228,0
498,1,202,202,0
499,1,212,212,0
500,1,215,215,0
501,1,197,197,0
502,1,210,210,0
503,1,226,226,0
504,1,92,92,0
3517,1,205,205,0
3518,1,184,184,0
3519,1,187,187,0
3520,1,218,218,0
3521,1,191,191,0
3522,1,199,199,0
3523,1,201,201,0
3524,1,202,202,0
3525,1,207,207,0
3526,1,190,190,0
3527,1,208,208,0
3528,1,85,85,0
3829,1,202,202,0
3830,1,204,204,0
3831,1,214,214,0
3832,1,203,203,0
3833,1,193,193,0
3834,1,215,215,0
3835,1,208,208,0
3836,1,205,205,0
3837,1,207,207,0
3838,1,180,180,0
3839,1,193,193,0
3840,1,98,98,0
3889,1,203,203,0
3890,1,207,207,0
3891,1,206,206,0
3892,1,196,196,0
3893,1,204,204,0
3894,1,254,254,0
3895,1,228,228,0
3896,1,186,186,0
3897,1,205,205,0
3898,1,224,224,0
3899,1,205,205,0
3900,1,113,113,0
4057,1,200,200,0
4058,1,190,190,0
4059,1,196,196,0
4060,1,214,214,0
4061,1,236,236,0
4062,1,211,211,0
4063,1,199,199,0
4064,1,213,213,0
4065,1,206,206,0
4066,1,197,197,0
4067,1,179,179,0
4068,1,104,104,0
4105,1,210,210,0
4106,1,206,206,0
4107,1,203,203,0
4108,1,219,219,0
4109,1,213,213,0
4110,1,203,203,0
4111,1,214,214,0
4112,1,209,209,0
4113,1,189,189,0
4114,1,221,221,0
4115,1,191,191,0
4116,1,103,103,0
4345,1,186,186,0
4346,1,196,196,0
4347,1,205,205,0
4348,1,210,210,0
4349,1,195,195,0
4350,1,194,194,0
4351,1,207,207,0
4352,1,213,213,0
4353,1,210,210,0
4354,1,213,213,0
4355,1,197,197,0
4356,1,101,101,0
4417,1,207,207,0
4418,1,210,210,0
4419,1,199,199,0
4420,1,204,204,0
4421,1,196,196,0
4422,1,209,209,0
4423,1,191,191,0
4424,1,185,185,0
4425,1,210,210,0
4426,1,197,197,0
4427,1,184,184,0
4428,1,102,102,0
4465,1,205,205,0
4466,1,225,225,0
4467,1,210,210,0
4468,1,190,190,0
4469,1,190,190,0
4470,1,199,199,0
4471,1,188,188,0
4472,1,193,193,0
4473,1,188,188,0
4474,1,190,190,0
4475,1,216,216,0
4476,1,93,93,0
4645,1,196,196,0
4646,1,201,201,0
4647,1,178,178,0
4648,1,205,205,0
4649,1,221,221,0
4650,1,209,209,0
4651,1,207,207,0
4652,1,220,220,0
4653,1,218,218,0
4654,1,220,220,0
4655,1,192,192,0
4656,1,101,101,0
4681,1,201,201,0
4682,1,212,212,0
4683,1,202,202,0
4684,1,234,234,0
4685,1,213,213,0
4686,1,197,197,0
4687,1,207,207,0
4688,1,197,197,0
4689,1,211,211,0
4690,1,222,222,0
4691,1,208,208,0
4692,1,117,117,0
4768,1,217,217,0
4769,1,213,213,0
517,1,226,226,0
518,1,212,212,0
519,1,195,195,0
520,1,199,199,0
521,1,209,209,0
522,1,210,210,0
523,1,186,186,0
524,1,204,204,0
525,1,193,193,0
526,1,201,201,0
527,1,223,223,0
528,1,106,106,0
625,1,211,211,0
626,1,193,193,0
627,1,185,185,0
628,1,213,213,0
629,1,199,199,0
630,1,219,219,0
631,1,201,201,0
632,1,195,195,0
633,1,217,217,0
634,1,189,189,0
635,1,199,199,0
636,1,118,118,0
721,1,213,213,0
722,1,212,212,0
723,1,217,217,0
724,1,225,225,0
725,1,208,208,0
726,1,206,206,0
727,1,208,208,0
728,1,219,219,0
729,1,216,216,0
730,1,210,210,0
731,1,199,199,0
732,1,112,112,0
3181,1,195,195,0
3182,1,199,199,0
3183,1,212,212,0
3184,1,237,237,0
3185,1,221,221,0
3186,1,195,195,0
3187,1,204,204,0
3188,1,192,192,0
3189,1,227,227,0
3190,1,193,193,0
3191,1,204,204,0
3192,1,110,110,0
4081,1,228,228,0
4082,1,221,221,0
4083,1,194,194,0
4084,1,210,210,0
4085,1,205,205,0
4086,1,201,201,0
4087,1,220,220,0
4088,1,192,192,0
4089,1,195,195,0
4090,1,181,181,0
4091,1,188,188,0
4092,1,102,102,0
4189,1,194,194,0
4190,1,216,216,0
4191,1,229,229,0
4192,1,194,194,0
4193,1,222,222,0
4194,1,196,196,0
4195,1,231,231,0
4196,1,203,203,0
4197,1,206,206,0
4198,1,225,225,0
4199,1,194,194,0
4200,1,93,93,0
4357,1,201,201,0
4358,1,205,205,0
4359,1,215,215,0
4360,1,208,208,0
4361,1,192,192,0
4362,1,205,205,0
4363,1,193,193,0
4364,1,207,207,0
4365,1,189,189,0
4366,1,199,199,0
4367,1,255,255,0
4368,1,108,108,0
4477,1,211,211,0
4478,1,210,210,0
4479,1,195,195,0
4480,1,189,189,0
4481,1,194,194,0
4482,1,198,198,0
4483,1,197,197,0
4484,1,213,213,0
4485,1,188,188,0
4486,1,197,197,0
4487,1,188,188,0
4488,1,91,91,0
4669,1,214,214,0
4670,1,221,221,0
4671,1,216,216,0
4672,1,237,237,0
4673,1,209,209,0
4674,1,206,206,0
4675,1,204,204,0
4676,1,206,206,0
4677,1,221,221,0
4678,1,225,225,0
4679,1,214,214,0
4680,1,101,101,0
4837,1,217,217,0
4838,1,198,198,0
4839,1,232,232,0
4840,1,207,207,0
4841,1,199,199,0
4842,1,219,219,0
4843,1,250,250,0
4844,1,208,208,0
4845,1,192,192,0
4846,1,202,202,0
4847,1,201,201,0
4848,1,113,113,0
4873,1,197,197,0
4874,1,186,186,0
4875,1,197,197,0
4876,1,211,211,0
4877,1,194,194,0
4878,1,189,189,0
4879,1,214,214,0
4880,1,208,208,0
4881,1,201,201,0
4882,1,218,218,0
4883,1,193,193,0
4884,1,96,96,0
4885,1,212,212,0
4886,1,209,209,0
4887,1,194,194,0
4888,1,210,210,0
4889,1,220,220,0
4890,1,220,220,0
4891,1,196,196,0
4892,1,204,204,0
4893,1,222,222,0
4894,1,194,194,0
4895,1,203,203,0
4896,1,103,103,0
4909,1,195,195,0
3325,1,196,196,0
3326,1,202,202,0
3327,1,205,205,0
3328,1,198,198,0
3329,1,205,205,0
3330,1,207,207,0
3331,1,197,197,0
3332,1,197,197,0
3333,1,213,213,0
3334,1,219,219,0
3335,1,212,212,0
3336,1,97,97,0
11677,1,198,198,0
11678,1,202,202,0
11679,1,237,237,0
11680,1,195,195,0
11681,1,204,204,0
11682,1,198,198,0
11683,1,200,200,0
11684,1,196,196,0
11685,1,218,218,0
11686,1,194,194,0
11687,1,202,202,0
11688,1,106,106,0
11713,1,203,203,0
11714,1,196,196,0
11715,1,220,220,0
11716,1,193,193,0
11717,1,200,200,0
11718,1,203,203,0
11719,1,219,219,0
11720,1,208,208,0
11721,1,209,209,0
11722,1,210,210,0
11723,1,221,221,0
11724,1,102,102,0
11761,1,182,182,0
11762,1,213,213,0
11763,1,202,202,0
11764,1,219,219,0
11765,1,193,193,0
11766,1,193,193,0
11767,1,191,191,0
11768,1,209,209,0
11769,1,226,226,0
11770,1,201,201,0
11771,1,202,202,0
11772,1,90,90,0
11785,1,187,187,0
11786,1,222,222,0
11787,1,187,187,0
11788,1,217,217,0
11789,1,225,225,0
11790,1,174,174,0
11791,1,225,225,0
11792,1,183,183,0
11793,1,193,193,0
11794,1,213,213,0
11795,1,191,191,0
11796,1,96,96,0
11821,1,206,206,0
11822,1,193,193,0
11823,1,214,214,0
11824,1,195,195,0
11825,1,195,195,0
11826,1,201,201,0
11827,1,218,218,0
11828,1,217,217,0
11829,1,214,214,0
11830,1,197,197,0
11831,1,198,198,0
11832,1,96,96,0
11833,1,204,204,0
11834,1,210,210,0
11835,1,183,183,0
11836,1,206,206,0
11837,1,216,216,0
11838,1,216,216,0
11839,1,211,211,0
11840,1,207,207,0
11841,1,196,196,0
11842,1,216,216,0
11843,1,213,213,0
11844,1,110,110,0
11893,1,230,230,0
11894,1,193,193,0
11895,1,188,188,0
11896,1,197,197,0
11897,1,213,213,0
11898,1,209,209,0
11899,1,196,196,0
11900,1,184,184,0
11901,1,206,206,0
11902,1,192,192,0
11903,1,205,205,0
11904,1,129,129,0
11941,1,210,210,0
11942,1,192,192,0
11943,1,189,189,0
11944,1,182,182,0
11945,1,205,205,0
11946,1,216,216,0
11947,1,218,218,0
11948,1,206,206,0
11949,1,215,215,0
11950,1,208,208,0
11951,1,202,202,0
11952,1,114,114,0
11953,1,212,212,0
11954,1,222,222,0
11955,1,210,210,0
11956,1,221,221,0
11957,1,195,195,0
11958,1,202,202,0
11959,1,197,197,0
11960,1,211,211,0
11961,1,210,210,0
11962,1,212,212,0
11963,1,217,217,0
11964,1,106,106,0
11965,1,188,188,0
11966,1,216,216,0
11967,1,205,205,0
11968,1,230,230,0
11969,1,193,193,0
11970,1,218,218,0
11971,1,213,213,0
11972,1,213,213,0
11973,1,221,221,0
11974,1,191,191,0
11975,1,201,201,0
11976,1,92,92,0
11977,1,228,228,0
11978,1,226,226,0
11979,1,215,215,0
11980,1,196,196,0
11981,1,222,222,0
11982,1,192,192,0
11983,1,215,215,0
11984,1,206,206,0
11985,1,230,230,0
11986,1,196,196,0
11987,1,206,206,0
11988,1,103,103,0
11989,1,205,205,0
12000,1,100,100,0
649,1,213,213,0
650,1,217,217,0
651,1,203,203,0
652,1,233,233,0
653,1,182,182,0
654,1,189,189,0
655,1,191,191,0
656,1,226,226,0
657,1,197,197,0
658,1,209,209,0
659,1,199,199,0
660,1,106,106,0
673,1,204,204,0
674,1,220,220,0
675,1,194,194,0
676,1,224,224,0
677,1,186,186,0
678,1,182,182,0
679,1,186,186,0
680,1,210,210,0
681,1,218,218,0
682,1,210,210,0
683,1,200,200,0
684,1,83,83,0
4177,1,212,212,0
4178,1,219,219,0
4179,1,209,209,0
4180,1,185,185,0
4181,1,200,200,0
4182,1,212,212,0
4183,1,212,212,0
4184,1,200,200,0
4185,1,187,187,0
4186,1,187,187,0
4187,1,194,194,0
4188,1,112,112,0
6253,1,185,185,0
6254,1,203,203,0
6255,1,205,205,0
6256,1,186,186,0
6257,1,235,235,0
6258,1,202,202,0
6259,1,204,204,0
6260,1,197,197,0
6261,1,200,200,0
6262,1,194,194,0
6263,1,209,209,0
6264,1,105,105,0
6697,1,216,216,0
6698,1,215,215,0
6699,1,192,192,0
6700,1,184,184,0
6701,1,222,222,0
6702,1,209,209,0
6703,1,173,173,0
6704,1,206,206,0
6705,1,202,202,0
6706,1,212,212,0
6707,1,222,222,0
6708,1,110,110,0
6925,1,202,202,0
6926,1,194,194,0
6927,1,206,206,0
6928,1,190,190,0
6929,1,201,201,0
6930,1,214,214,0
6931,1,216,216,0
6932,1,217,217,0
6933,1,194,194,0
6934,1,192,192,0
6935,1,185,185,0
6936,1,100,100,0
7105,1,234,234,0
7106,1,225,225,0
7107,1,205,205,0
7108,1,198,198,0
7109,1,186,186,0
7110,1,219,219,0
7111,1,217,217,0
7112,1,176,176,0
7113,1,192,192,0
7114,1,201,201,0
7115,1,182,182,0
7116,1,106,106,0
8005,1,199,199,0
8006,1,217,217,0
8007,1,210,210,0
8008,1,176,176,0
8009,1,200,200,0
8010,1,180,180,0
8011,1,200,200,0
8012,1,178,178,0
8013,1,211,211,0
8014,1,202,202,0
8015,1,205,205,0
8016,1,109,109,0
8257,1,179,179,0
8258,1,199,199,0
8259,1,209,209,0
8260,1,241,241,0
8261,1,207,207,0
8262,1,194,194,0
8263,1,194,194,0
8264,1,219,219,0
8265,1,197,197,0
8266,1,209,209,0
8267,1,187,187,0
8268,1,95,95,0
8449,1,206,206,0
8450,1,218,218,0
8451,1,194,194,0
8452,1,205,205,0
8453,1,217,217,0
8454,1,207,207,0
8455,1,186,186,0
8456,1,226,226,0
8457,1,201,201,0
8458,1,204,204,0
8459,1,226,226,0
8460,1,99,99,0
8509,1,201,201,0
8510,1,200,200,0
8511,1,223,223,0
8512,1,186,186,0
8513,1,184,184,0
8514,1,211,211,0
8515,1,196,196,0
8516,1,199,199,0
8517,1,209,209,0
8518,1,229,229,0
8519,1,204,204,0
8520,1,106,106,0
8677,1,203,203,0
8678,1,205,205,0
8679,1,215,215,0
8680,1,207,207,0
8681,1,202,202,0
8682,1,218,218,0
8683,1,206,206,0
8684,1,183,183,0
8685,1,200,200,0
8686,1,198,198,0
8687,1,211,211,0
8688,1,117,117,0
8689,1,203,203,0
8690,1,204,204,0
8691,1,241,241,0
3061,1,180,180,0
3062,1,214,214,0
3063,1,192,192,0
3064,1,188,188,0
3065,1,220,220,0
3066,1,174,174,0
3067,1,196,196,0
3068,1,209,209,0
3069,1,201,201,0
3070,1,202,202,0
3071,1,241,241,0
3072,1,104,104,0
3121,1,214,214,0
3122,1,198,198,0
3123,1,234,234,0
3124,1,212,212,0
3125,1,184,184,0
3126,1,226,226,0
3127,1,201,201,0
3128,1,196,196,0
3129,1,224,224,0
3130,1,200,200,0
3131,1,194,194,0
3132,1,110,110,0
3229,1,205,205,0
3230,1,195,195,0
3231,1,207,207,0
3232,1,213,213,0
3233,1,197,197,0
3234,1,221,221,0
3235,1,200,200,0
3236,1,204,204,0
3237,1,199,199,0
3238,1,204,204,0
3239,1,190,190,0
3240,1,115,115,0
3421,1,197,197,0
3422,1,196,196,0
3423,1,235,235,0
3424,1,183,183,0
3425,1,235,235,0
3426,1,231,231,0
3427,1,219,219,0
3428,1,202,202,0
3429,1,215,215,0
3430,1,241,241,0
3431,1,213,213,0
3432,1,105,105,0
3625,1,211,211,0
3626,1,207,207,0
3627,1,222,222,0
3628,1,194,194,0
3629,1,203,203,0
3630,1,210,210,0
3631,1,187,187,0
3632,1,209,209,0
3633,1,202,202,0
3634,1,214,214,0
3635,1,211,211,0
3636,1,96,96,0
3685,1,222,222,0
3686,1,204,204,0
3687,1,201,201,0
3688,1,225,225,0
3689,1,196,196,0
3690,1,198,198,0
3691,1,208,208,0
3692,1,187,187,0
3693,1,206,206,0
3694,1,202,202,0
3695,1,199,199,0
3696,1,115,115,0
3781,1,215,215,0
3782,1,221,221,0
3783,1,193,193,0
3784,1,190,190,0
3785,1,197,197,0
3786,1,200,200,0
3787,1,188,188,0
3788,1,210,210,0
3789,1,205,205,0
3790,1,200,200,0
3791,1,195,195,0
3792,1,98,98,0
3937,1,222,222,0
3938,1,205,205,0
3939,1,234,234,0
3940,1,205,205,0
3941,1,199,199,0
3942,1,208,208,0
3943,1,181,181,0
3944,1,206,206,0
3945,1,203,203,0
3946,1,218,218,0
3947,1,205,205,0
3948,1,93,93,0
3949,1,211,211,0
3950,1,205,205,0
3951,1,199,199,0
3952,1,189,189,0
3953,1,183,183,0
3954,1,204,204,0
3955,1,188,188,0
3956,1,189,189,0
3957,1,194,194,0
3958,1,229,229,0
3959,1,191,191,0
3960,1,84,84,0
4021,1,201,201,0
4022,1,217,217,0
4023,1,193,193,0
4024,1,203,203,0
4025,1,212,212,0
4026,1,209,209,0
4027,1,219,219,0
4028,1,210,210,0
4029,1,236,236,0
4030,1,225,225,0
4031,1,187,187,0
4032,1,93,93,0
4249,1,202,202,0
4250,1,219,219,0
4251,1,207,207,0
4252,1,215,215,0
4253,1,184,184,0
4254,1,221,221,0
4255,1,190,190,0
4256,1,202,202,0
4257,1,211,211,0
4258,1,232,232,0
4259,1,212,212,0
4260,1,103,103,0
4273,1,211,211,0
4274,1,184,184,0
4275,1,186,186,0
4276,1,195,195,0
4277,1,226,226,0
4278,1,205,205,0
4279,1,208,208,0
4280,1,241,241,0
4281,1,212,212,0
4282,1,210,210,0
4283,1,168,168,0
4284,1,90,90,0
4288,1,205,205,0
4289,1,230,230,0
3253,1,239,239,0
3254,1,196,196,0
3255,1,214,214,0
3256,1,218,218,0
3257,1,216,216,0
3258,1,213,213,0
3259,1,203,203,0
3260,1,179,179,0
3261,1,209,209,0
3262,1,198,198,0
3263,1,190,190,0
3264,1,108,108,0
3301,1,213,213,0
3302,1,222,222,0
3303,1,193,193,0
3304,1,205,205,0
3305,1,183,183,0
3306,1,212,212,0
3307,1,180,180,0
3308,1,197,197,0
3309,1,179,179,0
3310,1,224,224,0
3311,1,205,205,0
3312,1,103,103,0
3733,1,192,192,0
3734,1,222,222,0
3735,1,177,177,0
3736,1,235,235,0
3737,1,201,201,0
3738,1,188,188,0
3739,1,208,208,0
3740,1,209,209,0
3741,1,202,202,0
3742,1,186,186,0
3743,1,200,200,0
3744,1,107,107,0
3865,1,232,232,0
3866,1,173,173,0
3867,1,232,232,0
3868,1,206,206,0
3869,1,214,214,0
3870,1,211,211,0
3871,1,200,200,0
3872,1,212,212,0
3873,1,215,215,0
3874,1,194,194,0
3875,1,207,207,0
3876,1,86,86,0
4297,1,219,219,0
4298,1,196,196,0
4299,1,201,201,0
4300,1,181,181,0
4301,1,211,211,0
4302,1,189,189,0
4303,1,214,214,0
4304,1,207,207,0
4305,1,185,185,0
4306,1,207,207,0
4307,1,216,216,0
4308,1,95,95,0
4609,1,199,199,0
4610,1,207,207,0
4611,1,221,221,0
4612,1,213,213,0
4613,1,217,217,0
4614,1,216,216,0
4615,1,260,260,0
4616,1,179,179,0
4617,1,211,211,0
4618,1,186,186,0
4619,1,213,213,0
4620,1,102,102,0
6289,1,202,202,0
6290,1,185,185,0
6291,1,187,187,0
6292,1,204,204,0
6293,1,220,220,0
6294,1,196,196,0
6295,1,196,196,0
6296,1,229,229,0
6297,1,214,214,0
6298,1,211,211,0
6299,1,202,202,0
6300,1,99,99,0
6385,1,202,202,0
6386,1,220,220,0
6387,1,213,213,0
6388,1,195,195,0
6389,1,240,240,0
6390,1,208,208,0
6391,1,209,209,0
6392,1,197,197,0
6393,1,190,190,0
6394,1,203,203,0
6395,1,199,199,0
6396,1,94,94,0
6649,1,218,218,0
6650,1,216,216,0
6651,1,176,176,0
6652,1,210,210,0
6653,1,189,189,0
6654,1,217,217,0
6655,1,203,203,0
6656,1,211,211,0
6657,1,219,219,0
6658,1,190,190,0
6659,1,193,193,0
6660,1,103,103,0
6769,1,199,199,0
6770,1,239,239,0
6771,1,223,223,0
6772,1,218,218,0
6773,1,217,217,0
6774,1,203,203,0
6775,1,211,211,0
6776,1,204,204,0
6777,1,191,191,0
6778,1,182,182,0
6779,1,218,218,0
6780,1,111,111,0
6865,1,192,192,0
6866,1,205,205,0
6867,1,196,196,0
6868,1,190,190,0
6869,1,199,199,0
6870,1,197,197,0
6871,1,211,211,0
6872,1,197,197,0
6873,1,186,186,0
6874,1,203,203,0
6875,1,197,197,0
6876,1,102,102,0
6937,1,187,187,0
6938,1,192,192,0
6939,1,209,209,0
6940,1,191,191,0
6941,1,216,216,0
6942,1,202,202,0
6943,1,194,194,0
6944,1,201,201,0
6945,1,198,198,0
6946,1,212,212,0
6947,1,213,213,0
6948,1,105,105,0
7885,1,210,210,0
7886,1,221,221,0
3841,1,207,207,0
3842,1,216,216,0
3843,1,202,202,0
3844,1,179,179,0
3845,1,219,219,0
3846,1,212,212,0
3847,1,172,172,0
3848,1,183,183,0
3849,1,218,218,0
3850,1,202,202,0
3851,1,218,218,0
3852,1,105,105,0
4441,1,215,215,0
4442,1,216,216,0
4443,1,226,226,0
4444,1,218,218,0
4445,1,191,191,0
4446,1,196,196,0
4447,1,174,174,0
4448,1,211,211,0
4449,1,229,229,0
4450,1,192,192,0
4451,1,211,211,0
4452,1,103,103,0
6301,1,194,194,0
6302,1,206,206,0
6303,1,207,207,0
6304,1,203,203,0
6305,1,186,186,0
6306,1,211,211,0
6307,1,207,207,0
6308,1,222,222,0
6309,1,208,208,0
6310,1,218,218,0
6311,1,179,179,0
6312,1,110,110,0
6757,1,219,219,0
6758,1,187,187,0
6759,1,190,190,0
6760,1,194,194,0
6761,1,196,196,0
6762,1,199,199,0
6763,1,204,204,0
6764,1,189,189,0
6765,1,200,200,0
6766,1,216,216,0
6767,1,191,191,0
6768,1,93,93,0
6853,1,187,187,0
6854,1,200,200,0
6855,1,191,191,0
6856,1,183,183,0
6857,1,206,206,0
6858,1,185,185,0
6859,1,183,183,0
6860,1,206,206,0
6861,1,199,199,0
6862,1,185,185,0
6863,1,192,192,0
6864,1,99,99,0
7705,1,193,193,0
7706,1,189,189,0
7707,1,216,216,0
7708,1,191,191,0
7709,1,198,198,0
7710,1,200,200,0
7711,1,201,201,0
7712,1,207,207,0
7713,1,213,213,0
7714,1,216,216,0
7715,1,216,216,0
7716,1,97,97,0
7789,1,196,196,0
7790,1,220,220,0
7791,1,203,203,0
7792,1,206,206,0
7793,1,207,207,0
7794,1,203,203,0
7795,1,197,197,0
7796,1,201,201,0
7797,1,195,195,0
7798,1,227,227,0
7799,1,204,204,0
7800,1,98,98,0
8845,1,206,206,0
8846,1,229,229,0
8847,1,216,216,0
8848,1,190,190,0
8849,1,219,219,0
8850,1,209,209,0
8851,1,216,216,0
8852,1,208,208,0
8853,1,214,214,0
8854,1,230,230,0
8855,1,187,187,0
8856,1,112,112,0
9121,1,205,205,0
9122,1,212,212,0
9123,1,204,204,0
9124,1,199,199,0
9125,1,232,232,0
9126,1,200,200,0
9127,1,203,203,0
9128,1,212,212,0
9129,1,200,200,0
9130,1,233,233,0
9131,1,190,190,0
9132,1,80,80,0
9169,1,188,188,0
9170,1,175,175,0
9171,1,191,191,0
9172,1,182,182,0
9173,1,220,220,0
9174,1,220,220,0
9175,1,227,227,0
9176,1,178,178,0
9177,1,203,203,0
9178,1,195,195,0
9179,1,164,164,0
9180,1,110,110,0
9229,1,222,222,0
9230,1,181,181,0
9231,1,217,217,0
9232,1,231,231,0
9233,1,187,187,0
9234,1,198,198,0
9235,1,201,201,0
9236,1,202,202,0
9237,1,194,194,0
9238,1,240,240,0
9239,1,218,218,0
9240,1,109,109,0
9241,1,188,188,0
9242,1,175,175,0
9243,1,221,221,0
9244,1,228,228,0
9245,1,190,190,0
9246,1,184,184,0
9247,1,218,218,0
9248,1,178,178,0
9249,1,210,210,0
9250,1,201,201,0
9251,1,228,228,0
9252,1,102,102,0
9301,1,188,188,0
9302,1,194,194,0
9303,1,187,187,0
9312,1,88,88,0
4393,1,225,225,0
4394,1,216,216,0
4395,1,226,226,0
4396,1,197,197,0
4397,1,203,203,0
4398,1,214,214,0
4399,1,166,166,0
4400,1,188,188,0
4401,1,198,198,0
4402,1,223,223,0
4403,1,193,193,0
4404,1,110,110,0
4981,1,211,211,0
4982,1,225,225,0
4983,1,206,206,0
4984,1,182,182,0
4985,1,206,206,0
4986,1,217,217,0
4987,1,232,232,0
4988,1,217,217,0
4989,1,211,211,0
4990,1,196,196,0
4991,1,203,203,0
4992,1,88,88,0
5089,1,219,219,0
5090,1,178,178,0
5091,1,217,217,0
5092,1,194,194,0
5093,1,209,209,0
5094,1,204,204,0
5095,1,228,228,0
5096,1,193,193,0
5097,1,198,198,0
5098,1,230,230,0
5099,1,200,200,0
5100,1,77,77,0
6241,1,194,194,0
6242,1,216,216,0
6243,1,231,231,0
6244,1,231,231,0
6245,1,203,203,0
6246,1,216,216,0
6247,1,202,202,0
6248,1,187,187,0
6249,1,195,195,0
6250,1,183,183,0
6251,1,211,211,0
6252,1,104,104,0
6985,1,197,197,0
6986,1,208,208,0
6987,1,213,213,0
6988,1,203,203,0
6989,1,183,183,0
6990,1,190,190,0
6991,1,212,212,0
6992,1,187,187,0
6993,1,200,200,0
6994,1,228,228,0
6995,1,207,207,0
6996,1,89,89,0
7093,1,216,216,0
7094,1,188,188,0
7095,1,223,223,0
7096,1,215,215,0
7097,1,225,225,0
7098,1,201,201,0
7099,1,188,188,0
7100,1,211,211,0
7101,1,207,207,0
7102,1,214,214,0
7103,1,175,175,0
7104,1,98,98,0
8041,1,204,204,0
8042,1,169,169,0
8043,1,212,212,0
8044,1,188,188,0
8045,1,206,206,0
8046,1,191,191,0
8047,1,211,211,0
8048,1,212,212,0
8049,1,188,188,0
8050,1,211,211,0
8051,1,233,233,0
8052,1,86,86,0
8185,1,182,182,0
8186,1,184,184,0
8187,1,202,202,0
8188,1,195,195,0
8189,1,174,174,0
8190,1,206,206,0
8191,1,222,222,0
8192,1,185,185,0
8193,1,224,224,0
8194,1,238,238,0
8195,1,183,183,0
8196,1,95,95,0
8725,1,207,207,0
8726,1,205,205,0
8727,1,199,199,0
8728,1,209,209,0
8729,1,217,217,0
8730,1,195,195,0
8731,1,204,204,0
8732,1,209,209,0
8733,1,214,214,0
8734,1,192,192,0
8735,1,245,245,0
8736,1,100,100,0
8737,1,189,189,0
8738,1,216,216,0
8739,1,191,191,0
8740,1,206,206,0
8741,1,214,214,0
8742,1,216,216,0
8743,1,196,196,0
8744,1,210,210,0
8745,1,195,195,0
8746,1,205,205,0
8747,1,225,225,0
8748,1,101,101,0
9037,1,191,191,0
9038,1,197,197,0
9039,1,201,201,0
9040,1,205,205,0
9041,1,194,194,0
9042,1,197,197,0
9043,1,200,200,0
9044,1,213,213,0
9045,1,204,204,0
9046,1,191,191,0
9047,1,188,188,0
9048,1,107,107,0
9205,1,184,184,0
9206,1,217,217,0
9207,1,194,194,0
9208,1,194,194,0
9209,1,203,203,0
9210,1,227,227,0
9211,1,201,201,0
9212,1,200,200,0
9213,1,196,196,0
9214,1,188,188,0
9215,1,210,210,0
9216,1,111,111,0
11473,1,202,202,0
11474,1,205,205,0
11475,1,186,186,0
4657,1,195,195,0
4658,1,214,214,0
4659,1,198,198,0
4660,1,247,247,0
4661,1,202,202,0
4662,1,227,227,0
4663,1,202,202,0
4664,1,209,209,0
4665,1,208,208,0
4666,1,200,200,0
4667,1,232,232,0
4668,1,92,92,0
4861,1,172,172,0
4862,1,226,226,0
4863,1,238,238,0
4864,1,211,211,0
4865,1,189,189,0
4866,1,178,178,0
4867,1,197,197,0
4868,1,176,176,0
4869,1,185,185,0
4870,1,229,229,0
4871,1,233,233,0
4872,1,99,99,0
5017,1,198,198,0
5018,1,186,186,0
5019,1,196,196,0
5020,1,198,198,0
5021,1,198,198,0
5022,1,201,201,0
5023,1,221,221,0
5024,1,211,211,0
5025,1,202,202,0
5026,1,230,230,0
5027,1,197,197,0
5028,1,98,98,0
6313,1,210,210,0
6314,1,204,204,0
6315,1,198,198,0
6316,1,210,210,0
6317,1,190,190,0
6318,1,199,199,0
6319,1,231,231,0
6320,1,224,224,0
6321,1,187,187,0
6322,1,207,207,0
6323,1,209,209,0
6324,1,94,94,0
7849,1,222,222,0
7850,1,190,190,0
7851,1,215,215,0
7852,1,178,178,0
7853,1,199,199,0
7854,1,210,210,0
7855,1,196,196,0
7856,1,219,219,0
7857,1,196,196,0
7858,1,205,205,0
7859,1,207,207,0
7860,1,111,111,0
8137,1,214,214,0
8138,1,200,200,0
8139,1,192,192,0
8140,1,206,206,0
8141,1,223,223,0
8142,1,195,195,0
8143,1,204,204,0
8144,1,197,197,0
8145,1,186,186,0
8146,1,227,227,0
8147,1,218,218,0
8148,1,91,91,0
8485,1,206,206,0
8486,1,231,231,0
8487,1,223,223,0
8488,1,231,231,0
8489,1,188,188,0
8490,1,181,181,0
8491,1,211,211,0
8492,1,189,189,0
8493,1,230,230,0
8494,1,224,224,0
8495,1,185,185,0
8496,1,100,100,0
9013,1,192,192,0
9014,1,217,217,0
9015,1,229,229,0
9016,1,198,198,0
9017,1,237,237,0
9018,1,196,196,0
9019,1,188,188,0
9020,1,222,222,0
9021,1,187,187,0
9022,1,193,193,0
9023,1,176,176,0
9024,1,96,96,0
9073,1,209,209,0
9074,1,206,206,0
9075,1,205,205,0
9076,1,213,213,0
9077,1,184,184,0
9078,1,181,181,0
9079,1,205,205,0
9080,1,230,230,0
9081,1,196,196,0
9082,1,193,193,0
9083,1,198,198,0
9084,1,89,89,0
9085,1,205,205,0
9086,1,201,201,0
9087,1,186,186,0
9088,1,230,230,0
9089,1,199,199,0
9090,1,190,190,0
9091,1,210,210,0
9092,1,178,178,0
9093,1,199,199,0
9094,1,195,195,0
9095,1,208,208,0
9096,1,112,112,0
9193,1,192,192,0
9194,1,205,205,0
9195,1,204,204,0
9196,1,193,193,0
9197,1,199,199,0
9198,1,201,201,0
9199,1,218,218,0
9200,1,207,207,0
9201,1,209,209,0
9202,1,216,216,0
9203,1,196,196,0
9204,1,97,97,0
9253,1,189,189,0
9254,1,212,212,0
9255,1,208,208,0
9256,1,216,216,0
9257,1,204,204,0
9258,1,218,218,0
9259,1,214,214,0
9260,1,224,224,0
9261,1,187,187,0
9262,1,202,202,0
9263,1,223,223,0
9264,1,110,110,0
9728,1,211,211,0
9729,1,187,187,0
6997,1,209,209,0
6998,1,203,203,0
6999,1,216,216,0
7000,1,212,212,0
7001,1,189,189,0
7002,1,208,208,0
7003,1,218,218,0
7004,1,191,191,0
7005,1,182,182,0
7006,1,197,197,0
7007,1,207,207,0
7008,1,98,98,0
7153,1,215,215,0
7154,1,209,209,0
7155,1,212,212,0
7156,1,216,216,0
7157,1,183,183,0
7158,1,193,193,0
7159,1,214,214,0
7160,1,213,213,0
7161,1,194,194,0
7162,1,196,196,0
7163,1,212,212,0
7164,1,89,89,0
8029,1,202,202,0
8030,1,213,213,0
8031,1,174,174,0
8032,1,197,197,0
8033,1,202,202,0
8034,1,225,225,0
8035,1,193,193,0
8036,1,194,194,0
8037,1,195,195,0
8038,1,219,219,0
8039,1,205,205,0
8040,1,108,108,0
8089,1,213,213,0
8090,1,198,198,0
8091,1,190,190,0
8092,1,198,198,0
8093,1,220,220,0
8094,1,216,216,0
8095,1,196,196,0
8096,1,218,218,0
8097,1,215,215,0
8098,1,190,190,0
8099,1,211,211,0
8100,1,97,97,0
8389,1,196,196,0
8390,1,208,208,0
8391,1,197,197,0
8392,1,245,245,0
8393,1,192,192,0
8394,1,202,202,0
8395,1,193,193,0
8396,1,219,219,0
8397,1,200,200,0
8398,1,209,209,0
8399,1,190,190,0
8400,1,105,105,0
8605,1,193,193,0
8606,1,163,163,0
8607,1,204,204,0
8608,1,219,219,0
8609,1,223,223,0
8610,1,204,204,0
8611,1,192,192,0
8612,1,223,223,0
8613,1,184,184,0
8614,1,216,216,0
8615,1,213,213,0
8616,1,111,111,0
8929,1,203,203,0
8930,1,211,211,0
8931,1,209,209,0
8932,1,200,200,0
8933,1,202,202,0
8934,1,231,231,0
8935,1,220,220,0
8936,1,208,208,0
8937,1,206,206,0
8938,1,195,195,0
8939,1,207,207,0
8940,1,92,92,0
8965,1,223,223,0
8966,1,232,232,0
8967,1,199,199,0
8968,1,201,201,0
8969,1,205,205,0
8970,1,217,217,0
8971,1,235,235,0
8972,1,227,227,0
8973,1,196,196,0
8974,1,227,227,0
8975,1,187,187,0
8976,1,88,88,0
8989,1,217,217,0
8990,1,198,198,0
8991,1,211,211,0
8992,1,189,189,0
8993,1,209,209,0
8994,1,221,221,0
8995,1,194,194,0
8996,1,200,200,0
8997,1,216,216,0
8998,1,216,216,0
8999,1,192,192,0
9000,1,109,109,0
9133,1,199,199,0
9134,1,249,249,0
9135,1,190,190,0
9136,1,206,206,0
9137,1,193,193,0
9138,1,220,220,0
9139,1,199,199,0
9140,1,189,189,0
9141,1,224,224,0
9142,1,217,217,0
9143,1,215,215,0
9144,1,104,104,0
9277,1,193,193,0
9278,1,189,189,0
9279,1,198,198,0
9280,1,224,224,0
9281,1,216,216,0
9282,1,198,198,0
9283,1,194,194,0
9284,1,225,225,0
9285,1,206,206,0
9286,1,206,206,0
9287,1,210,210,0
9288,1,101,101,0
9289,1,200,200,0
9290,1,231,231,0
9291,1,209,209,0
9292,1,221,221,0
9293,1,196,196,0
9294,1,215,215,0
9295,1,218,218,0
9296,1,214,214,0
9297,1,203,203,0
9298,1,186,186,0
9299,1,208,208,0
9300,1,102,102,0
11461,1,222,222,0
7837,1,205,205,0
7838,1,219,219,0
7839,1,199,199,0
7842,1,212,212,0
7843,1,204,204,0
7844,1,201,201,0
7845,1,200,200,0
7846,1,219,219,0
7847,1,187,187,0
7848,1,102,102,0
8149,1,197,197,0
8150,1,211,211,0
8151,1,201,201,0
8152,1,203,203,0
8153,1,199,199,0
8154,1,175,175,0
8155,1,213,213,0
8156,1,222,222,0
8157,1,190,190,0
8158,1,195,195,0
8159,1,190,190,0
8160,1,102,102,0
8221,1,212,212,0
8222,1,198,198,0
8223,1,205,205,0
8224,1,213,213,0
8225,1,196,196,0
8226,1,224,224,0
8227,1,195,195,0
8228,1,198,198,0
8229,1,184,184,0
8230,1,196,196,0
8231,1,192,192,0
8232,1,123,123,0
8245,1,199,199,0
8246,1,199,199,0
8247,1,207,207,0
8248,1,172,172,0
8249,1,202,202,0
8250,1,177,177,0
8251,1,255,255,0
8252,1,201,201,0
8253,1,222,222,0
8254,1,230,230,0
8255,1,196,196,0
8256,1,85,85,0
8437,1,201,201,0
8438,1,181,181,0
8439,1,207,207,0
8440,1,210,210,0
8441,1,222,222,0
8442,1,165,165,0
8443,1,216,216,0
8444,1,204,204,0
8445,1,211,211,0
8446,1,218,218,0
8447,1,208,208,0
8448,1,102,102,0
8545,1,204,204,0
8546,1,213,213,0
8547,1,199,199,0
8548,1,195,195,0
8549,1,193,193,0
8550,1,185,185,0
8551,1,181,181,0
8552,1,219,219,0
8553,1,214,214,0
8554,1,209,209,0
8555,1,201,201,0
8556,1,108,108,0
8593,1,194,194,0
8594,1,215,215,0
8595,1,202,202,0
8596,1,203,203,0
8597,1,206,206,0
8598,1,196,196,0
8599,1,205,205,0
8600,1,186,186,0
8601,1,177,177,0
8602,1,189,189,0
8603,1,173,173,0
8604,1,96,96,0
8773,1,194,194,0
8774,1,229,229,0
8775,1,210,210,0
8776,1,199,199,0
8777,1,226,226,0
8778,1,221,221,0
8779,1,213,213,0
8780,1,186,186,0
8781,1,190,190,0
8782,1,209,209,0
8783,1,225,225,0
8784,1,104,104,0
8833,1,195,195,0
8834,1,200,200,0
8835,1,172,172,0
8836,1,212,212,0
8837,1,212,212,0
8838,1,195,195,0
8839,1,213,213,0
8840,1,190,190,0
8841,1,208,208,0
8842,1,232,232,0
8843,1,233,233,0
8844,1,108,108,0
9217,1,193,193,0
9218,1,204,204,0
9219,1,210,210,0
9220,1,199,199,0
9221,1,209,209,0
9222,1,211,211,0
9223,1,181,181,0
9224,1,198,198,0
9225,1,188,188,0
9226,1,196,196,0
9227,1,198,198,0
9228,1,90,90,0
9313,1,205,205,0
9314,1,192,192,0
9315,1,216,216,0
9316,1,220,220,0
9317,1,193,193,0
9318,1,201,201,0
9319,1,193,193,0
9320,1,207,207,0
9321,1,224,224,0
9322,1,188,188,0
9323,1,192,192,0
9324,1,108,108,0
8869,1,203,203,0
8870,1,200,200,0
8871,1,198,198,0
8872,1,180,180,0
8873,1,210,210,0
8874,1,190,190,0
8875,1,188,188,0
8876,1,188,188,0
8877,1,170,170,0
8878,1,230,230,0
8879,1,213,213,0
8880,1,100,100,0
8881,1,218,218,0
8882,1,217,217,0
8883,1,207,207,0
8884,1,204,204,0
8885,1,194,194,0
8886,1,212,212,0
8887,1,209,209,0
8888,1,201,201,0
8889,1,207,207,0
8890,1,195,195,0
8891,1,197,197,0
8892,1,110,110,0
11689,1,183,183,0
11690,1,218,218,0
11691,1,211,211,0
11692,1,189,189,0
11693,1,212,212,0
11694,1,220,220,0
11695,1,189,189,0
11696,1,189,189,0
11697,1,199,199,0
11698,1,224,224,0
11699,1,206,206,0
11700,1,99,99,0
11701,1,188,188,0
11702,1,201,201,0
11703,1,226,226,0
11704,1,212,212,0
11705,1,199,199,0
11706,1,202,202,0
11707,1,216,216,0
11708,1,222,222,0
11709,1,212,212,0
11710,1,215,215,0
11711,1,200,200,0
11712,1,113,113,0
11725,1,203,203,0
11726,1,229,229,0
11727,1,207,207,0
11728,1,197,197,0
11729,1,196,196,0
11730,1,188,188,0
11731,1,191,191,0
11732,1,187,187,0
11733,1,178,178,0
11734,1,228,228,0
11735,1,193,193,0
11736,1,86,86,0
11737,1,205,205,0
11738,1,201,201,0
11739,1,212,212,0
11740,1,197,197,0
11741,1,180,180,0
11742,1,214,214,0
11743,1,193,193,0
11744,1,233,233,0
11745,1,195,195,0
11746,1,202,202,0
11747,1,206,206,0
11748,1,90,90,0
11749,1,214,214,0
11750,1,238,238,0
11751,1,219,219,0
11752,1,222,222,0
11753,1,206,206,0
11754,1,215,215,0
11755,1,218,218,0
11756,1,221,221,0
11757,1,214,214,0
11758,1,204,204,0
11759,1,186,186,0
11760,1,100,100,0
11773,1,205,205,0
11774,1,210,210,0
11775,1,223,223,0
11776,1,188,188,0
11777,1,185,185,0
11778,1,216,216,0
11779,1,194,194,0
11780,1,200,200,0
11781,1,184,184,0
11782,1,196,196,0
11783,1,210,210,0
11784,1,106,106,0
11797,1,235,235,0
11798,1,195,195,0
11799,1,235,235,0
11800,1,210,210,0
11801,1,204,204,0
11802,1,204,204,0
11803,1,209,209,0
11804,1,208,208,0
11805,1,204,204,0
11806,1,203,203,0
11807,1,197,197,0
11808,1,112,112,0
11809,1,208,208,0
11810,1,223,223,0
11811,1,195,195,0
11812,1,221,221,0
11813,1,220,220,0
11814,1,174,174,0
11815,1,209,209,0
11816,1,183,183,0
11817,1,185,185,0
11818,1,182,182,0
11819,1,187,187,0
11820,1,108,108,0
11845,1,218,218,0
11846,1,204,204,0
11847,1,221,221,0
11848,1,180,180,0
11849,1,189,189,0
11850,1,199,199,0
11851,1,194,194,0
11852,1,206,206,0
11853,1,201,201,0
11854,1,209,209,0
11855,1,204,204,0
11856,1,95,95,0
11857,1,206,206,0
11858,1,219,219,0
11859,1,219,219,0
11860,1,211,211,0
11861,1,199,199,0
11862,1,221,221,0
11863,1,216,216,0
11864,1,229,229,0
11865,1,231,231,0
11866,1,206,206,0
11867,1,230,230,0
11868,1,109,109,0
11905,1,181,181,0
11906,1,193,193,0
253,1,236,236,0
254,1,193,193,0
255,1,190,190,0
256,1,222,222,0
257,1,179,179,0
258,1,178,178,0
259,1,205,205,0
260,1,198,198,0
261,1,184,184,0
262,1,197,197,0
263,1,218,218,0
264,1,94,94,0
1777,1,222,222,0
1778,1,211,211,0
1779,1,207,207,0
1780,1,210,210,0
1781,1,205,205,0
1782,1,203,203,0
1783,1,227,227,0
1784,1,197,197,0
1785,1,193,193,0
1786,1,196,196,0
1787,1,214,214,0
1788,1,96,96,0
3145,1,209,209,0
3146,1,206,206,0
3147,1,210,210,0
3148,1,211,211,0
3149,1,208,208,0
3150,1,205,205,0
3151,1,192,192,0
3152,1,198,198,0
3153,1,230,230,0
3154,1,194,194,0
3155,1,182,182,0
3156,1,113,113,0
3265,1,225,225,0
3266,1,192,192,0
3267,1,197,197,0
3268,1,206,206,0
3269,1,239,239,0
3270,1,206,206,0
3271,1,226,226,0
3272,1,226,226,0
3273,1,212,212,0
3274,1,209,209,0
3275,1,206,206,0
3276,1,111,111,0
3469,1,217,217,0
3470,1,192,192,0
3471,1,186,186,0
3472,1,216,216,0
3473,1,222,222,0
3474,1,215,215,0
3475,1,213,213,0
3476,1,204,204,0
3477,1,200,200,0
3478,1,210,210,0
3479,1,203,203,0
3480,1,112,112,0
4849,1,185,185,0
4850,1,214,214,0
4851,1,193,193,0
4852,1,210,210,0
4853,1,214,214,0
4854,1,222,222,0
4855,1,181,181,0
4856,1,203,203,0
4857,1,196,196,0
4858,1,191,191,0
4859,1,196,196,0
4860,1,96,96,0
5485,1,223,223,0
5486,1,217,217,0
5487,1,221,221,0
5488,1,205,205,0
5489,1,218,218,0
5490,1,195,195,0
5491,1,197,197,0
5492,1,204,204,0
5493,1,185,185,0
5494,1,205,205,0
5495,1,238,238,0
5496,1,110,110,0
6265,1,217,217,0
6266,1,215,215,0
6267,1,192,192,0
6268,1,205,205,0
6269,1,209,209,0
6270,1,186,186,0
6271,1,204,204,0
6272,1,213,213,0
6273,1,211,211,0
6274,1,198,198,0
6275,1,197,197,0
6276,1,99,99,0
6325,1,212,212,0
6326,1,233,233,0
6327,1,200,200,0
6328,1,223,223,0
6329,1,209,209,0
6330,1,180,180,0
6331,1,176,176,0
6332,1,206,206,0
6333,1,197,197,0
6334,1,209,209,0
6335,1,211,211,0
6336,1,100,100,0
7045,1,218,218,0
7046,1,205,205,0
7047,1,234,234,0
7048,1,215,215,0
7049,1,196,196,0
7050,1,200,200,0
7051,1,189,189,0
7052,1,201,201,0
7053,1,190,190,0
7054,1,222,222,0
7055,1,197,197,0
7056,1,106,106,0
7861,1,241,241,0
7862,1,218,218,0
7863,1,184,184,0
7864,1,202,202,0
7865,1,200,200,0
7866,1,226,226,0
7867,1,224,224,0
7868,1,212,212,0
7869,1,193,193,0
7870,1,232,232,0
7871,1,222,222,0
7872,1,88,88,0
8233,1,215,215,0
8234,1,205,205,0
8235,1,220,220,0
8236,1,207,207,0
8237,1,185,185,0
8238,1,234,234,0
8239,1,228,228,0
8240,1,217,217,0
8241,1,200,200,0
8242,1,223,223,0
8243,1,208,208,0
8244,1,107,107,0
8293,1,208,208,0
109,1,198,198,0
110,1,209,209,0
111,1,178,178,0
112,1,185,185,0
113,1,218,218,0
114,1,203,203,0
115,1,225,225,0
116,1,199,199,0
117,1,204,204,0
118,1,227,227,0
119,1,216,216,0
120,1,103,103,0
1837,1,207,207,0
1838,1,179,179,0
1839,1,197,197,0
1840,1,240,240,0
1841,1,226,226,0
1842,1,199,199,0
1843,1,210,210,0
1844,1,191,191,0
1845,1,205,205,0
1846,1,210,210,0
1847,1,206,206,0
1848,1,93,93,0
1885,1,193,193,0
1886,1,205,205,0
1887,1,191,191,0
1888,1,186,186,0
1889,1,204,204,0
1890,1,204,204,0
1891,1,232,232,0
1892,1,220,220,0
1893,1,209,209,0
1894,1,194,194,0
1895,1,236,236,0
1896,1,84,84,0
2017,1,205,205,0
2018,1,209,209,0
2019,1,225,225,0
2020,1,205,205,0
2021,1,208,208,0
2022,1,202,202,0
2023,1,238,238,0
2024,1,209,209,0
2025,1,187,187,0
2026,1,224,224,0
2027,1,196,196,0
2028,1,107,107,0
2077,1,209,209,0
2078,1,205,205,0
2079,1,230,230,0
2080,1,219,219,0
2081,1,206,206,0
2082,1,215,215,0
2083,1,200,200,0
2084,1,220,220,0
2085,1,206,206,0
2086,1,190,190,0
2087,1,199,199,0
2088,1,117,117,0
2161,1,228,228,0
2162,1,220,220,0
2163,1,207,207,0
2164,1,191,191,0
2165,1,194,194,0
2166,1,237,237,0
2167,1,205,205,0
2168,1,195,195,0
2169,1,193,193,0
2170,1,209,209,0
2171,1,183,183,0
2172,1,105,105,0
2173,1,221,221,0
2174,1,193,193,0
2175,1,189,189,0
2176,1,207,207,0
2177,1,206,206,0
2178,1,208,208,0
2179,1,182,182,0
2180,1,195,195,0
2181,1,234,234,0
2182,1,188,188,0
2183,1,201,201,0
2184,1,107,107,0
2473,1,200,200,0
2474,1,212,212,0
2475,1,214,214,0
2476,1,190,190,0
2477,1,199,199,0
2478,1,205,205,0
2479,1,192,192,0
2480,1,196,196,0
2481,1,247,247,0
2482,1,188,188,0
2483,1,203,203,0
2484,1,108,108,0
2653,1,205,205,0
2654,1,202,202,0
2655,1,177,177,0
2656,1,201,201,0
2657,1,226,226,0
2658,1,222,222,0
2659,1,177,177,0
2660,1,205,205,0
2661,1,216,216,0
2662,1,234,234,0
2663,1,219,219,0
2664,1,111,111,0
2689,1,213,213,0
2690,1,237,237,0
2691,1,203,203,0
2692,1,201,201,0
2693,1,200,200,0
2694,1,212,212,0
2695,1,174,174,0
2696,1,220,220,0
2697,1,185,185,0
2698,1,191,191,0
2699,1,211,211,0
2700,1,94,94,0
6133,1,194,194,0
6134,1,206,206,0
6135,1,178,178,0
6136,1,223,223,0
6137,1,251,251,0
6138,1,200,200,0
6139,1,202,202,0
6140,1,206,206,0
6141,1,193,193,0
6142,1,191,191,0
6143,1,193,193,0
6144,1,100,100,0
6145,1,206,206,0
6146,1,226,226,0
6147,1,233,233,0
6148,1,197,197,0
6149,1,187,187,0
6150,1,208,208,0
6151,1,219,219,0
6152,1,208,208,0
6153,1,220,220,0
6154,1,194,194,0
6155,1,201,201,0
6156,1,105,105,0
6176,1,202,202,0
169,1,199,199,0
170,1,198,198,0
171,1,204,204,0
172,1,200,200,0
173,1,194,194,0
174,1,199,199,0
175,1,204,204,0
176,1,206,206,0
177,1,215,215,0
178,1,239,239,0
179,1,206,206,0
180,1,94,94,0
997,1,207,207,0
998,1,201,201,0
999,1,202,202,0
1000,1,226,226,0
1001,1,192,192,0
1002,1,173,173,0
1003,1,193,193,0
1004,1,202,202,0
1005,1,203,203,0
1006,1,205,205,0
1007,1,198,198,0
1008,1,85,85,0
1009,1,193,193,0
1010,1,207,207,0
1011,1,201,201,0
1012,1,209,209,0
1013,1,202,202,0
1014,1,226,226,0
1015,1,205,205,0
1016,1,205,205,0
1017,1,240,240,0
1018,1,221,221,0
1019,1,231,231,0
1020,1,110,110,0
1261,1,207,207,0
1262,1,198,198,0
1263,1,205,205,0
1264,1,196,196,0
1265,1,168,168,0
1266,1,186,186,0
1267,1,171,171,0
1268,1,196,196,0
1269,1,241,241,0
1270,1,207,207,0
1271,1,204,204,0
1272,1,96,96,0
1309,1,208,208,0
1310,1,207,207,0
1311,1,182,182,0
1312,1,227,227,0
1313,1,213,213,0
1314,1,219,219,0
1315,1,192,192,0
1316,1,206,206,0
1317,1,234,234,0
1318,1,220,220,0
1319,1,241,241,0
1320,1,96,96,0
1681,1,208,208,0
1682,1,195,195,0
1683,1,206,206,0
1684,1,183,183,0
1685,1,227,227,0
1686,1,198,198,0
1687,1,236,236,0
1688,1,206,206,0
1689,1,197,197,0
1690,1,227,227,0
1691,1,235,235,0
1692,1,95,95,0
3805,1,227,227,0
3806,1,202,202,0
3807,1,200,200,0
3808,1,198,198,0
3809,1,218,218,0
3810,1,182,182,0
3811,1,218,218,0
3812,1,216,216,0
3813,1,192,192,0
3814,1,193,193,0
3815,1,236,236,0
3816,1,113,113,0
3997,1,198,198,0
3998,1,185,185,0
3999,1,190,190,0
4000,1,202,202,0
4001,1,228,228,0
4002,1,223,223,0
4003,1,230,230,0
4004,1,205,205,0
4005,1,195,195,0
4006,1,211,211,0
4007,1,202,202,0
4008,1,118,118,0
5857,1,187,187,0
5858,1,189,189,0
5859,1,210,210,0
5860,1,215,215,0
5861,1,187,187,0
5862,1,218,218,0
5863,1,199,199,0
5864,1,209,209,0
5865,1,205,205,0
5866,1,183,183,0
5867,1,195,195,0
5868,1,88,88,0
7309,1,203,203,0
7310,1,192,192,0
7311,1,202,202,0
7312,1,217,217,0
7313,1,184,184,0
7314,1,203,203,0
7315,1,210,210,0
7316,1,210,210,0
7317,1,202,202,0
7318,1,210,210,0
7319,1,206,206,0
7320,1,108,108,0
7381,1,256,256,0
7382,1,207,207,0
7383,1,192,192,0
7384,1,189,189,0
7385,1,201,201,0
7386,1,209,209,0
7387,1,214,214,0
7388,1,204,204,0
7389,1,214,214,0
7390,1,227,227,0
7391,1,231,231,0
7392,1,97,97,0
7765,1,211,211,0
7766,1,186,186,0
7767,1,204,204,0
7768,1,214,214,0
7769,1,230,230,0
7770,1,219,219,0
7771,1,205,205,0
7772,1,221,221,0
7773,1,241,241,0
7774,1,209,209,0
7775,1,204,204,0
7776,1,106,106,0
10597,1,202,202,0
6169,1,205,205,0
6170,1,195,195,0
6171,1,188,188,0
6172,1,183,183,0
6173,1,179,179,0
6174,1,208,208,0
6175,1,207,207,0
6177,1,199,199,0
6178,1,181,181,0
6179,1,210,210,0
6180,1,108,108,0
6193,1,227,227,0
6194,1,189,189,0
6195,1,208,208,0
6196,1,209,209,0
6197,1,219,219,0
6198,1,219,219,0
6199,1,193,193,0
6200,1,197,197,0
6201,1,198,198,0
6202,1,185,185,0
6203,1,215,215,0
6204,1,108,108,0
10598,1,190,190,0
10599,1,210,210,0
10600,1,218,218,0
10601,1,198,198,0
10602,1,208,208,0
10603,1,216,216,0
10604,1,206,206,0
10605,1,184,184,0
10606,1,186,186,0
10607,1,211,211,0
10608,1,105,105,0
2593,1,200,200,0
2594,1,200,200,0
2595,1,209,209,0
2596,1,193,193,0
2597,1,201,201,0
2598,1,231,231,0
2599,1,199,199,0
2600,1,213,213,0
2601,1,266,266,0
2602,1,192,192,0
2603,1,205,205,0
2604,1,102,102,0
5929,1,232,232,0
5930,1,199,199,0
5931,1,228,228,0
5932,1,174,174,0
5933,1,222,222,0
5934,1,204,204,0
5935,1,234,234,0
5936,1,209,209,0
5937,1,209,209,0
5938,1,218,218,0
5939,1,199,199,0
5940,1,96,96,0
5965,1,228,228,0
5966,1,195,195,0
5967,1,189,189,0
5968,1,192,192,0
5969,1,189,189,0
5970,1,198,198,0
5971,1,202,202,0
5972,1,210,210,0
5973,1,192,192,0
5974,1,197,197,0
5975,1,233,233,0
5976,1,101,101,0
6637,1,183,183,0
6638,1,197,197,0
6639,1,209,209,0
6640,1,204,204,0
6641,1,190,190,0
6642,1,205,205,0
6643,1,209,209,0
6644,1,221,221,0
6645,1,188,188,0
6646,1,183,183,0
6647,1,219,219,0
6648,1,100,100,0
7177,1,201,201,0
7178,1,203,203,0
7179,1,217,217,0
7180,1,218,218,0
7181,1,235,235,0
7182,1,207,207,0
7183,1,197,197,0
7184,1,217,217,0
7185,1,201,201,0
7186,1,198,198,0
7187,1,208,208,0
7188,1,98,98,0
7189,1,188,188,0
7190,1,224,224,0
7191,1,211,211,0
7192,1,192,192,0
7193,1,225,225,0
7194,1,208,208,0
7195,1,214,214,0
7196,1,235,235,0
7197,1,215,215,0
7198,1,218,218,0
7199,1,205,205,0
7200,1,102,102,0
7273,1,247,247,0
7274,1,214,214,0
7275,1,202,202,0
7276,1,193,193,0
7277,1,219,219,0
7278,1,190,190,0
7279,1,205,205,0
7280,1,217,217,0
7281,1,200,200,0
7282,1,216,216,0
7283,1,203,203,0
7284,1,105,105,0
9565,1,216,216,0
9566,1,206,206,0
9567,1,190,190,0
9568,1,204,204,0
9569,1,194,194,0
9570,1,192,192,0
9571,1,218,218,0
9572,1,196,196,0
9573,1,212,212,0
9574,1,200,200,0
9575,1,221,221,0
9576,1,95,95,0
10657,1,206,206,0
10658,1,206,206,0
10659,1,212,212,0
10660,1,211,211,0
10661,1,216,216,0
10662,1,202,202,0
10663,1,212,212,0
10664,1,189,189,0
10665,1,177,177,0
10666,1,191,191,0
10667,1,195,195,0
10668,1,91,91,0
10813,1,210,210,0
10814,1,188,188,0
10815,1,185,185,0
10816,1,195,195,0
10817,1,190,190,0
10818,1,219,219,0
10819,1,177,177,0
10820,1,207,207,0
10821,1,210,210,0
10822,1,194,194,0
10823,1,203,203,0
10824,1,114,114,0
10921,1,201,201,0
10922,1,183,183,0
10923,1,190,190,0
10924,1,199,199,0
10925,1,193,193,0
10926,1,233,233,0
10927,1,211,211,0
10928,1,183,183,0
10929,1,206,206,0
10930,1,207,207,0
10931,1,204,204,0
10932,1,91,91,0
10969,1,212,212,0
10970,1,200,200,0
10971,1,221,221,0
10972,1,208,208,0
10973,1,192,192,0
10974,1,208,208,0
10975,1,178,178,0
10976,1,211,211,0
10977,1,184,184,0
10978,1,190,190,0
10979,1,182,182,0
10980,1,110,110,0
11104,1,215,215,0
11105,1,199,199,0
9385,1,188,188,0
9386,1,212,212,0
9387,1,200,200,0
9388,1,199,199,0
9389,1,193,193,0
9390,1,204,204,0
9391,1,186,186,0
9392,1,225,225,0
9393,1,212,212,0
9394,1,219,219,0
9395,1,242,242,0
9396,1,89,89,0
9613,1,213,213,0
9614,1,190,190,0
9615,1,207,207,0
9616,1,207,207,0
9617,1,212,212,0
9618,1,185,185,0
9619,1,184,184,0
9620,1,214,214,0
9621,1,190,190,0
9622,1,221,221,0
9623,1,219,219,0
9624,1,117,117,0
10633,1,199,199,0
10634,1,190,190,0
10635,1,213,213,0
10636,1,206,206,0
10637,1,221,221,0
10638,1,200,200,0
10639,1,200,200,0
10640,1,187,187,0
10641,1,203,203,0
10642,1,215,215,0
10643,1,190,190,0
10644,1,104,104,0
10777,1,187,187,0
10778,1,205,205,0
10779,1,193,193,0
10780,1,198,198,0
10781,1,186,186,0
10782,1,200,200,0
10783,1,195,195,0
10784,1,217,217,0
10785,1,201,201,0
10786,1,207,207,0
10787,1,196,196,0
10788,1,100,100,0
10825,1,199,199,0
10826,1,186,186,0
10827,1,218,218,0
10828,1,200,200,0
10829,1,211,211,0
10830,1,183,183,0
10831,1,206,206,0
10832,1,205,205,0
10833,1,225,225,0
10834,1,222,222,0
10835,1,231,231,0
10836,1,103,103,0
10909,1,223,223,0
10910,1,196,196,0
10911,1,197,197,0
10912,1,220,220,0
10913,1,203,203,0
10914,1,197,197,0
10915,1,202,202,0
10916,1,207,207,0
10917,1,198,198,0
10918,1,191,191,0
10919,1,212,212,0
10920,1,92,92,0
10993,1,197,197,0
10994,1,230,230,0
10995,1,203,203,0
10996,1,203,203,0
10997,1,196,196,0
10998,1,201,201,0
10999,1,218,218,0
11000,1,197,197,0
11001,1,185,185,0
11002,1,213,213,0
11003,1,231,231,0
11004,1,96,96,0
11113,1,210,210,0
11114,1,189,189,0
11115,1,187,187,0
11116,1,203,203,0
11117,1,202,202,0
11118,1,251,251,0
11119,1,215,215,0
11120,1,186,186,0
11121,1,214,214,0
11122,1,224,224,0
11123,1,185,185,0
11124,1,78,78,0
11161,1,190,190,0
11162,1,213,213,0
11163,1,210,210,0
11164,1,191,191,0
11165,1,210,210,0
11166,1,211,211,0
11167,1,208,208,0
11168,1,212,212,0
11169,1,208,208,0
11170,1,220,220,0
11171,1,196,196,0
11172,1,102,102,0
11293,1,222,222,0
11294,1,208,208,0
11295,1,181,181,0
11296,1,187,187,0
11297,1,241,241,0
11298,1,204,204,0
11299,1,197,197,0
11300,1,191,191,0
11301,1,203,203,0
11302,1,179,179,0
11303,1,199,199,0
11304,1,109,109,0
11305,1,198,198,0
11306,1,229,229,0
11307,1,198,198,0
11308,1,219,219,0
11309,1,204,204,0
11310,1,219,219,0
11311,1,233,233,0
11312,1,183,183,0
11313,1,216,216,0
11314,1,225,225,0
11315,1,180,180,0
11316,1,109,109,0
11101,1,191,191,0
11102,1,213,213,0
11103,1,224,224,0
11106,1,236,236,0
11107,1,176,176,0
11108,1,215,215,0
11109,1,211,211,0
11110,1,202,202,0
11111,1,201,201,0
11112,1,86,86,0
12541,1,199,199,0
12542,1,210,210,0
12543,1,205,205,0
12544,1,190,190,0
12545,1,208,208,0
12546,1,207,207,0
12547,1,212,212,0
12548,1,225,225,0
12549,1,197,197,0
12550,1,197,197,0
12551,1,169,169,0
12552,1,105,105,0
12565,1,200,200,0
12566,1,197,197,0
12567,1,192,192,0
12568,1,194,194,0
12569,1,221,221,0
12570,1,197,197,0
12571,1,181,181,0
12572,1,221,221,0
12573,1,219,219,0
12574,1,211,211,0
12575,1,214,214,0
12576,1,87,87,0
12625,1,183,183,0
12626,1,192,192,0
12627,1,207,207,0
12628,1,196,196,0
12629,1,224,224,0
12630,1,209,209,0
12631,1,205,205,0
12632,1,203,203,0
12633,1,199,199,0
12634,1,191,191,0
12635,1,234,234,0
12636,1,103,103,0
13165,1,216,216,0
13166,1,230,230,0
13167,1,230,230,0
13168,1,204,204,0
13169,1,220,220,0
13170,1,218,218,0
13171,1,193,193,0
13172,1,199,199,0
13173,1,216,216,0
13174,1,184,184,0
13175,1,200,200,0
13176,1,92,92,0
13213,1,229,229,0
13214,1,213,213,0
13215,1,208,208,0
13216,1,200,200,0
13217,1,175,175,0
13218,1,200,200,0
13219,1,216,216,0
13220,1,206,206,0
13221,1,205,205,0
13222,1,200,200,0
13223,1,240,240,0
13224,1,102,102,0
13261,1,195,195,0
13262,1,220,220,0
13263,1,189,189,0
13264,1,206,206,0
13265,1,200,200,0
13266,1,238,238,0
13267,1,217,217,0
13268,1,196,196,0
13269,1,204,204,0
13270,1,200,200,0
13271,1,187,187,0
13272,1,102,102,0
13333,1,200,200,0
13334,1,222,222,0
13335,1,227,227,0
13336,1,216,216,0
13337,1,203,203,0
13338,1,215,215,0
13339,1,214,214,0
13340,1,214,214,0
13341,1,215,215,0
13342,1,216,216,0
13343,1,188,188,0
13344,1,132,132,0
13417,1,202,202,0
13418,1,203,203,0
13419,1,215,215,0
13420,1,203,203,0
13421,1,210,210,0
13422,1,207,207,0
13423,1,206,206,0
13424,1,202,202,0
13425,1,183,183,0
13426,1,208,208,0
13427,1,180,180,0
13428,1,98,98,0
13705,1,187,187,0
13706,1,208,208,0
13707,1,209,209,0
13708,1,190,190,0
13709,1,226,226,0
13710,1,188,188,0
13711,1,189,189,0
13712,1,200,200,0
13713,1,219,219,0
13714,1,218,218,0
13715,1,216,216,0
13716,1,99,99,0
13969,1,183,183,0
13970,1,222,222,0
13971,1,184,184,0
13972,1,225,225,0
13973,1,211,211,0
13974,1,204,204,0
13975,1,210,210,0
13976,1,195,195,0
13977,1,209,209,0
13978,1,210,210,0
13979,1,188,188,0
13980,1,115,115,0
14005,1,188,188,0
14006,1,205,205,0
14007,1,202,202,0
14008,1,209,209,0
14009,1,230,230,0
14010,1,201,201,0
14011,1,213,213,0
14012,1,189,189,0
14013,1,196,196,0
14014,1,203,203,0
14015,1,214,214,0
14016,1,93,93,0
14017,1,198,198,0
14018,1,222,222,0
14019,1,200,200,0
14020,1,190,190,0
14021,1,202,202,0
14022,1,197,197,0
14023,1,211,211,0
14024,1,202,202,0
14025,1,190,190,0
14026,1,202,202,0
14027,1,191,191,0
14028,1,102,102,0
15145,1,182,182,0
15146,1,209,209,0
22985,1,210,210,0
22986,1,212,212,0
22987,1,208,208,0
22988,1,198,198,0
22989,1,214,214,0
22990,1,213,213,0
22991,1,203,203,0
22992,1,100,100,0
23365,1,193,193,0
23366,1,192,192,0
23367,1,216,216,0
23368,1,201,201,0
23369,1,227,227,0
23370,1,196,196,0
23371,1,204,204,0
23372,1,207,207,0
23373,1,194,194,0
23374,1,197,197,0
23375,1,205,205,0
23376,1,99,99,0
23389,1,214,214,0
23390,1,231,231,0
23391,1,203,203,0
23392,1,198,198,0
23393,1,185,185,0
23394,1,224,224,0
23395,1,186,186,0
23396,1,211,211,0
23397,1,196,196,0
23398,1,201,201,0
23399,1,218,218,0
23400,1,101,101,0
23677,1,203,203,0
23678,1,199,199,0
23679,1,218,218,0
23680,1,210,210,0
23681,1,208,208,0
23682,1,208,208,0
23683,1,214,214,0
23684,1,222,222,0
23685,1,198,198,0
23686,1,245,245,0
23687,1,193,193,0
23688,1,94,94,0
23977,1,219,219,0
23978,1,218,218,0
23979,1,188,188,0
23980,1,227,227,0
23981,1,201,201,0
23982,1,213,213,0
23983,1,207,207,0
23984,1,199,199,0
23985,1,255,255,0
23986,1,211,211,0
23987,1,208,208,0
23988,1,98,98,0
23319,1,183,183,0
23320,1,217,217,0
23321,1,244,244,0
23322,1,206,206,0
23323,1,233,233,0
23324,1,169,169,0
23325,1,205,205,0
23326,1,217,217,0
23327,1,211,211,0
23785,1,213,213,0
23786,1,192,192,0
23787,1,176,176,0
23788,1,196,196,0
23789,1,196,196,0
23790,1,214,214,0
23791,1,223,223,0
23792,1,195,195,0
23793,1,216,216,0
23794,1,204,204,0
23795,1,198,198,0
23796,1,96,96,0
23953,1,217,217,0
23954,1,198,198,0
23955,1,217,217,0
23956,1,225,225,0
23957,1,200,200,0
23958,1,227,227,0
23959,1,215,215,0
23960,1,192,192,0
23961,1,226,226,0
23962,1,197,197,0
23963,1,190,190,0
23964,1,90,90,0
23965,1,182,182,0
23966,1,198,198,0
23967,1,172,172,0
23968,1,217,217,0
23969,1,211,211,0
23970,1,211,211,0
23971,1,209,209,0
23972,1,190,190,0
23973,1,217,217,0
23974,1,202,202,0
23975,1,221,221,0
23976,1,103,103,0
52105,1,201,201,0
52106,1,223,223,0
52107,1,201,201,0
52108,1,201,201,0
52109,1,188,188,0
52110,1,197,197,0
52111,1,202,202,0
52112,1,210,210,0
52113,1,197,197,0
52114,1,212,212,0
52115,1,176,176,0
52116,1,91,91,0
52261,1,214,214,0
52262,1,211,211,0
52263,1,212,212,0
52264,1,223,223,0
52265,1,231,231,0
52266,1,194,194,0
52267,1,219,219,0
52268,1,221,221,0
52269,1,192,192,0
52270,1,178,178,0
52271,1,162,162,0
52272,1,95,95,0
52297,1,213,213,0
52298,1,207,207,0
52299,1,207,207,0
52300,1,181,181,0
52301,1,184,184,0
52302,1,189,189,0
52303,1,194,194,0
52304,1,190,190,0
52305,1,189,189,0
52306,1,230,230,0
52307,1,216,216,0
52308,1,104,104,0
52321,1,222,222,0
52322,1,193,193,0
52323,1,220,220,0
52324,1,198,198,0
52325,1,207,207,0
52326,1,207,207,0
52327,1,211,211,0
52328,1,196,196,0
52329,1,209,209,0
52330,1,188,188,0
52331,1,191,191,0
52332,1,95,95,0
