600,0.180098,1638,295,1343
772,0.244297,1359,332,1027
1393,0.25052,1441,361,1080
1601,0.258673,1326,343,983
1679,0.25326,1457,369,1088
1782,0.193095,1564,302,1262
1806,0.242489,1398,339,1059
1918,0.238926,1490,356,1134
2308,0.180812,1626,294,1332
2618,0.215859,1589,343,1246
2793,0.0971853,1883,183,1700
3195,0.259101,1401,363,1038
3246,0.243553,1396,340,1056
3327,0.265805,1392,370,1022
3719,0.235215,1488,350,1138
3759,0.244942,1384,339,1045
4070,0.0998432,1913,191,1722
4589,0.142212,1772,252,1520
2358,0.272793,1382,377,1005
2895,0.204648,1549,317,1232
3221,0.269311,1437,387,1050
3467,0.139321,1737,242,1495
3573,0.216599,1482,321,1161
3865,0.143596,1741,250,1491
3918,0.253482,1436,364,1072
4218,0.281205,1394,392,1002
4496,0.250528,1421,356,1065
4899,0.101955,1893,193,1700
5127,0.20986,1501,315,1186
5207,0.200363,1652,331,1321
5374,0.221622,1480,328,1152
5931,0.240915,1486,358,1128
6209,0.202842,1548,314,1234
6400,0.184776,1629,301,1328
6664,0.227832,1545,352,1193
5367,0.102139,1870,191,1679
6919,0.153457,1779,273,1506
8216,0.268546,1348,362,986
6747,0.173939,1650,287,1363
4584,0.23045,1445,333,1112
5870,0.258967,1394,361,1033
6240,0.184957,1622,300,1322
7468,0.245467,1434,352,1082
7677,0.102205,1859,190,1669
7832,0.142108,1717,244,1473
8414,0.264857,1363,361,1002
8823,0.268064,1384,371,1013
8827,0.27058,1397,378,1019
8852,0.112288,1888,212,1676
9096,0.225631,1467,331,1136
9740,0.196764,1545,304,1241
9804,0.274482,1399,384,1015
9887,0.177146,1654,293,1361
10094,0.236641,1441,341,1100
10327,0.228046,1469,335,1134
4553,0.0989942,1889,187,1702
7475,0.241202,1364,329,1035
9126,0.177361,1652,293,1359
9423,0.19987,1541,308,1233
9458,0.27864,1353,377,976
9527,0.294161,1370,403,967
9538,0.253038,1399,354,1045
9591,0.234848,1452,341,1111
9603,0.231362,1556,360,1196
9652,0.105932,1888,200,1688
9663,0.194289,1611,313,1298
9677,0.24758,1446,358,1088
9826,0.258717,1434,371,1063
9989,0.26338,1420,374,1046
10235,0.267898,1299,348,951
10250,0.217815,1538,335,1203
10321,0.211409,1490,315,1175
68,0.240343,1398,336,1062
96,0.134983,1778,240,1538
1489,0.25399,1441,366,1075
1566,0.305209,1363,416,947
1607,0.275341,1391,383,1008
1819,0.245166,1448,355,1093
1851,0.201923,1560,315,1245
2416,0.289455,1375,398,977
2529,0.280144,1385,388,997
2586,0.173243,1622,281,1341
2610,0.260103,1361,354,1007
2627,0.248749,1399,348,1051
2682,0.199095,1547,308,1239
2739,0.144836,1733,251,1482
2740,0.267997,1403,376,1027
3375,0.13964,1776,248,1528
3856,0.243379,1397,340,1057
99,0.215599,1577,340,1237
183,0.231275,1522,352,1170
192,0.236626,1458,345,1113
200,0.171975,1570,270,1300
233,0.245798,1428,351,1077
240,0.150323,1703,256,1447
273,0.155402,1731,269,1462
424,0.176363,1633,288,1345
475,0.140732,1748,246,1502
570,0.142126,1759,250,1509
767,0.18982,1670,317,1353
776,0.274963,1342,369,973
7647,0.179222,1646,295,1351
9032,0.100315,1904,191,1713
9394,0.237603,1452,345,1107
9451,0.270486,1379,373,1006
9483,0.0976127,1885,184,1701
9484,0.196742,1596,314,1282
9509,0.180993,1652,299,1353
167,0.174261,1624,283,1341
201,0.264066,1333,352,981
435,0.226415,1537,348,1189
451,0.241946,1521,368,1153
576,0.231129,1497,346,1151
667,0.216543,1487,322,1165
699,0.150825,1757,265,1492
808,0.162901,1682,274,1408
901,0.290466,1353,393,960
964,0.199488,1564,312,1252
988,0.257784,1381,356,1025
1010,0.159613,1654,264,1390
1279,0.186441,1652,308,1344
1314,0.128297,1668,214,1454
1319,0.264561,1425,377,1048
1351,0.225634,1498,338,1160
1417,0.196517,1608,316,1292
492,0.246493,1497,369,1128
558,0.264216,1442,381,1061
978,0.234057,1474,345,1129
2460,0.250829,1507,378,1129
3235,0.255378,1441,368,1073
3371,0.236525,1577,373,1204
3450,0.143868,1696,244,1452
3645,0.233985,1483,347,1136
3669,0.181648,1602,291,1311
3692,0.263744,1346,355,991
3697,0.223056,1466,327,1139
3711,0.208522,1549,323,1226
3768,0.283297,1359,385,974
3821,0.257468,1406,362,1044
3894,0.24255,1443,350,1093
3919,0.094161,1901,179,1722
4145,0.183425,1641,301,1340
1383,0.155212,1746,271,1475
1623,0.27551,1372,378,994
1664,0.271212,1320,358,962
1733,0.268604,1411,379,1032
1963,0.261765,1360,356,1004
2234,0.291908,1384,404,980
2244,0.148191,1741,258,1483
2254,0.101891,1904,194,1710
2309,0.236008,1483,350,1133
2339,0.242112,1458,353,1105
2343,0.283528,1372,389,983
2606,0.193928,1614,313,1301
2759,0.195553,1529,299,1230
2807,0.239496,1428,342,1086
2965,0.199638,1658,331,1327
2981,0.098103,1845,181,1664
3159,0.245042,1412,346,1066
1554,0.247423,1455,360,1095
1570,0.143021,1741,249,1492
1610,0.184749,1613,298,1315
1923,0.233068,1506,351,1155
3313,0.242467,1427,346,1081
3705,0.240678,1475,355,1120
4875,0.243372,1471,358,1113
4882,0.207819,1458,303,1155
4918,0.261465,1461,382,1079
4931,0.27971,1380,386,994
4979,0.239533,1457,349,1108
5034,0.150812,1724,260,1464
5101,0.143351,1737,249,1488
5192,0.273333,1350,369,981
5349,0.221916,1451,322,1129
5394,0.23913,1426,341,1085
5423,0.270289,1454,393,1061
5475,0.103286,1917,198,1719
5506,0.236364,1430,338,1092
5516,0.187383,1601,300,1301
5528,0.198718,1560,310,1250
5544,0.279915,1404,393,1011
4176,0.261708,1452,380,1072
4508,0.101768,1867,190,1677
4195,0.167773,1657,278,1379
4276,0.249048,1313,327,986
4349,0.202564,1560,316,1244
4394,0.255797,1337,342,995
4599,0.199246,1591,317,1274
4670,0.283843,1374,390,984
5050,0.167284,1620,271,1349
4649,0.221031,1493,330,1163
4966,0.254874,1385,353,1032
4990,0.224287,1507,338,1169
5071,0.142367,1749,249,1500
5120,0.261696,1368,358,1010
5327,0.214513,1571,337,1234
5369,0.147344,1751,258,1493
5448,0.248105,1451,360,1091
6072,0.26791,1340,359,981
6186,0.134649,1723,232,1491
6790,0.144366,1704,246,1458
6798,0.0933476,1864,174,1690
6928,0.0966001,1853,179,1674
7075,0.110995,1910,212,1698
7172,0.144796,1768,256,1512
7591,0.172181,1632,281,1351
7631,0.231884,1449,336,1113
7639,0.272596,1383,377,1006
8172,0.228849,1442,330,1112
5561,0.101042,1920,194,1726
5660,0.271605,1377,374,1003
5926,0.210938,1536,324,1212
8667,0.242424,1452,352,1100
8716,0.204159,1587,324,1263
8797,0.273141,1318,360,958
9516,0.0929862,1882,175,1707
9703,0.250177,1411,353,1058
9824,0.185366,1640,304,1336
10051,0.230821,1473,340,1133
10150,0.263429,1359,358,1001
10165,0.236974,1401,332,1069
3454,0.259129,1424,369,1055
3653,0.208798,1523,318,1205
5370,0.265533,1352,359,993
5891,0.17665,1636,289,1347
5898,0.267016,1337,357,980
5996,0.236529,1429,338,1091
6073,0.255571,1436,367,1069
6151,0.271723,1358,369,989
6191,0.184874,1666,308,1358
6193,0.255411,1386,354,1032
6211,0.281476,1382,389,993
6288,0.140472,1737,244,1493
6298,0.265896,1384,368,1016
6320,0.248645,1476,367,1109
6353,0.296598,1352,401,951
6365,0.263235,1360,358,1002
6408,0.103304,1907,197,1710
5536,0.17804,1612,287,1325
7214,0.210019,1557,327,1230
7312,0.263879,1387,366,1021
7334,0.271873,1383,376,1007
7560,0.201511,1588,320,1268
7642,0.259498,1395,362,1033
7707,0.235507,1380,325,1055
7862,0.248731,1379,343,1036
7866,0.26327,1413,372,1041
7950,0.198373,1598,317,1281
8203,0.260274,1460,380,1080
8208,0.230352,1476,340,1136
8289,0.262971,1407,370,1037
8290,0.249479,1439,359,1080
8323,0.197315,1490,294,1196
8324,0.262861,1419,373,1046
5903,0.253613,1384,351,1033
6324,0.189889,1622,308,1314
7394,0.255994,1418,363,1055
7657,0.237543,1465,348,1117
7766,0.275019,1349,371,978
7807,0.181481,1620,294,1326
7856,0.275128,1363,375,988
8292,0.223093,1403,313,1090
8413,0.26204,1412,370,1042
9029,0.253709,1348,342,1006
9137,0.23005,1391,320,1071
9156,0.166252,1606,267,1339
9206,0.104596,1893,198,1695
9218,0.228202,1468,335,1133
9245,0.257931,1450,374,1076
9261,0.102591,1891,194,1697
9285,0.185345,1624,301,1323
9342,0.138648,1731,240,1491
6409,0.243319,1422,346,1076
6476,0.225249,1505,339,1166
6593,0.161639,1757,284,1473
6647,0.269761,1379,372,1007
6663,0.251995,1504,379,1125
6694,0.266864,1349,360,989
6711,0.279762,1344,376,968
6939,0.202474,1536,311,1225
6946,0.274126,1430,392,1038
6948,0.217866,1556,339,1217
6962,0.23204,1392,323,1069
8014,0.234694,1372,322,1050
8033,0.249465,1403,350,1053
8082,0.282799,1372,388,984
8331,0.188557,1538,290,1248
8381,0.14838,1759,261,1498
8387,0.247962,1472,365,1107
8478,0.167194,1579,264,1315
8495,0.226104,1517,343,1174
8496,0.251882,1461,368,1093
8723,0.209719,1564,328,1236
8731,0.0987193,1874,185,1689
8898,0.264808,1435,380,1055
9103,0.0958757,1867,179,1688
9542,0.229665,1463,336,1127
9686,0.239605,1419,340,1079
9734,0.252297,1415,357,1058
9801,0.219233,1487,326,1161
10010,0.249271,1372,342,1030
10047,0.10148,1892,192,1700
10058,0.192764,1603,309,1294
5347,0.190057,1589,302,1287
7725,0.220954,1489,329,1160
9577,0.242003,1438,348,1090
750,0.184549,1631,301,1330
3271,0.272129,1367,372,995
4531,0.226013,1407,318,1089
6548,0.236426,1455,344,1111
9531,0.218534,1446,316,1130
10266,0.225529,1512,341,1171
162,0.262341,1418,372,1046
171,0.200916,1528,307,1221
179,0.246827,1418,350,1068
180,0.245487,1385,340,1045
187,0.154607,1617,250,1367
203,0.236177,1465,346,1119
204,0.290842,1365,397,968
261,0.282511,1338,378,960
276,0.202623,1525,309,1216
277,0.176581,1597,282,1315
285,0.268539,1389,373,1016
286,0.135351,1751,237,1514
500,0.279293,1357,379,978
662,0.206788,1591,329,1262
9453,0.267974,1377,369,1008
9711,0.218608,1537,336,1201
1284,0.172036,1645,283,1362
1288,0.271976,1331,362,969
1342,0.267298,1373,367,1006
1414,0.277027,1332,369,963
1485,0.169882,1607,273,1334
1487,0.198554,1521,302,1219
1535,0.101058,1890,191,1699
1603,0.263509,1351,356,995
1672,0.179423,1594,286,1308
1917,0.148492,1724,256,1468
1919,0.278094,1406,391,1015
1920,0.253091,1375,348,1027
1921,0.143103,1740,249,1491
1927,0.142775,1744,249,1495
1933,0.25588,1403,359,1044
1935,0.287172,1372,394,978
1971,0.165839,1610,267,1343
5067,0.270504,1390,376,1014
5954,0.23986,1430,343,1087
5956,0.276824,1398,387,1011
5987,0.182095,1642,299,1343
5995,0.258234,1336,345,991
6003,0.271199,1368,371,997
6019,0.285401,1370,391,979
6028,0.284397,1410,401,1009
6052,0.205497,1528,314,1214
6060,0.26526,1327,352,975
6068,0.154282,1763,272,1491
6085,0.23938,1483,355,1128
6092,0.210593,1567,330,1237
6101,0.248271,1446,359,1087
6109,0.152637,1782,272,1510
2562,0.266182,1375,366,1009
2731,0.228534,1514,346,1168
3360,0.276239,1372,379,993
2858,0.182107,1576,287,1289
2876,0.196901,1549,305,1244
2889,0.15468,1752,271,1481
2898,0.240052,1533,368,1165
4329,0.180691,1533,277,1256
4638,0.214572,1496,321,1175
4913,0.22549,1428,322,1106
4393,0.179519,1621,291,1330
4425,0.260112,1434,373,1061
4433,0.103834,1878,195,1683
4510,0.240136,1470,353,1117
4934,0.247958,1347,334,1013
5337,0.175545,1652,290,1362
5359,0.110211,1851,204,1647
5424,0.0977042,1873,183,1690
4728,0.209657,1574,330,1244
5036,0.292394,1433,419,1014
5276,0.214053,1537,329,1208
5306,0.177013,1627,288,1339
5317,0.263274,1356,357,999
5334,0.266757,1477,394,1083
5336,0.264463,1331,352,979
5441,0.101579,1900,193,1707
5457,0.138462,1755,243,1512
5491,0.172393,1630,281,1349
5492,0.237596,1431,340,1091
5499,0.258646,1388,359,1029
5508,0.181655,1668,303,1365
5541,0.278792,1424,397,1027
5548,0.209626,1579,331,1248
5587,0.257739,1389,358,1031
5610,0.273449,1386,379,1007
5654,0.264915,1408,373,1035
5670,0.0998943,1892,189,1703
5700,0.180387,1652,298,1354
5703,0.279823,1358,380,978
5709,0.165305,1591,263,1328
5722,0.263518,1461,385,1076
5859,0.265334,1451,385,1066
5883,0.270036,1385,374,1011
5914,0.234353,1438,337,1101
5923,0.141488,1774,251,1523
6008,0.258621,1392,360,1032
6011,0.162453,1582,257,1325
6036,0.190417,1607,306,1301
6044,0.253945,1394,354,1040
6070,0.223092,1533,342,1191
6076,0.0923567,1884,174,1710
6084,0.151323,1738,263,1475
6086,0.244052,1471,359,1112
6111,0.248164,1362,338,1024
6120,0.260664,1477,385,1092
6125,0.215808,1455,314,1141
6133,0.104572,1903,199,1704
6135,0.232011,1487,345,1142
6144,0.261396,1404,367,1037
6173,0.283404,1422,403,1019
5951,0.193261,1573,304,1269
7004,0.281752,1370,386,984
7042,0.22116,1569,347,1222
7058,0.235127,1412,332,1080
7680,0.176217,1623,286,1337
8215,0.172393,1659,286,1373
8297,0.273481,1448,396,1052
8393,0.166384,1767,294,1473
8442,0.144489,1751,253,1498
8532,0.155948,1757,274,1483
8619,0.243079,1481,360,1121
8772,0.265814,1407,374,1033
8944,0.225,1480,333,1147
8969,0.198065,1550,307,1243
8994,0.198834,1544,307,1237
9340,0.262966,1369,360,1009
9348,0.168854,1676,283,1393
9356,0.157985,1747,276,1471
6175,0.223214,1456,325,1131
6187,0.235294,1479,348,1131
6190,0.0936013,1891,177,1714
6238,0.138648,1731,240,1491
6263,0.18612,1585,295,1290
6265,0.105795,1881,199,1682
6271,0.174985,1623,284,1339
6295,0.269373,1355,365,990
6299,0.193087,1678,324,1354
6303,0.238496,1543,368,1175
6327,0.133831,1741,233,1508
6344,0.291111,1350,393,957
6348,0.18523,1652,306,1346
6356,0.164277,1674,275,1399
6364,0.141379,1740,246,1494
6372,0.191887,1553,298,1255
6396,0.180169,1654,298,1356
6404,0.141578,1787,253,1534
6411,0.13595,1758,239,1519
6568,0.270864,1366,370,996
6575,0.155747,1740,271,1469
6631,0.150494,1721,259,1462
6640,0.221429,1540,341,1199
6649,0.276692,1330,368,962
6736,0.24449,1452,355,1097
6738,0.249474,1427,356,1071
6760,0.267468,1331,356,975
6769,0.188475,1666,314,1352
6777,0.0935673,1881,176,1705
6785,0.227517,1490,339,1151
6793,0.0998407,1883,188,1695
6809,0.196407,1670,328,1342
6817,0.22623,1525,345,1180
6826,0.287313,1340,385,955
6834,0.273756,1326,363,963
6842,0.235799,1514,357,1157
6850,0.282303,1424,402,1022
6851,0.240649,1417,341,1076
6873,0.272929,1352,369,983
6884,0.225371,1482,334,1148
6863,0.219463,1490,327,1163
6871,0.229416,1421,326,1095
6879,0.125363,1723,216,1507
6984,0.102248,1868,191,1677
8288,0.209511,1451,304,1147
8459,0.238885,1507,360,1147
8748,0.175214,1638,287,1351
8805,0.104079,1912,199,1713
8978,0.154476,1709,264,1445
8986,0.269912,1356,366,990
9106,0.293988,1364,401,963
9114,0.18073,1671,302,1369
9115,0.106273,1929,205,1724
9116,0.264053,1352,357,995
9119,0.261389,1339,350,989
9322,0.282624,1387,392,995
9364,0.255066,1431,365,1066
9372,0.247851,1396,346,1050
9380,0.142365,1742,248,1494
9388,0.267564,1338,358,980
9396,0.134503,1710,230,1480
9405,0.214238,1503,322,1181
9412,0.129994,1777,231,1546
9421,0.280802,1396,392,1004
9429,0.277818,1375,382,993
9437,0.272156,1433,390,1043
9445,0.158721,1720,273,1447
9461,0.216467,1506,326,1180
9469,0.235088,1425,335,1090
9475,0.274781,1372,377,995
9477,0.240305,1444,347,1097
9988,0.116597,1904,222,1682
9996,0.261538,1365,357,1008
10004,0.204322,1527,312,1215
10012,0.240113,1416,340,1076
10021,0.179149,1669,299,1370
10028,0.160998,1764,284,1480
10345,0.132042,1704,225,1479
10346,0.227094,1528,347,1181
10349,0.19437,1492,290,1202
10354,0.146061,1739,254,1485
10360,0.216883,1540,334,1206
752,0.226351,1480,335,1145
759,0.216021,1523,329,1194
777,0.0958535,1857,178,1679
799,0.288675,1351,390,961
803,0.252941,1360,344,1016
814,0.237263,1374,326,1048
826,0.217391,1472,320,1152
834,0.272993,1370,374,996
840,0.275912,1370,378,992
841,0.196003,1551,304,1247
845,0.250526,1425,357,1068
854,0.165663,1660,275,1385
866,0.257363,1426,367,1059
1538,0.201274,1570,316,1254
1548,0.274669,1358,373,985
1556,0.237841,1501,357,1144
1560,0.214428,1511,324,1187
1561,0.234659,1483,348,1135
1562,0.102375,1895,194,1701
1564,0.256579,1368,351,1017
1577,0.230721,1582,365,1217
1579,0.232119,1482,344,1138
1586,0.102137,1919,196,1723
1590,0.245526,1397,343,1054
1716,0.257597,1448,373,1075
1719,0.0947765,1857,176,1681
1723,0.203444,1568,319,1249
1726,0.272597,1394,380,1014
1735,0.207247,1573,326,1247
1736,0.220946,1480,327,1153
1737,0.253589,1463,371,1092
1872,0.230059,1517,349,1168
1885,0.259866,1343,349,994
1991,0.106383,1880,200,1680
2000,0.100052,1909,191,1718
2057,0.218509,1556,340,1216
2163,0.190652,1626,310,1316
2259,0.204167,1440,294,1146
2277,0.143433,1736,249,1487
2353,0.160343,1634,262,1372
2902,0.181376,1643,298,1345
2924,0.100473,1901,191,1710
2991,0.219215,1478,324,1154
3016,0.252082,1321,333,988
3113,0.0945008,1873,177,1696
3121,0.169918,1589,270,1319
3184,0.277901,1353,376,977
3200,0.244334,1412,345,1067
3267,0.274765,1383,380,1003
3291,0.276868,1405,389,1016
3299,0.23614,1461,345,1116
3332,0.176841,1589,281,1308
3348,0.146752,1724,253,1471
3455,0.284336,1347,383,964
3457,0.205788,1555,320,1235
3465,0.272936,1308,357,951
3471,0.0985767,1897,187,1710
3474,0.273992,1438,394,1044
3478,0.273472,1342,367,975
3483,0.199224,1546,308,1238
3485,0.148451,1711,254,1457
3490,0.204981,1566,321,1245
3492,0.259019,1386,359,1027
3496,0.238356,1460,348,1112
3464,0.171257,1670,286,1384
3493,0.263234,1379,363,1016
3513,0.199083,1527,304,1223
3524,0.215182,1594,343,1251
3555,0.222612,1424,317,1107
3656,0.262633,1405,369,1036
3667,0.104839,1860,195,1665
4029,0.106972,1879,201,1678
4123,0.186758,1601,299,1302
4186,0.154954,1736,269,1467
4240,0.217446,1582,344,1238
4277,0.240027,1479,355,1124
3680,0.197452,1570,310,1260
3691,0.203909,1535,313,1222
3695,0.247009,1421,351,1070
3707,0.254003,1374,349,1025
3709,0.206166,1557,321,1236
3715,0.25347,1369,347,1022
3718,0.208983,1603,335,1268
3739,0.136574,1728,236,1492
3746,0.238558,1442,344,1098
4139,0.27897,1398,390,1008
4157,0.220041,1477,325,1152
4177,0.137322,1755,241,1514
4221,0.257489,1402,361,1041
4225,0.272593,1350,368,982
4254,0.251551,1451,365,1086
4284,0.250704,1420,356,1064
4294,0.199871,1546,309,1237
4308,0.286738,1395,400,995
4400,0.268755,1373,369,1004
4430,0.218291,1498,327,1171
4440,0.254429,1411,359,1052
4528,0.272315,1322,360,962
4707,0.269147,1371,369,1002
4715,0.256556,1411,362,1049
4720,0.260601,1297,338,959
4725,0.154986,1755,272,1483
4731,0.265823,1343,357,986
4733,0.213573,1503,321,1182
4736,0.191425,1656,317,1339
4739,0.109718,1914,210,1704
4747,0.255393,1437,367,1070
4763,0.255532,1401,358,1043
4769,0.264376,1426,377,1049
4788,0.24966,1470,367,1103
4820,0.227789,1497,341,1156
4825,0.27897,1398,390,1008
4837,0.217391,1518,330,1188
4843,0.287729,1418,408,1010
4848,0.252562,1366,345,1021
4853,0.196875,1600,315,1285
4862,0.23267,1457,339,1118
4870,0.190968,1550,296,1254
4886,0.292135,1335,390,945
4894,0.255814,1376,352,1024
4921,0.0991693,1926,191,1735
4938,0.144928,1725,250,1475
4953,0.224363,1453,326,1127
4965,0.252882,1388,351,1037
4967,0.182285,1558,284,1274
4977,0.106842,1900,203,1697
5025,0.184847,1531,283,1248
5035,0.157925,1735,274,1461
5383,0.244459,1489,364,1125
5408,0.264989,1351,358,993
5410,0.218729,1495,327,1168
5434,0.26876,1306,351,955
5659,0.196752,1601,315,1286
5967,0.260128,1407,366,1041
5977,0.258703,1465,379,1086
5985,0.14977,1736,260,1476
6050,0.248473,1473,366,1107
6096,0.282217,1389,392,997
6098,0.227448,1552,353,1199
6161,0.272069,1382,376,1006
6177,0.193632,1539,298,1241
6178,0.154328,1756,271,1485
6635,0.224531,1492,335,1157
6805,0.270498,1305,353,952
6855,0.103539,1893,196,1697
6281,0.239517,1407,337,1070
6287,0.21474,1574,338,1236
6309,0.228357,1467,335,1132
6311,0.186725,1612,301,1311
6317,0.24578,1481,364,1117
6319,0.23501,1451,341,1110
6328,0.182836,1608,294,1314
6336,0.237805,1476,351,1125
6350,0.213205,1454,310,1144
6358,0.0909091,1848,168,1680
6388,0.149047,1731,258,1473
6416,0.243832,1378,336,1042
6445,0.261017,1475,385,1090
7427,0.258493,1354,350,1004
7428,0.191331,1615,309,1306
7436,0.135294,1700,230,1470
7439,0.204618,1559,319,1240
7441,0.238265,1406,335,1071
7443,0.114797,1899,218,1681
7444,0.272382,1318,359,959
7445,0.260902,1353,353,1000
7452,0.151463,1743,264,1479
7454,0.228127,1543,352,1191
8165,0.27576,1349,372,977
8182,0.258065,1395,360,1035
8198,0.144592,1729,250,1479
8261,0.147161,1726,254,1472
8411,0.097496,1877,183,1694
8419,0.209097,1473,308,1165
8484,0.233582,1477,345,1132
8670,0.209987,1562,328,1234
8693,0.183942,1669,307,1362
8742,0.108879,1892,206,1686
8766,0.0984566,1879,185,1694
8814,0.154913,1730,268,1462
8921,0.202802,1499,304,1195
8918,0.153239,1775,272,1503
8932,0.258283,1479,382,1097
8934,0.215823,1580,341,1239
8936,0.216867,1577,342,1235
8938,0.110585,1899,210,1689
8945,0.210559,1591,335,1256
8962,0.204185,1577,322,1255
8966,0.101793,1896,193,1703
8970,0.240856,1449,349,1100
8976,0.171029,1643,281,1362
8995,0.183053,1546,283,1263
9752,0.182468,1540,281,1259
9753,0.159144,1728,275,1453
9782,0.238636,1408,336,1072
9785,0.148191,1714,254,1460
9800,0.177322,1658,294,1364
9833,0.225256,1465,330,1135
9839,0.0957219,1870,179,1691
9847,0.176398,1610,284,1326
9883,0.183038,1639,300,1339
9920,0.10251,1912,196,1716
10033,0.268567,1333,358,975
4,0.141608,1716,243,1473
13,0.261087,1398,365,1033
18,0.202983,1542,313,1229
20,0.228899,1481,339,1142
21,0.227642,1476,336,1140
25,0.155807,1765,275,1490
29,0.17615,1652,291,1361
37,0.195666,1523,298,1225
38,0.173325,1627,282,1345
45,0.221939,1568,348,1220
46,0.201176,1531,308,1223
49,0.249658,1462,365,1097
51,0.252316,1403,354,1049
53,0.265169,1335,354,981
57,0.175341,1614,283,1331
61,0.275651,1306,360,946
62,0.18323,1610,295,1315
67,0.19131,1542,295,1247
5,0.247143,1400,346,1054
12,0.254301,1337,340,997
22,0.209066,1478,309,1169
27,0.182473,1666,304,1362
30,0.266968,1326,354,972
33,0.148191,1741,258,1483
35,0.25235,1383,349,1034
41,0.27306,1366,373,993
42,0.235104,1544,363,1181
43,0.165149,1647,272,1375
54,0.280208,1349,378,971
59,0.235174,1467,345,1122
65,0.175898,1643,289,1354
69,0.245554,1462,359,1103
73,0.269478,1399,377,1022
89,0.289928,1390,403,987
90,0.236732,1432,339,1093
15,0.17603,1602,282,1320
32,0.138971,1691,235,1456
72,0.270383,1435,388,1047
113,0.277372,1370,380,990
246,0.223569,1485,332,1153
263,0.154897,1756,272,1484
287,0.168201,1629,274,1355
308,0.107937,1890,204,1686
315,0.256556,1411,362,1049
445,0.218329,1484,324,1160
755,0.148641,1729,257,1472
879,0.0962963,1890,182,1708
1000,0.145299,1755,255,1500
1408,0.22056,1537,339,1198
1416,0.142111,1724,245,1479
1425,0.103467,1846,191,1655
1768,0.199872,1561,312,1249
2464,0.192005,1526,293,1233
2496,0.25339,1401,355,1046
70,0.249468,1411,352,1059
75,0.286638,1392,399,993
77,0.140105,1713,240,1473
78,0.170319,1597,272,1325
81,0.291213,1377,401,976
83,0.195638,1559,305,1254
85,0.274964,1382,380,1002
86,0.243262,1447,352,1095
93,0.236948,1494,354,1140
98,0.212225,1456,309,1147
102,0.156577,1718,269,1449
103,0.0937997,1887,177,1710
108,0.210212,1508,317,1191
110,0.281228,1401,394,1007
111,0.232725,1534,357,1177
114,0.199123,1597,318,1279
118,0.256766,1441,370,1071
91,0.269572,1354,365,989
94,0.255602,1428,365,1063
97,0.247222,1440,356,1084
100,0.278629,1371,382,989
106,0.148148,1755,260,1495
116,0.259441,1430,371,1059
122,0.207833,1583,329,1254
127,0.179817,1635,294,1341
130,0.25523,1434,366,1068
135,0.170686,1617,276,1341
142,0.272468,1402,382,1020
143,0.215061,1567,337,1230
146,0.290487,1377,400,977
147,0.266667,1380,368,1012
151,0.217507,1508,328,1180
158,0.209421,1571,329,1242
119,0.222147,1472,327,1145
124,0.184259,1639,302,1337
126,0.216393,1525,330,1195
132,0.284257,1372,390,982
134,0.215673,1493,322,1171
138,0.136311,1724,235,1489
139,0.173482,1614,280,1334
140,0.210559,1591,335,1256
148,0.271513,1348,366,982
150,0.271386,1356,368,988
154,0.0978087,1871,183,1688
156,0.26686,1379,368,1011
159,0.278758,1417,395,1022
163,0.277419,1395,387,1008
168,0.260741,1350,352,998
169,0.20592,1554,320,1234
170,0.243284,1340,326,1014
174,0.261234,1313,343,970
178,0.267547,1439,385,1054
188,0.103082,1882,194,1688
195,0.287651,1328,382,946
196,0.213521,1494,319,1175
210,0.284743,1324,377,947
211,0.231423,1413,327,1086
212,0.113685,1856,211,1645
219,0.188504,1618,305,1313
229,0.166874,1606,268,1338
235,0.269434,1325,357,968
242,0.235174,1467,345,1122
244,0.275735,1360,375,985
250,0.198577,1546,307,1239
251,0.245926,1350,332,1018
259,0.29263,1384,405,979
260,0.176361,1616,285,1331
205,0.240246,1461,351,1110
227,0.24607,1463,360,1103
228,0.261636,1418,371,1047
236,0.286647,1378,395,983
243,0.247199,1428,353,1075
252,0.176543,1620,286,1334
256,0.229836,1401,322,1079
268,0.18165,1624,295,1329
269,0.195312,1536,300,1236
280,0.225655,1489,336,1153
284,0.279221,1386,387,999
296,0.288806,1340,387,953
297,0.235955,1513,357,1156
298,0.271523,1359,369,990
302,0.253829,1371,348,1023
309,0.202581,1550,314,1236
312,0.227089,1484,337,1147
321,0.304825,1368,417,951
322,0.196711,1581,311,1270
326,0.229268,1435,329,1106
342,0.273775,1388,380,1008
350,0.175031,1634,286,1348
361,0.240055,1458,350,1108
366,0.232011,1487,345,1142
374,0.252343,1387,350,1037
382,0.144936,1787,259,1528
387,0.20801,1548,322,1226
392,0.235664,1430,337,1093
408,0.178549,1613,288,1325
412,0.177019,1610,285,1325
414,0.269118,1360,366,994
420,0.254455,1403,357,1046
426,0.287044,1397,401,996
337,0.217151,1446,314,1132
423,0.256522,1380,354,1026
439,0.259286,1400,363,1037
505,0.25813,1476,381,1095
538,0.206543,1559,322,1237
562,0.229454,1521,349,1172
563,0.150525,1714,258,1456
628,0.0964819,1876,181,1695
635,0.275568,1408,388,1020
643,0.258303,1355,350,1005
725,0.228246,1494,341,1153
837,0.297059,1360,404,956
853,0.115021,1904,219,1685
860,0.234754,1525,358,1167
863,0.272857,1400,382,1018
890,0.214286,1526,327,1199
899,0.265957,1410,375,1035
428,0.253219,1398,354,1044
436,0.223051,1475,329,1146
438,0.157534,1606,253,1353
444,0.245179,1452,356,1096
464,0.207534,1460,303,1157
476,0.227031,1502,341,1161
478,0.229125,1497,343,1154
479,0.240028,1404,337,1067
488,0.243836,1460,356,1104
495,0.195349,1505,294,1211
506,0.267744,1423,381,1042
511,0.254442,1407,358,1049
517,0.255798,1423,364,1059
520,0.253561,1404,356,1048
523,0.094984,1874,178,1696
524,0.102213,1898,194,1704
528,0.255814,1376,352,1024
532,0.169868,1666,283,1383
548,0.266285,1397,372,1025
551,0.202572,1555,315,1240
552,0.250182,1371,343,1028
554,0.12807,1710,219,1491
564,0.259339,1392,361,1031
578,0.168573,1661,280,1381
581,0.258788,1337,346,991
585,0.204765,1553,318,1235
596,0.151991,1783,271,1512
609,0.219947,1514,333,1181
611,0.2481,1447,359,1088
642,0.241969,1463,354,1109
674,0.255087,1376,351,1025
686,0.234771,1461,343,1118
697,0.250534,1405,352,1053
702,0.188332,1577,297,1280
718,0.226283,1423,322,1101
902,0.229782,1558,358,1200
907,0.166054,1632,271,1361
910,0.146158,1731,253,1478
923,0.237509,1461,347,1114
926,0.137153,1728,237,1491
930,0.20475,1558,319,1239
931,0.207678,1589,330,1259
932,0.187773,1603,301,1302
934,0.149237,1769,264,1505
941,0.176543,1620,286,1334
946,0.222222,1395,310,1085
954,0.244644,1447,354,1093
955,0.276404,1335,369,966
959,0.169686,1656,281,1375
963,0.219773,1497,329,1168
987,0.157208,1762,277,1485
1002,0.271246,1412,383,1029
1004,0.144082,1749,252,1497
1013,0.209955,1567,329,1238
1017,0.174368,1623,283,1340
1021,0.218909,1576,345,1231
1032,0.270343,1487,402,1085
1034,0.234633,1513,355,1158
1037,0.265876,1433,381,1052
1045,0.258363,1405,363,1042
1046,0.157743,1737,274,1463
1048,0.205939,1549,319,1230
1049,0.131378,1705,224,1481
1055,0.226868,1459,331,1128
1061,0.287587,1297,373,924
1063,0.176579,1631,288,1343
1065,0.276306,1397,386,1011
1077,0.224409,1524,342,1182
1085,0.204082,1568,320,1248
1093,0.289322,1386,401,985
1100,0.14104,1730,244,1486
1101,0.240371,1402,337,1065
1103,0.243819,1456,355,1101
1105,0.196292,1564,307,1257
1110,0.174356,1669,291,1378
1112,0.0943296,1887,178,1709
1118,0.263469,1355,357,998
1126,0.195059,1538,300,1238
1128,0.271523,1359,369,990
1133,0.195777,1563,306,1257
1134,0.242016,1409,341,1068
1137,0.192779,1551,299,1252
1140,0.104925,1868,196,1672
1145,0.198849,1564,311,1253
1150,0.222808,1517,338,1179
1158,0.197711,1573,311,1262
1166,0.217975,1491,325,1166
1168,0.256757,1406,361,1045
1174,0.273057,1377,376,1001
1177,0.254399,1364,347,1017
1181,0.240084,1437,345,1092
1182,0.194915,1534,299,1235
1190,0.196475,1532,301,1231
1191,0.143776,1711,246,1465
1193,0.289336,1341,388,953
1194,0.251804,1386,349,1037
1195,0.11652,1931,225,1706
1199,0.139255,1745,243,1502
1202,0.101587,1890,192,1698
1205,0.135506,1749,237,1512
1207,0.224643,1469,330,1139
1210,0.105517,1867,197,1670
1215,0.275057,1327,365,962
1216,0.140989,1759,248,1511
1217,0.245221,1517,372,1145
1223,0.154114,1726,266,1460
1229,0.270233,1458,394,1064
883,0.265766,1332,354,978
980,0.223577,1476,330,1146
983,0.244373,1555,380,1175
993,0.18677,1542,288,1254
1011,0.203657,1586,323,1263
1041,0.228378,1480,338,1142
1043,0.274422,1341,368,973
1062,0.222369,1511,336,1175
1067,0.25405,1358,345,1013
1068,0.26327,1413,372,1041
1069,0.259925,1335,347,988
1075,0.199109,1572,313,1259
1086,0.153539,1752,269,1483
1108,0.149798,1729,259,1470
1111,0.231279,1509,349,1160
1114,0.288087,1385,399,986
1116,0.21278,1565,333,1232
1124,0.223871,1483,332,1151
1132,0.24403,1340,327,1013
1135,0.296797,1405,417,988
1142,0.261224,1470,384,1086
1148,0.273171,1435,392,1043
1154,0.241806,1373,332,1041
1156,0.141237,1763,249,1514
1159,0.268512,1337,359,978
1161,0.145845,1721,251,1470
1162,0.227213,1514,344,1170
1164,0.238162,1436,342,1094
1172,0.176329,1656,292,1364
1180,0.293362,1401,411,990
1189,0.1875,1520,285,1235
1197,0.141965,1761,250,1511
1212,0.248534,1364,339,1025
1213,0.233503,1379,322,1057
1221,0.201794,1561,315,1246
1236,0.226724,1407,319,1088
1245,0.246763,1390,343,1047
1251,0.273504,1287,352,935
1253,0.217185,1478,321,1157
1259,0.197917,1536,304,1232
1262,0.193984,1629,316,1313
1278,0.0991038,1897,188,1709
1286,0.268902,1402,377,1025
1292,0.263158,1425,375,1050
1294,0.266858,1394,372,1022
1302,0.287977,1389,400,989
1303,0.270758,1385,375,1010
1310,0.212663,1453,309,1144
1316,0.176217,1623,286,1337
1318,0.200977,1433,288,1145
1326,0.172306,1596,275,1321
1231,0.0998937,1882,188,1694
1232,0.112676,1917,216,1701
1237,0.233216,1415,330,1085
1239,0.104068,1893,197,1696
1242,0.270818,1381,374,1007
1247,0.27417,1386,380,1006
1249,0.165788,1707,283,1424
1255,0.208122,1576,328,1248
1256,0.219377,1445,317,1128
1258,0.185065,1540,285,1255
1261,0.291516,1379,402,977
1264,0.247826,1380,342,1038
1266,0.14123,1756,248,1508
1271,0.24104,1423,343,1080
1272,0.272727,1419,387,1032
1275,0.232905,1477,344,1133
1277,0.269637,1324,357,967
1280,0.257102,1408,362,1046
1295,0.195241,1639,320,1319
1296,0.272993,1370,374,996
1304,0.220183,1526,336,1190
1305,0.18932,1648,312,1336
1308,0.209613,1498,314,1184
1312,0.258772,1368,354,1014
1320,0.203379,1539,313,1226
1324,0.272793,1382,377,1005
1338,0.258788,1337,346,991
1339,0.244784,1438,352,1086
1349,0.246231,1393,343,1050
1363,0.0967239,1923,186,1737
1367,0.250864,1447,363,1084
1377,0.229655,1450,333,1117
1379,0.213359,1542,329,1213
1381,0.10462,1883,197,1686
1387,0.105839,1918,203,1715
1395,0.1866,1597,298,1299
1343,0.26361,1396,368,1028
1375,0.252732,1464,370,1094
1407,0.19245,1616,311,1305
1432,0.236715,1449,343,1106
1455,0.261987,1439,377,1062
1530,0.26038,1421,370,1051
1547,0.231544,1490,345,1145
1568,0.254493,1391,354,1037
1571,0.248753,1403,349,1054
1621,0.157044,1732,272,1460
1641,0.146048,1746,255,1491
1653,0.281317,1397,393,1004
1666,0.283494,1351,383,968
1682,0.273759,1410,386,1024
1693,0.252778,1440,364,1076
1699,0.216093,1541,333,1208
1403,0.104123,1892,197,1695
1411,0.270099,1418,383,1035
1413,0.101587,1890,192,1698
1427,0.180941,1658,300,1358
1446,0.212737,1476,314,1162
1448,0.22322,1447,323,1124
1462,0.277861,1328,369,959
1470,0.241189,1447,349,1098
1484,0.247416,1451,359,1092
1486,0.171569,1632,280,1352
1490,0.134812,1758,237,1521
1509,0.264368,1392,368,1024
1510,0.214331,1563,335,1228
1515,0.240278,1440,346,1094
1519,0.261517,1411,369,1042
1533,0.259121,1343,348,995
1534,0.261612,1464,383,1081
1602,0.259286,1400,363,1037
1611,0.145264,1721,250,1471
1615,0.238644,1475,352,1123
1616,0.252174,1380,348,1032
1618,0.269286,1400,377,1023
1620,0.0944798,1884,178,1706
1626,0.196774,1550,305,1245
1636,0.101165,1888,191,1697
1643,0.182687,1675,306,1369
1650,0.246499,1428,352,1076
1655,0.167279,1632,273,1359
1663,0.133996,1709,229,1480
1677,0.216144,1499,324,1175
1683,0.255431,1335,341,994
1700,0.145012,1724,250,1474
1703,0.295994,1348,399,949
1705,0.201254,1595,321,1274
1708,0.240343,1398,336,1062
1714,0.0988185,1862,184,1678
1739,0.283814,1353,384,969
1747,0.236209,1414,334,1080
1757,0.0983957,1870,184,1686
1763,0.253774,1391,353,1038
1765,0.150807,1797,271,1526
1766,0.277361,1334,370,964
1767,0.25641,1404,360,1044
1771,0.245505,1446,355,1091
1777,0.254724,1429,364,1065
1783,0.27968,1373,384,989
1785,0.218855,1485,325,1160
1791,0.248196,1386,344,1042
1797,0.258659,1357,351,1006
1808,0.268116,1380,370,1010
1823,0.184837,1596,295,1301
1826,0.148148,1728,256,1472
1830,0.214,1500,321,1179
1762,0.140361,1717,241,1476
1809,0.266958,1371,366,1005
1865,0.268275,1409,378,1031
2018,0.14024,1747,245,1502
2448,0.224028,1415,317,1098
2544,0.255132,1364,348,1016
2756,0.171199,1618,277,1341
3391,0.146651,1732,254,1478
3413,0.174161,1579,275,1304
3453,0.286436,1386,397,989
3469,0.182432,1628,297,1331
3510,0.183262,1637,300,1337
3791,0.228772,1425,326,1099
3832,0.198939,1508,300,1208
3897,0.280514,1401,393,1008
4063,0.292857,1400,410,990
4362,0.229668,1537,353,1184
1832,0.151791,1759,267,1492
1840,0.257468,1406,362,1044
1846,0.271284,1386,376,1010
1854,0.143516,1735,249,1486
1862,0.25761,1347,347,1000
1863,0.248738,1387,345,1042
1864,0.261128,1348,352,996
1866,0.195235,1511,295,1216
1870,0.259899,1389,361,1028
1877,0.152314,1707,260,1447
1883,0.274539,1355,372,983
1884,0.28163,1399,394,1005
1886,0.19313,1543,298,1245
1889,0.267399,1365,365,1000
1908,0.303118,1379,418,961
1909,0.149347,1761,263,1498
1912,0.264853,1397,370,1027
1936,0.246744,1382,341,1041
1940,0.22392,1505,337,1168
1943,0.246356,1372,338,1034
1948,0.237861,1421,338,1083
1956,0.102941,1836,189,1647
1960,0.250354,1414,354,1060
1965,0.218896,1503,329,1174
1975,0.0988895,1891,187,1704
1981,0.228261,1472,336,1136
1983,0.268148,1350,362,988
1988,0.229304,1522,349,1173
1992,0.240107,1491,358,1133
1993,0.14593,1720,251,1469
1996,0.20474,1519,311,1208
1998,0.235772,1476,348,1128
1999,0.250893,1399,351,1048
2001,0.14901,1718,256,1462
2009,0.23165,1485,344,1141
2014,0.289781,1370,397,973
2016,0.261248,1378,360,1018
2017,0.103979,1885,196,1689
2021,0.244476,1403,343,1060
2022,0.268382,1360,365,995
2025,0.243394,1438,350,1088
2026,0.19896,1538,306,1232
2030,0.240109,1466,352,1114
2032,0.146002,1726,252,1474
2036,0.199872,1566,313,1253
2038,0.215673,1493,322,1171
2041,0.154683,1655,256,1399
2046,0.248924,1394,347,1047
2047,0.237717,1384,329,1055
2051,0.177083,1632,289,1343
2055,0.237277,1513,359,1154
2059,0.102159,1899,194,1705
2060,0.170081,1611,274,1337
2061,0.225332,1429,322,1107
2067,0.271889,1302,354,948
2068,0.108491,1908,207,1701
2069,0.230614,1483,342,1141
2070,0.158343,1762,279,1483
2072,0.153711,1711,263,1448
2073,0.268525,1363,366,997
2077,0.137337,1682,231,1451
2082,0.219987,1491,328,1163
2085,0.214609,1547,332,1215
2086,0.159161,1621,258,1363
2088,0.173252,1645,285,1360
2098,0.277937,1396,388,1008
2099,0.293525,1390,408,982
2101,0.199492,1574,314,1260
2102,0.153396,1708,262,1446
2109,0.264706,1360,360,1000
2112,0.229979,1461,336,1125
2113,0.136723,1770,242,1528
2125,0.0978677,1829,179,1650
2127,0.258595,1338,346,992
2133,0.235052,1455,342,1113
2135,0.166565,1639,273,1366
2143,0.143023,1727,247,1480
2146,0.236237,1435,339,1096
2147,0.170972,1626,278,1348
2153,0.267223,1437,384,1053
2154,0.131548,1718,226,1492
2155,0.254015,1370,348,1022
2159,0.261676,1456,381,1075
2164,0.237377,1525,362,1163
2166,0.246783,1321,326,995
2167,0.142613,1753,250,1503
2175,0.233175,1471,343,1128
2178,0.202597,1540,312,1228
2180,0.208556,1496,312,1184
1790,0.262178,1396,366,1030
1816,0.266382,1404,374,1030
1834,0.213158,1520,324,1196
1858,0.284157,1376,391,985
1899,0.252461,1422,359,1063
1966,0.293598,1359,399,960
1980,0.20646,1579,326,1253
2004,0.19295,1617,312,1305
2028,0.258179,1406,363,1043
2044,0.143513,1742,250,1492
2052,0.218169,1453,317,1136
2076,0.177832,1642,292,1350
2093,0.23262,1496,348,1148
2117,0.228184,1547,353,1194
2123,0.176225,1674,295,1379
2158,0.251416,1412,355,1057
2169,0.240715,1454,350,1104
2191,0.260181,1326,345,981
2230,0.250704,1420,356,1064
2250,0.268864,1365,367,998
2293,0.280314,1402,393,1009
2295,0.295217,1338,395,943
2303,0.254343,1439,366,1073
2312,0.275711,1371,378,993
2320,0.195282,1526,298,1228
2333,0.232683,1487,346,1141
2357,0.108051,1888,204,1684
2369,0.247159,1408,348,1060
2406,0.158672,1626,258,1368
2419,0.258459,1389,359,1030
2422,0.261584,1338,350,988
2427,0.143608,1713,246,1467
2435,0.226685,1469,333,1136
2183,0.174017,1678,292,1386
2194,0.283968,1391,395,996
2195,0.148002,1777,263,1514
2199,0.261582,1403,367,1036
2200,0.241259,1430,345,1085
2203,0.258807,1391,360,1031
2204,0.0841878,1853,156,1697
2207,0.185714,1610,299,1311
2215,0.203198,1501,305,1196
2217,0.252588,1449,366,1083
2219,0.101562,1920,195,1725
2220,0.148633,1756,261,1495
2221,0.248337,1353,336,1017
2222,0.270189,1325,358,967
2226,0.264317,1362,360,1002
2228,0.240947,1436,346,1090
2231,0.20232,1552,314,1238
2239,0.213351,1528,326,1202
2240,0.212101,1504,319,1185
2242,0.139241,1738,242,1496
2246,0.240242,1486,357,1129
2251,0.242816,1392,338,1054
2256,0.23542,1406,331,1075
2262,0.172414,1595,275,1320
2263,0.164409,1624,267,1357
2264,0.263393,1344,354,990
2265,0.27802,1374,382,992
2266,0.190932,1566,299,1267
2267,0.264311,1415,374,1041
2268,0.170794,1575,269,1306
2272,0.268275,1368,367,1001
2273,0.233057,1446,337,1109
2274,0.253103,1450,367,1083
2283,0.098785,1893,187,1706
2286,0.201153,1561,314,1247
2290,0.21374,1572,336,1236
2291,0.142272,1708,243,1465
2298,0.163415,1640,268,1372
2300,0.235695,1468,346,1122
2302,0.242766,1417,344,1073
2305,0.212563,1576,335,1241
2306,0.246992,1413,349,1064
2311,0.2289,1564,358,1206
2314,0.0994764,1910,190,1720
2316,0.105405,1850,195,1655
2317,0.270893,1388,376,1012
2321,0.268864,1365,367,998
2322,0.260355,1352,352,1000
2323,0.223061,1457,325,1132
2324,0.263494,1408,371,1037
2325,0.287712,1359,391,968
2327,0.253492,1432,363,1069
2328,0.15676,1716,269,1447
2329,0.25,1412,353,1059
2330,0.130385,1741,227,1514
2332,0.266808,1413,377,1036
2340,0.259339,1392,361,1031
2351,0.0962052,1871,180,1691
2380,0.272334,1388,378,1010
2388,0.258519,1350,349,1001
2389,0.212625,1505,320,1185
2397,0.197337,1652,326,1326
2430,0.178726,1617,289,1328
2470,0.107921,1881,203,1678
2591,0.266714,1406,375,1031
2656,0.180556,1656,299,1357
2767,0.217593,1512,329,1183
2769,0.281711,1356,382,974
2821,0.0970266,1917,186,1731
2845,0.150342,1756,264,1492
2878,0.248191,1382,343,1039
2361,0.295487,1418,419,999
2371,0.241071,1456,351,1105
2451,0.221711,1520,337,1183
2468,0.239972,1446,347,1099
2469,0.283755,1385,393,992
2558,0.206628,1539,318,1221
2566,0.189865,1559,296,1263
2728,0.284888,1383,394,989
2736,0.231834,1445,335,1110
2768,0.2251,1506,339,1167
2784,0.220457,1574,347,1227
2816,0.14447,1772,256,1516
2906,0.216057,1532,331,1201
2914,0.137656,1758,242,1516
2938,0.233003,1412,329,1083
2976,0.172653,1587,274,1313
2994,0.24607,1463,360,1103
2443,0.259837,1347,350,997
2445,0.242464,1526,370,1156
2454,0.221192,1510,334,1176
2475,0.252525,1386,350,1036
2476,0.218543,1510,330,1180
2483,0.174565,1667,291,1376
2499,0.236977,1363,323,1040
2500,0.181429,1637,297,1340
2503,0.255351,1355,346,1009
2517,0.224913,1445,325,1120
2541,0.269679,1372,370,1002
2548,0.211027,1578,333,1245
2552,0.174251,1670,291,1379
2572,0.215699,1567,338,1229
2573,0.17296,1642,284,1358
2584,0.207342,1471,305,1166
2589,0.261887,1367,358,1009
2592,0.206689,1495,309,1186
2608,0.289876,1373,398,975
2623,0.239894,1509,362,1147
2632,0.222148,1490,331,1159
2645,0.210019,1557,327,1230
2678,0.232436,1523,354,1169
2688,0.141808,1770,251,1519
2689,0.135059,1777,240,1537
2694,0.183635,1601,294,1307
2697,0.266328,1378,367,1011
2702,0.253731,1407,357,1050
2704,0.266949,1416,378,1038
2706,0.0997899,1904,190,1714
2711,0.21401,1556,333,1223
2714,0.189398,1679,318,1361
2718,0.271587,1355,368,987
2719,0.266566,1328,354,974
2721,0.254875,1436,366,1070
2730,0.225418,1495,337,1158
2734,0.273273,1332,364,968
2735,0.145858,1714,250,1464
2746,0.143587,1762,253,1509
2774,0.242816,1392,338,1054
2776,0.0982475,1883,185,1698
2778,0.234298,1417,332,1085
2783,0.278388,1365,380,985
2789,0.206767,1596,330,1266
2795,0.244844,1503,368,1135
2800,0.27372,1465,401,1064
2809,0.163814,1636,268,1368
2823,0.129983,1731,225,1506
2832,0.130006,1723,224,1499
2833,0.173325,1627,282,1345
2835,0.206585,1549,320,1229
2852,0.273118,1395,381,1014
2920,0.176755,1652,292,1360
2941,0.237857,1400,333,1067
2943,0.198595,1566,311,1255
2949,0.266568,1358,362,996
2957,0.0972742,1871,182,1689
2962,0.278626,1310,365,945
2993,0.148085,1749,259,1490
2999,0.202466,1541,312,1229
3000,0.144107,1714,247,1467
3001,0.213325,1561,333,1228
3015,0.247552,1430,354,1076
3023,0.252809,1424,360,1064
3035,0.196795,1560,307,1253
3038,0.242779,1454,353,1101
3050,0.185618,1627,302,1325
3055,0.265614,1393,370,1023
3065,0.228727,1469,336,1133
3066,0.27566,1364,376,988
3025,0.277012,1379,382,997
3033,0.22116,1465,324,1141
3043,0.2,1595,319,1276
3067,0.257006,1463,376,1087
3096,0.281065,1352,380,972
3104,0.156467,1732,271,1461
3117,0.272036,1316,358,958
3130,0.214674,1472,316,1156
3138,0.268057,1343,360,983
3148,0.24083,1445,348,1097
3154,0.260068,1465,381,1084
3213,0.272595,1372,374,998
3243,0.250333,1502,376,1126
3254,0.270195,1436,388,1048
3258,0.271693,1406,382,1024
3268,0.267585,1379,369,1010
3068,0.286235,1373,393,980
3070,0.186967,1642,307,1335
3074,0.209133,1511,316,1195
3075,0.214737,1425,306,1119
3080,0.228933,1424,326,1098
3088,0.258109,1449,374,1075
3090,0.246612,1476,364,1112
3093,0.261765,1360,356,1004
3109,0.284954,1316,375,941
3115,0.254737,1425,363,1062
3131,0.100218,1836,184,1652
3135,0.245416,1418,348,1070
3136,0.248804,1463,364,1099
3139,0.188023,1553,292,1261
3141,0.0958019,1858,178,1680
3143,0.279885,1397,391,1006
3152,0.193904,1542,299,1243
3156,0.159488,1718,274,1444
3161,0.257306,1403,361,1042
3163,0.158803,1738,276,1462
3168,0.17905,1642,294,1348
3170,0.278607,1407,392,1015
3176,0.2108,1537,324,1213
3181,0.177945,1596,284,1312
3194,0.268401,1345,361,984
3198,0.269978,1389,375,1014
3214,0.268786,1384,372,1012
3225,0.172157,1609,277,1332
3241,0.204694,1534,314,1220
3242,0.270175,1425,385,1040
3247,0.243837,1501,366,1135
3251,0.238295,1431,341,1090
3260,0.102439,1845,189,1656
3262,0.245968,1488,366,1122
3265,0.238697,1504,359,1145
3279,0.184568,1620,299,1321
3280,0.205369,1490,306,1184
3290,0.0881881,1871,165,1706
3293,0.230263,1520,350,1170
3297,0.250531,1413,354,1059
3298,0.0989888,1879,186,1693
3305,0.138051,1724,238,1486
3306,0.269145,1345,362,983
3321,0.231359,1435,332,1103
3329,0.238932,1423,340,1083
3333,0.148727,1728,257,1471
3335,0.169409,1641,278,1363
3345,0.287982,1323,381,942
3347,0.230666,1487,343,1144
3351,0.193671,1580,306,1274
3369,0.10912,1897,207,1690
3385,0.0959052,1856,178,1678
3433,0.276677,1312,363,949
3324,0.272666,1478,403,1075
3331,0.205462,1538,316,1222
3343,0.219006,1589,348,1241
3368,0.268018,1332,357,975
3374,0.147624,1768,261,1507
3379,0.235174,1467,345,1122
3381,0.227063,1515,344,1171
3397,0.261656,1437,376,1061
3401,0.272059,1360,370,990
3414,0.186538,1560,291,1269
3417,0.257812,1408,363,1045
3422,0.0903361,1904,172,1732
3428,0.255334,1406,359,1047
3439,0.273844,1384,379,1005
3441,0.264915,1408,373,1035
3451,0.254111,1338,340,998
3384,0.228785,1473,337,1136
3688,0.265739,1366,363,1003
3703,0.24069,1450,349,1101
3713,0.141691,1715,243,1472
3714,0.138273,1714,237,1477
3717,0.194747,1561,304,1257
3720,0.114807,1864,214,1650
3725,0.207707,1531,318,1213
3733,0.215019,1558,335,1223
3740,0.233355,1517,354,1163
3784,0.149432,1760,263,1497
3788,0.231845,1501,348,1153
3797,0.268841,1380,371,1009
3801,0.213519,1583,338,1245
3809,0.256215,1448,371,1077
3813,0.236948,1494,354,1140
3829,0.247817,1489,369,1120
3500,0.242215,1445,350,1095
3501,0.25848,1474,381,1093
3504,0.275112,1334,367,967
3508,0.262482,1402,368,1034
3515,0.245051,1465,359,1106
3517,0.174047,1626,283,1343
3522,0.239917,1438,345,1093
3530,0.242511,1402,340,1062
3544,0.210596,1510,318,1192
3546,0.250883,1415,355,1060
3554,0.196891,1544,304,1240
3558,0.288051,1406,405,1001
3560,0.216859,1471,319,1152
3565,0.215068,1460,314,1146
3566,0.148765,1741,259,1482
3567,0.266372,1359,362,997
3576,0.216181,1545,334,1211
3587,0.262861,1419,373,1046
3590,0.211059,1483,313,1170
3602,0.241356,1475,356,1119
3603,0.225829,1448,327,1121
3609,0.244595,1480,362,1118
3612,0.26226,1407,369,1038
3617,0.269841,1386,374,1012
3619,0.249265,1360,339,1021
3620,0.180163,1593,287,1306
3627,0.147196,1712,252,1460
3628,0.263195,1402,369,1033
3631,0.278434,1354,377,977
3634,0.233684,1425,333,1092
3641,0.228352,1559,356,1203
3649,0.144082,1749,252,1497
3655,0.208986,1469,307,1162
3780,0.249821,1393,348,1045
3805,0.274623,1391,382,1009
3837,0.265805,1392,370,1022
3860,0.23796,1412,336,1076
3870,0.246905,1454,359,1095
3877,0.211409,1490,315,1175
3901,0.179358,1589,285,1304
3909,0.218006,1555,339,1216
3912,0.212682,1514,322,1192
3917,0.108707,1895,206,1689
3920,0.201448,1519,306,1213
3925,0.167078,1622,271,1351
3934,0.212925,1470,313,1157
3937,0.24527,1427,350,1077
3941,0.21196,1505,319,1186
3944,0.223262,1496,334,1162
3945,0.274875,1397,384,1013
3846,0.197107,1659,327,1332
3854,0.24446,1444,353,1091
3868,0.260099,1411,367,1044
3874,0.0961123,1852,178,1674
3885,0.212283,1498,318,1180
3893,0.269058,1338,360,978
3896,0.219863,1460,321,1139
3933,0.203262,1594,324,1270
3938,0.152149,1722,262,1460
3946,0.190563,1653,315,1338
3952,0.266854,1424,380,1044
3956,0.253541,1412,358,1054
3964,0.178832,1644,294,1350
3971,0.166565,1639,273,1366
3982,0.271324,1360,369,991
4061,0.240541,1480,356,1124
4122,0.198871,1594,317,1277
3876,0.179782,1652,297,1355
4074,0.276956,1419,393,1026
4339,0.213652,1465,313,1152
4363,0.234722,1440,338,1102
4412,0.207584,1556,323,1233
4429,0.281227,1337,376,961
4444,0.129977,1708,222,1486
4447,0.27027,1332,360,972
4453,0.254015,1370,348,1022
4478,0.274854,1368,376,992
4482,0.266017,1436,382,1054
4488,0.287901,1372,395,977
4518,0.267089,1419,379,1040
4527,0.259615,1352,351,1001
4542,0.231126,1510,349,1161
4550,0.153015,1758,269,1489
3950,0.220397,1461,322,1139
3951,0.248473,1473,366,1107
3958,0.143768,1725,248,1477
3966,0.110994,1892,210,1682
3967,0.149047,1731,258,1473
3974,0.223781,1497,335,1162
3975,0.262811,1366,359,1007
3978,0.244089,1438,351,1087
3986,0.280956,1381,388,993
3990,0.0941489,1880,177,1703
3998,0.147899,1785,264,1521
4002,0.252155,1392,351,1041
4003,0.254915,1475,376,1099
4004,0.244428,1391,340,1051
4005,0.151839,1686,256,1430
4008,0.287691,1373,395,978
4009,0.181984,1643,299,1344
4012,0.205316,1505,309,1196
4016,0.183712,1584,291,1293
4017,0.256393,1486,381,1105
4019,0.167785,1639,275,1364
4021,0.214107,1602,343,1259
4024,0.223238,1532,342,1190
4027,0.172198,1597,275,1322
4032,0.269943,1404,379,1025
4035,0.157475,1632,257,1375
4040,0.173301,1633,283,1350
4042,0.217993,1445,315,1130
4058,0.174985,1623,284,1339
4068,0.249263,1356,338,1018
4069,0.0990466,1888,187,1701
4073,0.261438,1377,360,1017
4084,0.176326,1622,286,1336
4085,0.232493,1428,332,1096
4086,0.27689,1376,381,995
4091,0.136908,1753,240,1513
4093,0.108593,1897,206,1691
4099,0.182269,1613,294,1319
4105,0.184307,1644,303,1341
4106,0.11333,1853,210,1643
4109,0.286576,1326,380,946
4118,0.248412,1417,352,1065
4129,0.246366,1376,339,1037
4134,0.217508,1485,323,1162
4146,0.270588,1360,368,992
4149,0.148278,1713,254,1459
4150,0.201398,1574,317,1257
4151,0.232462,1454,338,1116
4158,0.148697,1688,251,1437
4159,0.251661,1355,341,1014
4164,0.173325,1627,282,1345
4167,0.21046,1587,334,1253
4172,0.220568,1478,326,1152
4173,0.164638,1725,284,1441
4174,0.137992,1703,235,1468
4175,0.204875,1518,311,1207
4179,0.279334,1321,369,952
4180,0.255459,1374,351,1023
4182,0.257225,1384,356,1028
4183,0.279793,1351,378,973
4191,0.216179,1471,318,1153
4202,0.201675,1552,313,1239
4204,0.251974,1393,351,1042
4210,0.230245,1468,338,1130
4213,0.204852,1484,304,1180
4215,0.188295,1572,296,1276
4219,0.146974,1735,255,1480
4223,0.198845,1559,310,1249
4228,0.194573,1511,294,1217
4230,0.237569,1448,344,1104
4231,0.245974,1366,336,1030
4238,0.214921,1461,314,1147
4239,0.265248,1410,374,1036
4245,0.250369,1354,339,1015
4246,0.104732,1881,197,1684
4256,0.260901,1399,365,1034
4269,0.101571,1910,194,1716
4270,0.13809,1738,240,1498
4280,0.218406,1543,337,1206
4282,0.156322,1740,272,1468
4283,0.258087,1422,367,1055
4285,0.213561,1578,337,1241
4300,0.26123,1447,378,1069
4301,0.165538,1625,269,1356
4303,0.262582,1371,360,1011
4304,0.273792,1366,374,992
4307,0.233513,1486,347,1139
4317,0.256556,1411,362,1049
4318,0.166667,1608,268,1340
4321,0.182398,1568,286,1282
4560,0.1729,1631,282,1349
4613,0.164112,1566,257,1309
4637,0.251359,1472,370,1102
4668,0.096,1875,180,1695
4723,0.0979244,1879,184,1695
4750,0.276042,1344,371,973
4755,0.19241,1502,289,1213
4756,0.187124,1662,311,1351
4757,0.104485,1895,198,1697
4758,0.215488,1485,320,1165
4771,0.101047,1910,193,1717
4780,0.200871,1608,323,1285
4784,0.185231,1625,301,1324
4796,0.148961,1732,258,1474
4797,0.146821,1730,254,1476
4804,0.201654,1572,317,1255
4807,0.180175,1604,289,1315
4808,0.192494,1652,318,1334
4812,0.108065,1860,201,1659
4836,0.275837,1403,387,1016
4587,0.22942,1482,340,1142
4609,0.2334,1491,348,1143
4617,0.203511,1538,313,1225
4624,0.144509,1730,250,1480
4632,0.263938,1417,374,1043
4636,0.251661,1355,341,1014
4642,0.264336,1430,378,1052
4648,0.225871,1492,337,1155
4652,0.218992,1548,339,1209
4655,0.107314,1873,201,1672
4674,0.226611,1443,327,1116
4676,0.272794,1371,374,997
4682,0.193798,1548,300,1248
4684,0.257306,1403,361,1042
4688,0.250886,1411,354,1057
4690,0.232218,1434,333,1101
4699,0.22733,1588,361,1227
4828,0.263982,1341,354,987
4830,0.231229,1505,348,1157
4844,0.272659,1335,364,971
4851,0.268833,1354,364,990
4859,0.19832,1548,307,1241
4876,0.234637,1432,336,1096
4902,0.135364,1773,240,1533
4907,0.173887,1639,285,1354
4926,0.232776,1495,348,1147
4943,0.190196,1530,291,1239
4947,0.255814,1419,363,1056
4948,0.280314,1402,393,1009
4959,0.256868,1456,374,1082
5028,0.251814,1378,347,1031
5044,0.224319,1431,321,1110
5058,0.14776,1719,254,1465
5074,0.137615,1744,240,1504
5089,0.236257,1528,361,1167
5095,0.163324,1745,285,1460
5105,0.215793,1469,317,1152
5106,0.244942,1384,339,1045
5122,0.160948,1603,258,1345
5124,0.28105,1409,396,1013
5149,0.26657,1373,366,1007
5150,0.214834,1564,336,1228
5173,0.139277,1716,239,1477
5184,0.099839,1863,186,1677
5196,0.281639,1367,385,982
5198,0.0975348,1866,182,1684
5221,0.264554,1357,359,998
5226,0.230769,1417,327,1090
5230,0.281343,1340,377,963
5234,0.217623,1498,326,1172
5277,0.210426,1573,331,1242
5282,0.104676,1882,197,1685
5342,0.146674,1759,258,1501
5463,0.222526,1465,326,1139
5503,0.219034,1429,313,1116
5513,0.152023,1730,263,1467
5624,0.195624,1554,304,1250
5658,0.235467,1359,320,1039
5683,0.166667,1644,274,1370
5691,0.25072,1388,348,1040
5697,0.172832,1649,285,1364
5705,0.227366,1469,334,1135
5707,0.25648,1466,376,1090
5731,0.269737,1368,369,999
5769,0.134752,1692,228,1464
5778,0.266764,1372,366,1006
5837,0.220467,1456,321,1135
5922,0.259915,1412,367,1045
6380,0.168246,1688,284,1404
6117,0.254275,1345,342,1003
6141,0.245714,1400,344,1056
6142,0.277498,1391,386,1005
6157,0.225067,1484,334,1150
6165,0.238714,1462,349,1113
6174,0.230556,1440,332,1108
6182,0.293814,1358,399,959
6198,0.241355,1446,349,1097
6206,0.147455,1709,252,1457
6212,0.27227,1392,379,1013
6214,0.137853,1770,244,1526
6222,0.216324,1507,326,1181
6230,0.173994,1615,281,1334
6246,0.205436,1582,325,1257
6254,0.284377,1389,395,994
6273,0.215969,1528,330,1198
6279,0.269876,1371,370,1001
6413,0.241835,1439,348,1091
6421,0.272727,1419,387,1032
6429,0.268137,1406,377,1029
6437,0.251748,1430,360,1070
6438,0.155074,1754,272,1482
6461,0.168776,1659,280,1379
6469,0.247573,1442,357,1085
6477,0.198337,1563,310,1253
6494,0.264082,1367,361,1006
6502,0.1498,1749,262,1487
6510,0.293054,1382,405,977
6518,0.153009,1745,267,1478
6519,0.255102,1372,350,1022
6534,0.202711,1549,314,1235
6542,0.23267,1457,339,1118
6558,0.171464,1598,274,1324
6566,0.273549,1327,363,964
6453,0.250523,1433,359,1074
6464,0.284284,1298,369,929
6479,0.162577,1630,265,1365
6480,0.226018,1522,344,1178
6485,0.258799,1449,375,1074
6486,0.285206,1406,401,1005
6526,0.233077,1433,334,1099
6530,0.270347,1413,382,1031
6657,0.0979766,1878,184,1694
6665,0.148442,1765,262,1503
6706,0.230662,1435,331,1104
6714,0.172392,1601,276,1325
6730,0.147747,1753,259,1494
6753,0.145161,1736,252,1484
6761,0.101225,1877,190,1687
6787,0.111929,1903,213,1690
6795,0.142357,1714,244,1470
6801,0.100849,1884,190,1694
6811,0.150432,1735,261,1474
6819,0.24145,1462,353,1109
6823,0.177805,1631,290,1341
6832,0.220067,1495,329,1166
6836,0.188716,1542,291,1251
6839,0.136023,1735,236,1499
6866,0.28238,1328,375,953
6868,0.26087,1357,354,1003
6876,0.267983,1418,380,1038
6881,0.270615,1334,361,973
6892,0.158117,1657,262,1395
6909,0.162904,1639,267,1372
6917,0.195464,1499,293,1206
6925,0.204134,1548,316,1232
6957,0.202171,1474,298,1176
6958,0.227813,1431,326,1105
6965,0.253147,1430,362,1068
6966,0.223492,1575,352,1223
6885,0.216179,1471,318,1153
6890,0.223703,1426,319,1107
6893,0.253875,1355,344,1011
6901,0.0912863,1928,176,1752
6933,0.219973,1482,326,1156
6934,0.231674,1446,335,1111
6941,0.248951,1430,356,1074
6942,0.277939,1378,383,995
6949,0.295574,1333,394,939
6950,0.147614,1802,266,1536
6974,0.197219,1582,312,1270
6998,0.218132,1467,320,1147
8004,0.243375,1434,349,1085
8011,0.231279,1509,349,1160
8019,0.172787,1661,287,1374
8027,0.187424,1638,307,1331
8052,0.145105,1716,249,1467
6982,0.237776,1493,355,1138
6990,0.269483,1373,370,1003
8002,0.110302,1922,212,1710
8003,0.205995,1568,323,1245
8009,0.174574,1644,287,1357
8010,0.203279,1525,310,1215
8020,0.0963542,1920,185,1735
8028,0.267058,1363,364,999
8035,0.100682,1907,192,1715
8036,0.143359,1709,245,1464
8043,0.190722,1552,296,1256
8044,0.178571,1596,285,1311
8050,0.226174,1490,337,1153
8051,0.237543,1465,348,1117
8059,0.267024,1307,349,958
8060,0.0843054,1886,159,1727
8061,0.156542,1712,268,1444
8067,0.106822,1891,202,1689
8068,0.276345,1357,375,982
8075,0.17037,1620,276,1344
7002,0.152532,1698,259,1439
7011,0.174594,1661,290,1371
7026,0.268722,1362,366,996
7027,0.214238,1503,322,1181
7035,0.279305,1382,386,996
7043,0.243626,1412,344,1068
7051,0.241403,1483,358,1125
7059,0.231194,1449,335,1114
7067,0.192748,1572,303,1269
7068,0.14344,1715,246,1469
7070,0.27574,1418,391,1027
7076,0.269912,1356,366,990
7084,0.275636,1375,379,996
7104,0.22649,1510,342,1168
7124,0.216037,1509,326,1183
7276,0.193447,1587,307,1280
7311,0.104357,1859,194,1665
7401,0.287538,1332,383,949
7496,0.221932,1532,340,1192
7617,0.101312,1905,193,1712
7658,0.209239,1472,308,1164
8291,0.150739,1758,265,1493
8296,0.233607,1464,342,1122
8298,0.239918,1463,351,1112
8309,0.239972,1421,341,1080
8320,0.263858,1353,357,996
8343,0.197644,1528,302,1226
8350,0.20155,1548,312,1236
8357,0.152364,1713,261,1452
8368,0.166768,1643,274,1369
8379,0.26,1400,364,1036
8383,0.13596,1802,245,1557
8386,0.152124,1742,265,1477
8391,0.222822,1481,330,1151
8395,0.256757,1406,361,1045
8076,0.178771,1611,288,1323
8077,0.255029,1392,355,1037
8079,0.251264,1385,348,1037
8084,0.2116,1569,332,1237
8091,0.200775,1549,311,1238
8093,0.220282,1489,328,1161
8100,0.145329,1734,252,1482
8101,0.104792,1899,199,1700
8108,0.220969,1507,333,1174
8109,0.222294,1543,343,1200
8117,0.13809,1738,240,1498
8127,0.145152,1743,253,1490
8133,0.181098,1640,297,1343
8142,0.172181,1632,281,1351
8149,0.101246,1926,195,1731
8151,0.246302,1352,333,1019
8152,0.145631,1751,255,1496
8157,0.220788,1549,342,1207
8158,0.262518,1398,367,1031
8125,0.280866,1385,389,996
8174,0.244318,1408,344,1064
8190,0.153757,1717,264,1453
8211,0.261854,1413,370,1043
8217,0.155606,1748,272,1476
8220,0.306536,1331,408,923
8221,0.192405,1580,304,1276
8222,0.193016,1575,304,1271
8228,0.109948,1910,210,1700
8235,0.255242,1383,353,1030
8236,0.169118,1632,276,1356
8244,0.217769,1497,326,1171
8252,0.194601,1593,310,1283
8253,0.2,1435,287,1148
8258,0.213904,1496,320,1176
8271,0.284541,1339,381,958
8279,0.250532,1409,353,1056
8427,0.256815,1394,358,1036
8428,0.209043,1526,319,1207
8430,0.222598,1478,329,1149
8435,0.252669,1405,355,1050
8443,0.210979,1512,319,1193
8451,0.220052,1536,338,1198
8452,0.203922,1530,312,1218
8457,0.150029,1713,257,1456
8460,0.267058,1363,364,999
8467,0.222511,1537,342,1195
8476,0.185117,1626,301,1325
8490,0.247757,1449,359,1090
8492,0.180229,1659,299,1360
8498,0.280576,1390,390,1000
8500,0.286248,1338,383,955
8511,0.223426,1477,330,1147
8513,0.151075,1721,260,1461
8534,0.293686,1362,400,962
8562,0.259259,1404,364,1040
8587,0.215818,1492,322,1170
8592,0.154106,1778,274,1504
8616,0.262454,1345,353,992
8623,0.297704,1394,415,979
8627,0.256228,1405,360,1045
8632,0.243651,1457,355,1102
8635,0.0964114,1867,180,1687
8636,0.255319,1410,360,1050
8644,0.243868,1427,348,1079
8648,0.245667,1327,326,1001
8652,0.281133,1341,377,964
8658,0.267341,1384,370,1014
8660,0.260933,1372,358,1014
8664,0.13913,1725,240,1485
8668,0.0991649,1916,190,1726
8672,0.252475,1414,357,1057
8674,0.267477,1316,352,964
8677,0.236678,1445,342,1103
8679,0.281022,1370,385,985
8684,0.210875,1508,318,1190
8689,0.173519,1654,287,1367
8692,0.0966702,1862,180,1682
8696,0.0996785,1866,186,1680
8697,0.234923,1426,335,1091
8703,0.150289,1730,260,1470
8705,0.224967,1498,337,1161
8708,0.246176,1373,338,1035
8711,0.215862,1450,313,1137
8713,0.233333,1500,350,1150
8717,0.233154,1484,346,1138
8721,0.108065,1897,205,1692
8725,0.222997,1435,320,1115
8729,0.113528,1885,214,1671
8733,0.252427,1442,364,1078
8737,0.205729,1536,316,1220
8741,0.256429,1361,349,1012
8758,0.190354,1555,296,1259
8761,0.272152,1422,387,1035
8762,0.178299,1576,281,1295
8765,0.107791,1874,202,1672
8770,0.230608,1431,330,1101
8774,0.212242,1503,319,1184
8781,0.192755,1546,298,1248
8784,0.179228,1685,302,1383
8789,0.274948,1433,394,1039
8794,0.260116,1384,360,1024
8796,0.243459,1376,335,1041
8798,0.263082,1395,367,1028
8802,0.225183,1501,338,1163
8804,0.219205,1510,331,1179
8806,0.192778,1634,315,1319
8810,0.19204,1583,304,1279
8818,0.272991,1381,377,1004
8822,0.248285,1458,362,1096
8826,0.256332,1303,334,969
8830,0.137347,1711,235,1476
8839,0.271186,1357,368,989
8842,0.199367,1580,315,1265
8846,0.142442,1720,245,1475
8851,0.272534,1409,384,1025
8854,0.266523,1392,371,1021
8855,0.0912447,1896,173,1723
8859,0.159605,1723,275,1448
8862,0.20788,1472,306,1166
8870,0.264164,1412,373,1039
8876,0.245335,1447,355,1092
8879,0.280543,1326,372,954
1825,0.190695,1526,291,1235
5104,0.23645,1476,349,1127
7092,0.219975,1632,359,1273
7127,0.258109,1449,374,1075
7135,0.201536,1563,315,1248
7145,0.177982,1635,291,1344
7149,0.203667,1527,311,1216
7152,0.174072,1643,286,1357
7154,0.245038,1461,358,1103
7167,0.179927,1634,294,1340
7175,0.187615,1631,306,1325
7183,0.263386,1382,364,1018
7185,0.191062,1544,295,1249
7199,0.197335,1576,311,1265
7206,0.177019,1610,285,1325
7213,0.171061,1631,279,1352
7217,0.25501,1447,369,1078
7234,0.276008,1413,390,1023
7239,0.14938,1774,265,1509
7681,0.0952381,1953,186,1767
7690,0.186962,1626,304,1322
7724,0.273466,1353,370,983
7736,0.215447,1476,318,1158
7805,0.175709,1622,285,1337
7941,0.186563,1667,311,1356
8212,0.2732,1347,368,979
8295,0.255273,1375,351,1024
8377,0.273479,1331,364,967
8539,0.276335,1386,383,1003
8600,0.259732,1490,387,1103
8608,0.150427,1755,264,1491
8624,0.0936831,1868,175,1693
8640,0.0954158,1876,179,1697
8656,0.198281,1629,323,1306
8704,0.225575,1392,314,1078
7251,0.105346,1908,201,1707
7253,0.251079,1390,349,1041
7265,0.223239,1420,317,1103
7272,0.268551,1415,380,1035
7283,0.202852,1543,313,1230
7288,0.140506,1701,239,1462
7294,0.25825,1394,360,1034
7319,0.243375,1434,349,1085
7321,0.264602,1421,376,1045
7350,0.258597,1454,376,1078
7355,0.241005,1473,355,1118
7360,0.240138,1445,347,1098
7362,0.104877,1907,200,1707
7363,0.13884,1707,237,1470
7370,0.150057,1766,265,1501
7375,0.178847,1683,301,1382
7377,0.16813,1594,268,1326
7409,0.188937,1609,304,1305
7483,0.245513,1393,342,1051
7493,0.150114,1752,263,1489
7501,0.187423,1622,304,1318
7504,0.0964494,1887,182,1705
7505,0.213136,1553,331,1222
7509,0.261268,1420,371,1049
7511,0.171061,1631,279,1352
7513,0.238796,1428,341,1087
7515,0.200241,1658,332,1326
7517,0.283046,1392,394,998
7519,0.224952,1547,348,1199
7522,0.16171,1614,261,1353
7525,0.104422,1877,196,1681
7534,0.177616,1644,292,1352
7536,0.267384,1395,373,1022
7551,0.269174,1356,365,991
7556,0.250696,1436,360,1076
7570,0.245147,1391,341,1050
7574,0.255765,1431,366,1065
7576,0.221208,1424,315,1109
7585,0.277235,1432,397,1035
7590,0.203304,1574,320,1254
7592,0.264602,1421,376,1045
7596,0.269921,1393,376,1017
7598,0.222296,1507,335,1172
7603,0.221871,1582,351,1231
7606,0.21316,1459,311,1148
7608,0.184089,1521,280,1241
7609,0.282836,1340,379,961
7615,0.227368,1425,324,1101
7637,0.267119,1475,394,1081
7645,0.216321,1544,334,1210
7655,0.214564,1538,330,1208
7659,0.225564,1463,330,1133
7663,0.208171,1542,321,1221
7671,0.232753,1435,334,1101
7679,0.252562,1366,345,1021
7686,0.211451,1537,325,1212
7687,0.136441,1759,240,1519
7697,0.0980392,1887,185,1702
7701,0.183922,1642,302,1340
7714,0.203195,1565,318,1247
7715,0.177623,1582,281,1301
7716,0.192673,1474,284,1190
7719,0.25,1416,354,1062
7730,0.286462,1337,383,954
7734,0.140967,1738,245,1493
7743,0.212264,1484,315,1169
7744,0.288476,1345,388,957
7752,0.275503,1343,370,973
7760,0.0853659,1886,161,1725
7768,0.143685,1726,248,1478
7793,0.239525,1432,343,1089
7797,0.256912,1483,381,1102
7798,0.228094,1495,341,1154
7802,0.244955,1437,352,1085
7809,0.16739,1613,270,1343
7811,0.277419,1395,387,1008
7817,0.228391,1423,325,1098
7824,0.111983,1911,214,1697
7825,0.199603,1513,302,1211
7829,0.292308,1365,399,966
7833,0.265428,1345,357,988
7841,0.246575,1387,342,1045
7849,0.270189,1325,358,967
7850,0.244795,1393,341,1052
7864,0.268026,1373,368,1005
7875,0.251678,1490,375,1115
7885,0.272,1375,374,1001
7897,0.222884,1512,337,1175
7898,0.253741,1470,373,1097
7905,0.253753,1399,355,1044
7906,0.257709,1362,351,1011
7908,0.225655,1489,336,1153
7910,0.28012,1328,372,956
7915,0.235502,1414,333,1081
7916,0.239259,1350,323,1027
7917,0.257123,1404,361,1043
7922,0.257511,1398,360,1038
7923,0.266187,1390,370,1020
7933,0.260432,1390,362,1028
7936,0.201911,1570,317,1253
7939,0.258998,1417,367,1050
7961,0.189655,1566,297,1269
7968,0.0954907,1885,180,1705
7981,0.14152,1710,242,1468
7984,0.166563,1609,268,1341
7992,0.185948,1651,307,1344
8000,0.104275,1918,200,1718
9016,0.180941,1658,300,1358
9017,0.266618,1369,365,1004
9023,0.268961,1424,383,1041
9030,0.2681,1395,374,1021
9043,0.22349,1490,333,1157
9046,0.246407,1461,360,1101
9061,0.223881,1407,315,1092
9062,0.284892,1390,396,994
9065,0.232037,1517,352,1165
9073,0.236296,1350,319,1031
9094,0.23564,1532,361,1171
9098,0.2122,1541,327,1214
9100,0.278116,1316,366,950
9101,0.228142,1464,334,1130
8745,0.251408,1420,357,1063
8749,0.225315,1509,340,1169
8753,0.248148,1350,335,1015
8773,0.247123,1477,365,1112
8778,0.247863,1404,348,1056
8786,0.210992,1583,334,1249
8835,0.191463,1640,314,1326
8843,0.17787,1681,299,1382
8867,0.277523,1308,363,945
8875,0.217508,1485,323,1162
8891,0.10306,1863,192,1671
8917,0.216198,1494,323,1171
8924,0.231462,1443,334,1109
8946,0.20727,1568,325,1243
8954,0.233688,1502,351,1151
8957,0.275,1440,396,1044
8974,0.204287,1493,305,1188
8883,0.211674,1559,330,1229
8885,0.225332,1429,322,1107
8887,0.267908,1396,374,1022
8893,0.241104,1377,332,1045
8895,0.219132,1474,323,1151
8899,0.138488,1733,240,1493
8901,0.2477,1413,350,1063
8903,0.0944713,1863,176,1687
8905,0.217362,1509,328,1181
8906,0.275177,1410,388,1022
8907,0.238196,1419,338,1081
8909,0.14024,1747,245,1502
8910,0.236248,1418,335,1083
8911,0.282511,1338,378,960
8912,0.215512,1573,339,1234
8915,0.226508,1426,323,1103
8916,0.259615,1456,378,1078
9130,0.262966,1369,360,1009
9132,0.135119,1717,232,1485
9138,0.182263,1635,298,1337
9147,0.241427,1458,352,1106
9152,0.0985767,1897,187,1710
9161,0.196999,1533,302,1231
9163,0.259019,1386,359,1027
9164,0.251974,1393,351,1042
9166,0.179302,1662,298,1364
9169,0.27027,1332,360,972
9178,0.107572,1915,206,1709
9179,0.1868,1606,300,1306
9180,0.24481,1397,342,1055
9182,0.259887,1416,368,1048
9184,0.259101,1401,363,1038
9185,0.110386,1839,203,1636
9187,0.108338,1883,204,1679
9198,0.251555,1447,364,1083
9201,0.103763,1860,193,1667
9203,0.199482,1544,308,1236
9204,0.240766,1462,352,1110
9209,0.109908,1847,203,1644
9211,0.211118,1511,319,1192
9212,0.273844,1384,379,1005
9217,0.146023,1760,257,1503
9223,0.251449,1380,347,1033
9227,0.206158,1494,308,1186
9228,0.199869,1526,305,1221
9239,0.226818,1499,340,1159
9241,0.0855905,1846,158,1688
9242,0.220833,1440,318,1122
9244,0.193878,1568,304,1264
9247,0.206088,1577,325,1252
9248,0.103018,1922,198,1724
9254,0.272794,1371,374,997
9257,0.175915,1694,298,1396
9260,0.141298,1741,246,1495
9263,0.265233,1395,370,1025
9268,0.172755,1615,279,1336
9270,0.201465,1638,330,1308
9273,0.169765,1614,274,1340
9276,0.200266,1503,301,1202
9280,0.243497,1384,337,1047
9286,0.196753,1540,303,1237
9290,0.213789,1581,338,1243
9300,0.203226,1550,315,1235
9304,0.268111,1339,359,980
9312,0.267882,1426,382,1044
9314,0.206967,1464,303,1161
9323,0.184131,1651,304,1347
9325,0.190073,1652,314,1338
9326,0.226601,1421,322,1099
9329,0.243763,1403,342,1061
9331,0.101279,1876,190,1686
9349,0.243036,1436,349,1087
9373,0.228142,1464,334,1130
1967,0.101457,1922,195,1727
4389,0.105845,1899,201,1698
6559,0.229345,1404,322,1082
7143,0.270818,1381,374,1007
7191,0.247115,1473,364,1109
7240,0.246077,1402,345,1057
7434,0.19934,1515,302,1213
7451,0.242077,1483,359,1124
7459,0.258978,1448,375,1073
7499,0.25614,1425,365,1060
7540,0.270818,1333,361,972
7582,0.27254,1453,396,1057
7636,0.187698,1577,296,1281
7710,0.227427,1473,335,1138
7717,0.263768,1380,364,1016
7775,0.206606,1544,319,1225
7914,0.287846,1407,405,1002
7929,0.267204,1366,365,1001
7937,0.251046,1434,360,1074
7945,0.272931,1341,366,975
7976,0.209197,1544,323,1221
8013,0.177873,1636,291,1345
8676,0.255798,1423,364,1059
9006,0.145726,1743,254,1489
9009,0.24804,1403,348,1055
9025,0.19171,1544,296,1248
9041,0.256204,1370,351,1019
9047,0.255376,1488,380,1108
9049,0.252624,1429,361,1068
9051,0.286039,1318,377,941
9053,0.255474,1370,350,1020
9057,0.21682,1522,330,1192
9079,0.179775,1602,288,1314
9082,0.20176,1591,321,1270
9086,0.230106,1508,347,1161
9090,0.257064,1451,373,1078
9097,0.275938,1359,375,984
9105,0.260993,1410,368,1042
9113,0.232558,1505,350,1155
9120,0.259622,1429,371,1058
9122,0.238265,1406,335,1071
9124,0.246537,1444,356,1088
9129,0.14044,1773,249,1524
9136,0.269036,1379,371,1008
9140,0.192531,1553,299,1254
9146,0.146547,1781,261,1520
9148,0.151339,1718,260,1458
9154,0.139908,1744,244,1500
9158,0.182535,1649,301,1348
9168,0.185231,1625,301,1324
9171,0.265306,1372,364,1008
9172,0.285078,1347,384,963
9176,0.293551,1349,396,953
9177,0.236662,1462,346,1116
9181,0.276923,1365,378,987
9191,0.204185,1577,322,1255
9192,0.275256,1366,376,990
9194,0.243697,1428,348,1080
9199,0.29795,1366,407,959
9207,0.275585,1368,377,991
9214,0.197726,1583,313,1270
9215,0.139429,1750,244,1506
9219,0.229721,1541,354,1187
9221,0.236626,1458,345,1113
9225,0.280236,1356,380,976
9231,0.210902,1541,325,1216
9233,0.228939,1555,356,1199
9235,0.231802,1415,328,1087
9250,0.250523,1433,359,1074
9251,0.225762,1444,326,1118
9255,0.271642,1340,364,976
9266,0.21504,1609,346,1263
9275,0.286243,1352,387,965
9282,0.242363,1473,357,1116
9284,0.269204,1419,382,1037
9288,0.213853,1487,318,1169
9292,0.253521,1420,360,1060
9296,0.253825,1438,365,1073
9298,0.230875,1451,335,1116
9306,0.220026,1518,334,1184
9308,0.27381,1344,368,976
9309,0.258961,1367,354,1013
9320,0.214909,1489,320,1169
9328,0.232558,1419,330,1089
9336,0.265719,1336,355,981
9343,0.19455,1578,307,1271
9366,0.238027,1399,333,1066
9375,0.264749,1356,359,997
9390,0.227926,1461,333,1128
9422,0.220648,1482,327,1155
9425,0.233427,1418,331,1087
9440,0.267857,1400,375,1025
9441,0.278761,1356,378,978
9447,0.291233,1346,392,954
9450,0.250727,1376,345,1031
9456,0.296048,1341,397,944
9457,0.190107,1678,319,1359
9464,0.2713,1338,363,975
9473,0.21625,1600,346,1254
9376,0.201875,1600,323,1277
9398,0.24581,1432,352,1080
9417,0.257948,1384,357,1027
9438,0.242112,1458,353,1105
9462,0.268825,1421,382,1039
9493,0.156016,1737,271,1466
9503,0.189737,1676,318,1358
9505,0.261594,1380,361,1019
9507,0.172372,1636,282,1354
9559,0.148656,1749,260,1489
9598,0.272315,1322,360,962
9645,0.277778,1314,365,949
9655,0.157193,1724,271,1453
9671,0.178637,1629,291,1338
9687,0.0963473,1889,182,1707
9726,0.242918,1412,343,1069
9728,0.22438,1493,335,1158
9742,0.0991038,1897,188,1709
9486,0.259837,1347,350,997
9489,0.264748,1390,368,1022
9497,0.249641,1394,348,1046
9504,0.186203,1638,305,1333
9512,0.261168,1455,380,1075
9513,0.260197,1422,370,1052
9521,0.236686,1521,360,1161
9522,0.154954,1736,269,1467
9536,0.101358,1914,194,1720
9537,0.140853,1711,241,1470
9545,0.137369,1718,236,1482
9549,0.287473,1381,397,984
9553,0.256356,1416,363,1053
9564,0.102296,1916,196,1720
9567,0.185345,1624,301,1323
9570,0.284871,1355,386,969
9574,0.212625,1505,320,1185
9578,0.273549,1327,363,964
9579,0.187309,1639,307,1332
9586,0.105291,1871,197,1674
9588,0.276792,1409,390,1019
9589,0.289793,1401,406,995
9600,0.208946,1565,327,1238
9608,0.167166,1669,279,1390
9609,0.198925,1488,296,1192
9612,0.227273,1518,345,1173
9619,0.141048,1737,245,1492
9623,0.0982049,1894,186,1708
9626,0.143944,1709,246,1463
9627,0.211694,1488,315,1173
9628,0.188264,1636,308,1328
9635,0.253925,1465,372,1093
9636,0.221541,1467,325,1142
9640,0.239892,1484,356,1128
9676,0.249456,1379,344,1035
9678,0.196417,1563,307,1256
9692,0.28764,1335,384,951
9698,0.165848,1628,270,1358
9699,0.233587,1447,338,1109
9707,0.246799,1406,347,1059
9723,0.0998959,1922,192,1730
9727,0.246429,1400,345,1055
9738,0.195255,1644,321,1323
9746,0.203357,1549,315,1234
9747,0.257223,1419,365,1054
9774,0.232753,1435,334,1101
9784,0.220362,1493,329,1164
9791,0.200254,1573,315,1258
9803,0.261649,1395,365,1030
9811,0.177439,1640,291,1349
9814,0.245065,1469,360,1109
9817,0.194226,1524,296,1228
9819,0.223129,1470,328,1142
9821,0.174545,1650,288,1362
9830,0.254024,1429,363,1066
9835,0.261871,1390,364,1026
9838,0.182416,1672,305,1367
9843,0.236789,1495,354,1141
9849,0.172181,1632,281,1351
9854,0.222222,1584,352,1232
9855,0.222448,1479,329,1150
9871,0.18643,1636,305,1331
9876,0.20603,1592,328,1264
9893,0.14506,1751,254,1497
9894,0.252624,1429,361,1068
9901,0.258041,1399,361,1038
9909,0.25343,1385,351,1034
9910,0.258352,1347,348,999
9911,0.248567,1396,347,1049
9912,0.251524,1312,330,982
9916,0.275574,1437,396,1041
9917,0.261538,1430,374,1056
9919,0.263121,1410,371,1039
9925,0.211938,1491,316,1175
9926,0.233803,1420,332,1088
9931,0.199377,1605,320,1285
9933,0.199867,1501,300,1201
9939,0.269118,1360,366,994
9940,0.218919,1480,324,1156
9942,0.19296,1591,307,1284
9943,0.277434,1294,359,935
9946,0.242156,1466,355,1111
9949,0.286334,1383,396,987
9950,0.251581,1423,358,1065
9953,0.240972,1440,347,1093
9958,0.268841,1380,371,1009
10031,0.279273,1375,384,991
10038,0.249115,1413,352,1061
10039,0.179659,1642,295,1347
10040,0.234013,1423,333,1090
10042,0.211361,1514,320,1194
10062,0.233926,1462,342,1120
10067,0.203472,1440,293,1147
10074,0.225049,1533,345,1188
10080,0.234027,1393,326,1067
10082,0.236752,1453,344,1109
10083,0.202771,1588,322,1266
10090,0.181874,1633,297,1336
10095,0.163037,1699,277,1422
10098,0.240111,1441,346,1095
10103,0.199619,1573,314,1259
10106,0.149452,1733,259,1474
10122,0.0955448,1863,178,1685
10123,0.278917,1366,381,985
3726,0.231815,1471,341,1130
5677,0.293054,1382,405,977
8548,0.198701,1540,306,1234
8551,0.226811,1477,335,1142
9189,0.257899,1361,351,1010
9846,0.172003,1593,274,1319
9975,0.248304,1474,366,1108
9998,0.28347,1337,379,958
10114,0.277213,1378,382,996
10130,0.255666,1412,361,1051
10135,0.274286,1400,384,1016
10151,0.220441,1497,330,1167
10160,0.248951,1430,356,1074
10320,0.277242,1349,374,975
10324,0.276596,1363,377,986
10331,0.199466,1499,299,1200
9961,0.189633,1524,289,1235
9966,0.0990207,1838,182,1656
9973,0.191586,1545,296,1249
9974,0.218661,1404,307,1097
9982,0.106838,1872,200,1672
9990,0.167194,1579,264,1315
9991,0.0944184,1917,181,1736
9994,0.146736,1731,254,1477
9999,0.284157,1376,391,985
10003,0.283115,1374,389,985
10006,0.26632,1348,359,989
10011,0.153143,1750,268,1482
10014,0.226214,1503,340,1163
10017,0.264311,1415,374,1041
10019,0.271923,1357,369,988
10023,0.244227,1429,349,1080
10026,0.210052,1552,326,1226
10030,0.258017,1372,354,1018
10137,0.190387,1602,305,1297
10139,0.260743,1373,358,1015
10143,0.264069,1386,366,1020
10147,0.14345,1687,242,1445
10153,0.215686,1479,319,1160
10155,0.14687,1709,251,1458
10162,0.25825,1394,360,1034
10163,0.247401,1443,357,1086
10171,0.164106,1627,267,1360
10178,0.266759,1447,386,1061
10179,0.239417,1441,345,1096
10187,0.207582,1609,334,1275
10193,0.135257,1767,239,1528
10195,0.236752,1453,344,1109
10197,0.239806,1447,347,1100
10200,0.206585,1549,320,1229
10201,0.281546,1371,386,985
10203,0.250706,1416,355,1061
10204,0.190915,1629,311,1318
10208,0.100858,1864,188,1676
10211,0.235178,1518,357,1161
10212,0.108937,1891,206,1685
10213,0.0949299,1854,176,1678
10216,0.251719,1454,366,1088
10218,0.251009,1486,373,1113
10219,0.182272,1602,292,1310
10224,0.216963,1521,330,1191
10228,0.211009,1526,322,1204
10236,0.218123,1545,337,1208
10244,0.253036,1482,375,1107
10248,0.134286,1750,235,1515
10249,0.199874,1591,318,1273
10252,0.195623,1508,295,1213
10258,0.277206,1360,377,983
10260,0.277162,1353,375,978
10261,0.193853,1692,328,1364
10263,0.273252,1387,379,1008
10270,0.205193,1579,324,1255
10279,0.212838,1480,315,1165
10288,0.245442,1426,350,1076
10290,0.110278,1868,206,1662
10295,0.262427,1368,359,1009
10300,0.222076,1522,338,1184
10303,0.217282,1597,347,1250
10309,0.26912,1386,373,1013
10311,0.23741,1390,330,1060
10319,0.169834,1631,277,1354
10328,0.273536,1349,369,980
10334,0.191168,1653,316,1337
10338,0.14261,1732,247,1485
10339,0.222298,1471,327,1144
10342,0.264368,1479,391,1088
10343,0.268182,1320,354,966
58,0.13933,1701,237,1464
166,0.230153,1499,345,1154
209,0.244056,1430,349,1081
224,0.170956,1632,279,1353
241,0.257655,1339,345,994
272,0.226158,1468,332,1136
274,0.221701,1493,331,1162
300,0.233638,1421,332,1089
313,0.101225,1877,190,1687
346,0.25837,1374,355,1019
375,0.151635,1774,269,1505
376,0.218437,1497,327,1170
402,0.277008,1444,400,1044
406,0.150677,1699,256,1443
459,0.226908,1494,339,1155
465,0.159581,1717,274,1443
473,0.133758,1727,231,1496
486,0.164015,1634,268,1366
80,0.231806,1484,344,1140
105,0.231834,1445,335,1110
295,0.262973,1426,375,1051
461,0.222438,1542,343,1199
795,0.276703,1395,386,1009
804,0.270655,1404,380,1024
1376,0.253868,1422,361,1061
1400,0.25071,1408,353,1055
1441,0.255162,1356,346,1010
1497,0.225893,1483,335,1148
1537,0.209097,1583,331,1252
1770,0.223951,1478,331,1147
1778,0.19172,1570,301,1269
1827,0.0887354,1882,167,1715
2375,0.21992,1496,329,1167
2424,0.230483,1345,310,1035
2440,0.0987328,1894,187,1707
213,0.262341,1418,372,1046
367,0.25,1400,350,1050
407,0.220408,1470,324,1146
446,0.26006,1342,349,993
466,0.166286,1750,291,1459
468,0.241795,1493,361,1132
480,0.232997,1485,346,1139
651,0.290739,1393,405,988
818,0.25694,1405,361,1044
833,0.184936,1633,302,1331
844,0.245675,1445,355,1090
875,0.274832,1339,368,971
909,0.277135,1382,383,999
933,0.209317,1567,328,1239
1007,0.201875,1600,323,1277
1014,0.24,1400,336,1064
1036,0.0877378,1892,166,1726
535,0.265776,1347,358,989
592,0.212021,1514,321,1193
743,0.198304,1533,304,1229
775,0.262009,1374,360,1014
783,0.141026,1716,242,1474
842,0.268091,1451,389,1062
846,0.229221,1540,353,1187
859,0.155633,1722,268,1454
9080,0.254442,1407,358,1049
9378,0.216522,1501,325,1176
9403,0.260334,1379,359,1020
9459,0.192615,1625,313,1312
9517,0.249135,1445,360,1085
9524,0.269737,1368,369,999
10149,0.160826,1598,257,1341
10157,0.270714,1400,379,1021
10182,0.287722,1352,389,963
1121,0.0919724,1881,173,1708
1143,0.231934,1453,337,1116
1175,0.264416,1422,376,1046
1196,0.0917333,1875,172,1703
1204,0.098176,1864,183,1681
1250,0.186103,1655,308,1347
1263,0.256336,1381,354,1027
1274,0.104324,1850,193,1657
1928,0.11504,1895,218,1677
2190,0.234525,1454,341,1113
2213,0.216164,1559,337,1222
2235,0.178218,1616,288,1328
2241,0.177885,1664,296,1368
2299,0.258459,1389,359,1030
2313,0.26652,1362,363,999
2346,0.236824,1461,346,1115
2348,0.214334,1479,317,1162
2398,0.263353,1348,355,993
2532,0.110936,1902,211,1691
2576,0.186305,1621,302,1319
2583,0.103848,1897,197,1700
2596,0.203974,1510,308,1202
2670,0.215385,1495,322,1173
2975,0.27451,1377,378,999
2553,0.24152,1474,356,1118
2577,0.097469,1857,181,1676
2585,0.107048,1887,202,1685
3390,0.2477,1413,350,1063
3710,0.215132,1520,327,1193
3289,0.213702,1591,340,1251
3314,0.227789,1497,341,1156
3349,0.217914,1496,326,1170
3353,0.23765,1498,356,1142
3447,0.21906,1511,331,1180
3481,0.106938,1917,205,1712
3487,0.138031,1717,237,1480
3650,0.174323,1589,277,1312
3477,0.270563,1386,375,1011
3486,0.213924,1580,338,1242
4039,0.188766,1531,289,1242
4054,0.229893,1405,323,1082
4079,0.187135,1539,288,1251
4208,0.170747,1593,272,1321
4224,0.226824,1521,345,1176
4265,0.0924282,1915,177,1738
4289,0.166563,1615,269,1346
4492,0.153174,1717,263,1454
4516,0.166563,1609,268,1341
4885,0.251804,1386,349,1037
4958,0.101184,1858,188,1670
4962,0.193738,1533,297,1236
5014,0.249823,1413,353,1060
5068,0.271324,1360,369,991
5201,0.254786,1358,346,1012
5312,0.248933,1406,350,1056
5426,0.0972002,1893,184,1709
3795,0.173195,1634,283,1351
3820,0.206875,1600,331,1269
3869,0.284279,1393,396,997
3903,0.271041,1402,380,1022
3914,0.250178,1403,351,1052
3983,0.10935,1893,207,1686
3992,0.224727,1375,309,1066
4025,0.192031,1531,294,1237
4066,0.225743,1515,342,1173
4170,0.2534,1397,354,1043
4222,0.105764,1891,200,1691
4315,0.264409,1388,367,1021
4324,0.237391,1487,353,1134
4392,0.0925134,1870,173,1697
4803,0.260042,1419,369,1050
4889,0.254348,1380,351,1029
4975,0.105759,1910,202,1708
5288,0.209993,1481,311,1170
5294,0.217678,1516,330,1186
5345,0.214005,1528,327,1201
5402,0.233537,1473,344,1129
5675,0.21149,1584,335,1249
6644,0.269203,1393,375,1018
6652,0.284321,1333,379,954
6677,0.251073,1398,351,1047
6750,0.175439,1596,280,1316
6912,0.255435,1472,376,1096
7188,0.217923,1473,321,1152
7196,0.275812,1385,382,1003
7599,0.252639,1421,359,1062
7728,0.26937,1381,372,1009
7999,0.101881,1914,195,1719
8507,0.275373,1409,388,1021
8732,0.18484,1504,278,1226
5953,0.245651,1437,353,1084
6603,0.284242,1358,386,972
9008,0.232389,1377,320,1057
10214,0.169109,1638,277,1361
10223,0.153626,1751,269,1482
10287,0.267908,1396,374,1022
744,0.174757,1648,288,1360
1502,0.223666,1462,327,1135
1938,0.0960836,1915,184,1731
1939,0.282107,1386,391,995
1955,0.175845,1598,281,1317
1973,0.149343,1674,250,1424
1978,0.23207,1478,343,1135
1990,0.270036,1385,374,1011
2033,0.217815,1538,335,1203
2075,0.2116,1569,332,1237
2105,0.232811,1469,342,1127
2116,0.25,1332,333,999
2119,0.230254,1494,344,1150
2128,0.248957,1438,358,1080
2134,0.15206,1723,262,1461
2162,0.207474,1552,322,1230
2179,0.260364,1375,358,1017
905,0.252461,1422,359,1063
945,0.256271,1475,378,1097
950,0.279121,1365,381,984
1030,0.264516,1395,369,1026
1083,0.18046,1607,290,1317
1094,0.139718,1775,248,1527
1227,0.21962,1580,347,1233
1282,0.283718,1431,406,1025
1307,0.100317,1894,190,1704
1361,0.145392,1747,254,1493
1454,0.230032,1565,360,1205
1516,0.26142,1423,372,1051
1552,0.178007,1646,293,1353
1582,0.170701,1611,275,1336
1609,0.248525,1356,337,1019
1642,0.212963,1512,322,1190
1799,0.261388,1427,373,1054
1130,0.234043,1410,330,1080
3689,0.248951,1430,356,1074
4428,0.263316,1333,351,982
4432,0.108879,1892,206,1686
4445,0.201692,1537,310,1227
4470,0.26997,1352,365,987
4567,0.130841,1712,224,1488
4579,0.178832,1644,294,1350
4611,0.191958,1542,296,1246
4628,0.276518,1367,378,989
4687,0.22973,1406,323,1083
4695,0.18674,1644,307,1337
4711,0.183082,1655,303,1352
4749,0.22889,1433,328,1105
4765,0.27326,1365,373,992
4768,0.263858,1353,357,996
4783,0.255983,1379,353,1026
2401,0.242829,1499,364,1135
2613,0.17575,1633,287,1346
2620,0.238532,1417,338,1079
2639,0.249097,1385,345,1040
2663,0.259657,1398,363,1035
2672,0.179673,1653,297,1356
2693,0.252677,1401,354,1047
2727,0.249474,1427,356,1071
2744,0.256574,1407,361,1046
2896,0.179472,1666,299,1367
2929,0.209154,1573,329,1244
3046,0.218065,1550,338,1212
3151,0.278366,1322,368,954
3162,0.267361,1440,385,1055
3202,0.275988,1366,377,989
3234,0.205607,1605,330,1275
3488,0.27305,1410,385,1025
3498,0.264275,1366,361,1005
3511,0.240385,1456,350,1106
3536,0.151373,1711,259,1452
3543,0.171393,1622,278,1344
3545,0.290536,1363,396,967
3547,0.252656,1318,333,985
3548,0.276878,1358,376,982
3557,0.261662,1372,359,1013
3595,0.260902,1353,353,1000
3644,0.275887,1381,381,1000
3661,0.292467,1354,396,958
3674,0.24446,1444,353,1091
3682,0.234969,1447,340,1107
3741,0.250733,1364,342,1022
3756,0.25752,1363,351,1012
4538,0.276184,1394,385,1009
4552,0.240372,1506,362,1144
4793,0.230504,1449,334,1115
4854,0.195044,1574,307,1267
5018,0.239101,1468,351,1117
5052,0.237525,1503,357,1146
5061,0.0953595,1961,187,1774
5121,0.196559,1511,297,1214
5171,0.237084,1413,335,1078
5176,0.283309,1366,387,979
5197,0.251034,1450,364,1086
5206,0.246377,1380,340,1040
5223,0.112305,1861,209,1652
5231,0.212324,1493,317,1176
5267,0.147811,1759,260,1499
5301,0.22495,1507,339,1168
5309,0.215124,1534,330,1204
5333,0.205732,1570,323,1247
5356,0.241237,1455,351,1104
5405,0.221925,1496,332,1164
5407,0.222297,1489,331,1158
5431,0.265981,1361,362,999
5435,0.106518,1887,201,1686
5471,0.231557,1464,339,1125
5479,0.243261,1484,361,1123
5637,0.22784,1523,347,1176
5642,0.226516,1501,340,1161
5665,0.274849,1328,365,963
5699,0.22052,1501,331,1170
5743,0.270445,1394,377,1017
5751,0.236198,1431,338,1093
5844,0.0968971,1837,178,1659
5860,0.193277,1547,299,1248
6179,0.264685,1379,365,1014
6180,0.261787,1421,372,1049
6231,0.253807,1379,350,1029
6258,0.265201,1365,362,1003
6274,0.260174,1376,358,1018
6312,0.0964305,1877,181,1696
6332,0.266764,1372,366,1006
6340,0.270463,1405,380,1025
6351,0.278771,1399,390,1009
6376,0.2294,1517,348,1169
6384,0.107797,1911,206,1705
6393,0.225851,1439,325,1114
7756,0.185792,1647,306,1341
7827,0.220805,1490,329,1161
7847,0.0968951,1868,181,1687
7861,0.240441,1360,327,1033
7867,0.270632,1345,364,981
7932,0.109244,1904,208,1696
7935,0.258935,1371,355,1016
7949,0.209948,1548,325,1223
8092,0.271605,1377,374,1003
8120,0.197989,1591,315,1276
8144,0.198871,1594,317,1277
8177,0.1881,1563,294,1269
8185,0.145255,1728,251,1477
10070,0.244554,1423,348,1075
10075,0.274804,1401,385,1016
10164,0.231666,1459,338,1121
10220,0.213687,1432,306,1126
4753,0.133214,1674,223,1451
5260,0.237705,1464,348,1116
5326,0.210354,1526,321,1205
5467,0.174447,1628,284,1344
5589,0.2646,1387,367,1020
5650,0.277091,1375,381,994
5662,0.202719,1618,328,1290
5666,0.150253,1777,267,1510
5825,0.205112,1565,321,1244
5832,0.272451,1314,358,956
5847,0.253064,1387,351,1036
5910,0.237061,1565,371,1194
5915,0.150669,1719,259,1460
5992,0.22035,1543,340,1203
6013,0.246955,1478,365,1113
6150,0.219661,1475,324,1151
6170,0.210997,1564,330,1234
5390,0.282012,1312,370,942
5593,0.264317,1362,360,1002
5980,0.205523,1557,320,1237
6043,0.248971,1458,363,1095
6207,0.141769,1707,242,1465
6253,0.249105,1397,348,1049
6361,0.242642,1393,338,1055
6482,0.266082,1368,364,1004
6560,0.112729,1854,209,1645
6585,0.224377,1444,324,1120
6596,0.27266,1346,367,979
6643,0.24858,1408,350,1058
6653,0.202783,1509,306,1203
6659,0.239028,1481,354,1127
6676,0.175709,1622,285,1337
6691,0.14977,1736,260,1476
6701,0.261784,1379,361,1018
6708,0.179838,1607,289,1318
6722,0.0957834,1921,184,1737
6737,0.259569,1437,373,1064
6767,0.230877,1425,329,1096
6786,0.244624,1488,364,1124
6802,0.154108,1765,272,1493
6824,0.108351,1892,205,1687
6865,0.234198,1503,352,1151
6888,0.255983,1379,353,1026
6891,0.236111,1440,340,1100
6953,0.100425,1882,189,1693
6956,0.215173,1529,329,1200
6970,0.233137,1527,356,1171
6994,0.261654,1330,348,982
6999,0.276945,1401,388,1013
8022,0.227729,1493,340,1153
8066,0.21981,1474,324,1150
8074,0.263305,1428,376,1052
7056,0.178224,1644,293,1351
7099,0.272856,1411,385,1026
7105,0.237179,1404,333,1071
7120,0.136023,1735,236,1499
7142,0.208784,1480,309,1171
7192,0.210127,1580,332,1248
7210,0.256677,1348,346,1002
7423,0.240189,1478,355,1123
8326,0.256299,1389,356,1033
8348,0.104366,1878,196,1682
8363,0.182371,1645,300,1345
8367,0.104932,1906,200,1706
8389,0.0999471,1891,189,1702
8399,0.0947255,1858,176,1682
8405,0.262853,1381,363,1018
8412,0.278665,1378,384,994
8446,0.102564,1872,192,1680
8447,0.239465,1495,358,1137
8449,0.205096,1570,322,1248
7159,0.186624,1570,293,1277
7160,0.190093,1615,307,1308
7168,0.249324,1480,369,1111
7190,0.0997854,1864,186,1678
7193,0.231333,1500,347,1153
7211,0.246408,1392,343,1049
7348,0.263623,1358,358,1000
7369,0.289375,1327,384,943
7484,0.229758,1445,332,1113
7506,0.143347,1751,251,1500
7564,0.241237,1455,351,1104
7742,0.290087,1372,398,974
7783,0.148348,1665,247,1418
7871,0.269313,1411,380,1031
7979,0.204016,1544,315,1229
7987,0.136,1750,238,1512
7988,0.25,1428,357,1071
7262,0.225784,1466,331,1135
7284,0.244186,1462,357,1105
7331,0.289057,1325,383,942
7354,0.197704,1568,310,1258
7374,0.269461,1336,360,976
7422,0.239653,1498,359,1139
7446,0.234015,1517,355,1162
7461,0.193117,1569,303,1266
7473,0.262904,1453,382,1071
7477,0.15442,1742,269,1473
7490,0.211344,1481,313,1168
7518,0.105096,1884,198,1686
7611,0.213333,1575,336,1239
7614,0.154921,1717,266,1451
7638,0.253201,1406,356,1050
7662,0.236313,1443,341,1102
7740,0.271577,1344,365,979
8471,0.276065,1362,376,986
8479,0.145497,1732,252,1480
8503,0.237276,1395,331,1064
8518,0.299427,1396,418,978
8535,0.233898,1475,345,1130
8543,0.217855,1501,327,1174
8546,0.267361,1440,385,1055
8597,0.269747,1342,362,980
8620,0.169325,1630,276,1354
8630,0.261221,1359,355,1004
8647,0.250515,1457,365,1092
8680,0.144259,1733,250,1483
8777,0.276657,1388,384,1004
8800,0.242361,1440,349,1091
8831,0.205453,1577,324,1253
8973,0.174804,1659,290,1369
8933,0.207237,1520,315,1205
9038,0.267992,1459,391,1068
9089,0.226824,1521,345,1176
9108,0.267026,1483,396,1087
9112,0.189068,1555,294,1261
9118,0.249462,1395,348,1047
9131,0.227304,1465,333,1132
9165,0.257225,1384,356,1028
9264,0.278373,1401,390,1011
9267,0.185073,1648,305,1343
9281,0.223594,1458,326,1132
9297,0.199745,1567,313,1254
9299,0.185599,1611,299,1312
9305,0.246508,1432,353,1079
9494,0.108741,1922,209,1713
9685,0.163739,1594,261,1333
9735,0.0996329,1907,190,1717
9891,0.212551,1482,315,1167
9332,0.206649,1534,317,1217
9377,0.102442,1884,193,1691
9563,0.132988,1737,231,1506
9596,0.238304,1368,326,1042
9614,0.239501,1524,365,1159
9639,0.177361,1652,293,1359
9644,0.164505,1696,279,1417
9706,0.177379,1618,287,1331
9718,0.247751,1445,358,1087
9764,0.222071,1468,326,1142
9795,0.101944,1903,194,1709
9799,0.259098,1374,356,1018
9829,0.135135,1739,235,1504
9907,0.162078,1598,259,1339
9915,0.184129,1613,297,1316
9924,0.169686,1656,281,1375
9947,0.168389,1645,277,1368
9978,0.189644,1603,304,1299
9981,0.181191,1595,289,1306
10054,0.148641,1729,257,1472
1042,0.0868435,1923,167,1756
7886,0.239024,1435,343,1092
9085,0.133949,1732,232,1500
9151,0.266667,1335,356,979
9216,0.197057,1563,308,1255
9240,0.214712,1509,324,1185
9580,0.22185,1492,331,1161
9705,0.256669,1387,356,1031
9840,0.251437,1392,350,1042
9937,0.141613,1723,244,1479
9967,0.181258,1622,294,1328
10005,0.270597,1408,381,1027
10121,0.212063,1575,334,1241
10124,0.250357,1402,351,1051
10140,0.263543,1366,360,1006
10156,0.228175,1512,345,1167
10185,0.279539,1388,388,1000
10194,0.297177,1346,400,946
6027,0.191984,1547,297,1250
6242,0.270036,1385,374,1011
7103,0.254015,1370,348,1022
8557,0.143019,1769,253,1516
8662,0.25641,1365,350,1015
9601,0.266869,1319,352,967
6083,0.249473,1423,355,1068
6573,0.275862,1363,376,987
8114,0.168902,1640,277,1363
9488,0.241473,1466,354,1112
9900,0.239369,1458,349,1109
9985,0.0948787,1855,176,1679
10110,0.110524,1891,209,1682
10210,0.140058,1735,243,1492
5949,0.156613,1724,270,1454
6284,0.273479,1331,364,967
6782,0.18285,1586,290,1296
7102,0.275341,1391,383,1008
7250,0.181647,1591,289,1302
7378,0.167183,1615,270,1345
7561,0.233546,1413,330,1083
7902,0.239465,1495,358,1137
8287,0.195692,1625,318,1307
8388,0.106549,1924,205,1719
8421,0.301091,1375,414,961
8751,0.0962254,1881,181,1700
9265,0.104707,1891,198,1693
9359,0.142105,1710,243,1467
9897,0.274566,1384,380,1004
10036,0.260359,1448,377,1071
7433,0.267806,1404,376,1028
7858,0.198568,1536,305,1231
4114,0.145413,1733,252,1481
7471,0.238705,1483,354,1129
7653,0.213033,1596,340,1256
8663,0.211118,1511,319,1192
9547,0.148446,1738,258,1480
9739,0.179187,1624,291,1333
10332,0.266252,1446,385,1061
17,0.238253,1511,360,1151
66,0.252987,1423,360,1063
176,0.0922587,1886,174,1712
177,0.239255,1396,334,1062
181,0.250704,1420,356,1064
245,0.249302,1432,357,1075
305,0.154386,1710,264,1446
314,0.0947712,1836,174,1662
333,0.232119,1482,344,1138
334,0.172285,1602,276,1326
489,0.25,1440,360,1080
493,0.259444,1403,364,1039
540,0.219707,1502,330,1172
544,0.0884244,1866,165,1701
557,0.142276,1722,245,1477
559,0.100317,1894,190,1704
577,0.261561,1384,362,1022
629,0.232167,1486,345,1141
646,0.230057,1404,323,1081
40,0.106052,1867,198,1669
63,0.232868,1503,350,1153
79,0.163804,1630,267,1363
125,0.102686,1899,195,1704
129,0.134805,1721,232,1489
152,0.268755,1373,369,1004
165,0.192893,1576,304,1272
190,0.144852,1719,249,1470
214,0.199743,1557,311,1246
222,0.242574,1414,343,1071
230,0.220395,1520,335,1185
271,0.285201,1392,397,995
291,0.153488,1720,264,1456
299,0.135574,1726,234,1492
340,0.185319,1662,308,1354
348,0.195013,1564,305,1259
380,0.315946,1342,424,918
421,0.0961437,1893,182,1711
429,0.247794,1360,337,1023
453,0.244399,1473,360,1113
477,0.16988,1660,282,1378
502,0.236667,1500,355,1145
698,0.282494,1331,376,955
787,0.255182,1399,357,1042
1429,0.201429,1539,310,1229
1465,0.272993,1370,374,996
1481,0.151856,1778,270,1508
1542,0.150346,1736,261,1475
694,0.236016,1466,346,1120
716,0.263583,1362,359,1003
727,0.20979,1573,330,1243
735,0.195199,1583,309,1274
856,0.256354,1377,353,1024
858,0.209677,1550,325,1225
9345,0.23268,1530,356,1174
10044,0.268461,1449,389,1060
10102,0.240972,1440,347,1093
10132,0.145785,1708,249,1459
10133,0.152504,1777,271,1506
10190,0.236752,1453,344,1109
10198,0.244652,1496,366,1130
10206,0.281679,1310,369,941
10256,0.237251,1353,321,1032
10264,0.235129,1429,336,1093
1445,0.213542,1536,328,1208
1802,0.250912,1371,344,1027
1859,0.22442,1466,329,1137
2010,0.207598,1474,306,1168
2400,0.219321,1532,336,1196
2456,0.20339,1593,324,1269
2463,0.176044,1653,291,1362
2536,0.235417,1440,339,1101
2601,0.260086,1388,361,1027
2675,0.144828,1740,252,1488
2683,0.106739,1855,198,1657
2707,0.26204,1412,370,1042
2748,0.217627,1475,321,1154
2764,0.200629,1590,319,1271
2788,0.255187,1446,369,1077
2796,0.228202,1468,335,1133
3421,0.236769,1436,340,1096
3542,0.164342,1649,271,1378
3686,0.230932,1416,327,1089
3694,0.262731,1355,356,999
3702,0.251114,1346,338,1008
3824,0.225741,1484,335,1149
3840,0.28355,1386,393,993
3988,0.103708,1861,193,1668
4015,0.269751,1405,379,1026
4023,0.187661,1556,292,1264
4031,0.262748,1412,371,1041
4055,0.226818,1499,340,1159
4088,0.257997,1438,371,1067
4161,0.212793,1579,336,1243
4168,0.108916,1873,204,1669
4273,0.19536,1638,320,1318
4322,0.233509,1516,354,1162
4072,0.181217,1512,274,1238
4354,0.254786,1358,346,1012
4368,0.102321,1896,194,1702
4378,0.169451,1676,284,1392
4385,0.22905,1432,328,1104
4443,0.179803,1624,292,1332
4459,0.259945,1458,379,1079
4565,0.267425,1406,376,1030
4893,0.174072,1643,286,1357
4970,0.106895,1871,200,1671
5006,0.262647,1443,379,1064
5023,0.10255,1882,193,1689
5193,0.150857,1750,264,1486
5217,0.160529,1738,279,1459
5250,0.198871,1594,317,1277
5278,0.136469,1722,235,1487
5296,0.234234,1443,338,1105
5353,0.213359,1542,329,1213
5393,0.290226,1330,386,944
5329,0.293266,1381,405,976
6741,0.238397,1422,339,1083
6773,0.212202,1508,320,1188
6781,0.255564,1393,356,1037
6847,0.17386,1645,286,1359
6894,0.248905,1370,341,1029
6975,0.229702,1441,331,1110
7000,0.0926024,1879,174,1705
7003,0.272727,1386,378,1008
7012,0.194408,1538,299,1239
7018,0.275109,1374,378,996
7028,0.0949062,1865,177,1688
7082,0.232526,1445,336,1109
7090,0.162195,1640,266,1374
8021,0.283933,1363,387,976
8361,0.279753,1294,362,932
8369,0.16435,1655,272,1383
8434,0.220246,1462,322,1140
5418,0.20723,1549,321,1228
6040,0.139735,1739,243,1496
6123,0.278545,1375,383,992
6131,0.246886,1365,337,1028
6137,0.17596,1614,284,1330
6149,0.203791,1477,301,1176
7001,0.2823,1339,378,961
7179,0.205144,1594,327,1267
7449,0.144852,1719,249,1470
7704,0.26952,1332,359,973
7720,0.273188,1380,377,1003
7975,0.257426,1414,364,1050
7998,0.264137,1344,355,989
8837,0.297134,1326,394,932
8939,0.252654,1413,357,1056
9007,0.242282,1490,361,1129
9014,0.219079,1520,333,1187
9034,0.252212,1356,342,1014
9050,0.217881,1510,329,1181
9072,0.137199,1742,239,1503
9081,0.234864,1503,353,1150
9344,0.226391,1546,350,1196
8475,0.140861,1718,242,1476
8610,0.107659,1867,201,1666
8626,0.25242,1446,365,1081
8700,0.214144,1513,324,1189
8715,0.210349,1488,313,1175
9369,0.284593,1402,399,1003
9387,0.155422,1660,258,1402
9395,0.0996271,1877,187,1690
9444,0.209969,1605,337,1268
9468,0.145216,1756,255,1501
9566,0.250704,1420,356,1064
328,0.148148,1782,264,1518
377,0.237533,1524,362,1162
401,0.145382,1754,255,1499
491,0.147998,1723,255,1468
498,0.227907,1505,343,1162
572,0.26682,1308,349,959
587,0.213267,1613,344,1269
627,0.264334,1343,355,988
684,0.273792,1366,374,992
695,0.256447,1396,358,1038
715,0.263158,1387,365,1022
724,0.218194,1462,319,1143
760,0.147108,1781,262,1519
770,0.1764,1661,293,1368
773,0.280325,1352,379,973
811,0.266277,1367,364,1003
829,0.201065,1502,302,1200
851,0.199121,1592,317,1275
865,0.202419,1571,318,1253
876,0.0963231,1931,186,1745
893,0.222297,1480,329,1151
900,0.218555,1606,351,1255
938,0.200857,1633,328,1305
940,0.221584,1566,347,1219
956,0.256669,1387,356,1031
981,0.29078,1410,410,1000
997,0.0980496,1897,186,1711
1039,0.150803,1744,263,1481
1060,0.283146,1335,378,957
1064,0.203185,1570,319,1251
1088,0.294806,1367,403,964
1188,0.178887,1582,283,1299
1252,0.238446,1493,356,1137
1356,0.220222,1444,318,1126
1358,0.219925,1596,351,1245
1374,0.145171,1729,251,1478
906,0.261161,1344,351,993
1020,0.27551,1372,378,994
1044,0.261022,1429,373,1056
1097,0.212329,1460,310,1150
1136,0.245171,1346,330,1016
1146,0.185006,1654,306,1348
1208,0.254348,1380,351,1029
1224,0.154715,1771,274,1497
1230,0.247922,1444,358,1086
1254,0.145774,1763,257,1506
1273,0.199214,1526,304,1222
1332,0.20592,1554,320,1234
1353,0.141438,1711,242,1469
1365,0.222791,1562,348,1214
1370,0.265033,1347,357,990
1478,0.211888,1430,303,1127
1498,0.26652,1362,363,999
1461,0.279789,1326,371,955
1495,0.133411,1709,228,1481
1592,0.236339,1464,346,1118
1600,0.184874,1666,308,1358
1605,0.235253,1441,339,1102
1622,0.266129,1364,363,1001
1624,0.17775,1609,286,1323
1665,0.271148,1324,359,965
1689,0.230559,1466,338,1128
1711,0.266762,1402,374,1028
1743,0.226516,1501,340,1161
1522,0.25931,1450,376,1074
1544,0.245105,1379,338,1041
1578,0.213775,1539,329,1210
1588,0.253863,1359,345,1014
1629,0.208528,1501,313,1188
1639,0.147291,1772,261,1511
1659,0.284234,1351,384,967
1688,0.259159,1474,382,1092
1698,0.258136,1352,349,1003
1717,0.141084,1772,250,1522
1728,0.1,1900,190,1710
1741,0.2403,1469,353,1116
1781,0.256204,1370,351,1019
1789,0.175396,1642,288,1354
1805,0.245675,1445,355,1090
1814,0.177832,1642,292,1350
1821,0.21395,1491,319,1172
1910,0.232345,1416,329,1087
1945,0.267616,1334,357,977
1994,0.265379,1398,371,1027
2039,0.237084,1413,335,1078
2092,0.23445,1463,343,1120
2104,0.184729,1624,300,1324
2118,0.10343,1837,190,1647
2152,0.149399,1747,261,1486
2192,0.182237,1520,277,1243
2232,0.149543,1752,262,1490
2252,0.175417,1619,284,1335
2258,0.0946653,1912,181,1731
2288,0.272462,1369,373,996
2289,0.267606,1349,361,988
2292,0.188396,1534,289,1245
2349,0.179424,1633,293,1340
1964,0.104123,1892,197,1695
1977,0.198811,1514,301,1213
1985,0.251397,1432,360,1072
1989,0.271715,1347,366,981
2012,0.109839,1921,211,1710
2020,0.252562,1366,345,1021
2034,0.143436,1729,248,1481
2096,0.256246,1401,359,1042
2108,0.242848,1503,365,1138
2131,0.200627,1595,320,1275
2156,0.22692,1419,322,1097
2157,0.238538,1505,359,1146
2174,0.234594,1428,335,1093
2188,0.263456,1412,372,1040
2212,0.226441,1475,334,1141
2214,0.262753,1431,376,1055
2247,0.16858,1655,279,1376
2281,0.267062,1348,360,988
2301,0.15038,1709,257,1452
2331,0.105769,1872,198,1674
2356,0.248439,1441,358,1083
2385,0.151672,1734,263,1471
2515,0.142272,1708,243,1465
2516,0.206146,1562,322,1240
2523,0.265,1400,371,1029
2525,0.128235,1700,218,1482
2629,0.267425,1406,376,1030
2669,0.220954,1489,329,1160
2777,0.226046,1482,335,1147
2799,0.100268,1865,187,1678
2803,0.15454,1663,257,1406
2829,0.260204,1372,357,1015
2862,0.137852,1741,240,1501
2868,0.198983,1573,313,1260
2977,0.187117,1630,305,1325
3018,0.295743,1339,396,943
2919,0.261871,1390,364,1026
2927,0.249443,1347,336,1011
2952,0.204993,1522,312,1210
2979,0.152074,1736,264,1472
3051,0.148148,1728,256,1472
3083,0.204913,1547,317,1230
3100,0.262319,1380,362,1018
3133,0.234321,1451,340,1111
3149,0.256618,1360,349,1011
3157,0.237395,1428,339,1089
3203,0.275691,1411,389,1022
3245,0.176542,1637,289,1348
3273,0.155383,1802,280,1522
3282,0.242294,1395,338,1057
3292,0.202524,1585,321,1264
3363,0.247839,1388,344,1044
3551,0.239675,1477,354,1123
3026,0.280088,1371,384,987
3031,0.2542,1369,348,1021
3064,0.268589,1318,354,964
3072,0.2534,1397,354,1043
3091,0.254001,1437,365,1072
3105,0.278618,1389,387,1002
3127,0.229822,1462,336,1126
3217,0.156395,1720,269,1451
3259,0.253628,1447,367,1080
3307,0.199874,1586,317,1269
3315,0.0995236,1889,188,1701
3660,0.278725,1349,376,973
3750,0.13226,1739,230,1509
3855,0.176078,1647,290,1357
3953,0.106557,1830,195,1635
3970,0.22268,1455,324,1131
4264,0.24929,1408,351,1057
4326,0.25811,1418,366,1052
4266,0.239653,1498,359,1139
4271,0.211525,1475,312,1163
4299,0.170898,1615,276,1339
4311,0.256338,1420,364,1056
4327,0.280932,1374,386,988
4377,0.0848261,1898,161,1737
4383,0.104343,1888,197,1691
4621,0.211462,1518,321,1197
4693,0.168224,1605,270,1335
4800,0.185706,1637,304,1333
4905,0.100212,1886,189,1697
5032,0.215473,1564,337,1227
5130,0.235901,1454,343,1111
5159,0.103233,1918,198,1720
5165,0.144489,1751,253,1498
5166,0.230667,1500,346,1154
5167,0.228797,1521,348,1173
5170,0.10433,1917,200,1717
5270,0.231682,1433,332,1101
