9910,1,166,166,0
9911,1,196,196,0
9912,1,217,217,0
9913,1,189,189,0
9914,1,230,230,0
9915,1,184,184,0
9916,1,240,240,0
9917,1,192,192,0
9918,1,81,81,0
13231,1,187,187,0
13232,1,180,180,0
13233,1,208,208,0
13234,1,215,215,0
13235,1,192,192,0
13236,1,159,159,0
13237,1,173,173,0
13238,1,183,183,0
13239,1,84,84,0
13249,1,183,183,0
13250,1,214,214,0
13251,1,254,254,0
13252,1,180,180,0
13253,1,196,196,0
13254,1,200,200,0
13255,1,259,259,0
13256,1,198,198,0
13257,1,109,109,0
13474,1,186,186,0
13475,1,224,224,0
13476,1,226,226,0
13477,1,231,231,0
13478,1,174,174,0
13479,1,175,175,0
13480,1,223,223,0
13481,1,158,158,0
13482,1,80,80,0
21169,1,161,161,0
21170,1,232,232,0
21171,1,200,200,0
21172,1,174,174,0
21173,1,189,189,0
21174,1,204,204,0
21175,1,198,198,0
21176,1,212,212,0
21177,1,98,98,0
22546,1,184,184,0
22547,1,173,173,0
22548,1,197,197,0
22549,1,234,234,0
22550,1,214,214,0
22551,1,212,212,0
22552,1,181,181,0
22553,1,243,243,0
22554,1,105,105,0
31447,1,165,165,0
31448,1,158,158,0
31449,1,178,178,0
31450,1,167,167,0
31451,1,210,210,0
31452,1,151,151,0
31453,1,179,179,0
31454,1,179,179,0
31455,1,82,82,0
34084,1,197,197,0
34085,1,173,173,0
34086,1,182,182,0
34087,1,164,164,0
34088,1,167,167,0
34089,1,225,225,0
34090,1,197,197,0
34091,1,181,181,0
34092,1,105,105,0
34201,1,225,225,0
34202,1,172,172,0
34203,1,160,160,0
34204,1,188,188,0
34205,1,179,179,0
34206,1,162,162,0
34207,1,189,189,0
34208,1,187,187,0
34209,1,104,104,0
34291,1,192,192,0
34292,1,174,174,0
34293,1,148,148,0
34294,1,218,218,0
34295,1,215,215,0
34296,1,170,170,0
34297,1,209,209,0
34298,1,229,229,0
34299,1,77,77,0
34741,1,168,168,0
34742,1,164,164,0
34743,1,189,189,0
34744,1,169,169,0
34745,1,238,238,0
34746,1,201,201,0
34747,1,189,189,0
34748,1,169,169,0
34749,1,89,89,0
36892,1,211,211,0
36893,1,170,170,0
36894,1,202,202,0
36895,1,174,174,0
36896,1,181,181,0
36897,1,181,181,0
36898,1,246,246,0
36899,1,248,248,0
36900,1,98,98,0
38287,1,231,231,0
38288,1,273,273,0
38289,1,162,162,0
38290,1,230,230,0
38291,1,178,178,0
38292,1,175,175,0
38293,1,174,174,0
38294,1,154,154,0
38295,1,96,96,0
49078,1,208,208,0
49079,1,230,230,0
49080,1,181,181,0
49081,1,190,190,0
49082,1,246,246,0
49083,1,180,180,0
49084,1,165,165,0
49085,1,232,232,0
49086,1,92,92,0
49762,1,195,195,0
49763,1,168,168,0
49764,1,207,207,0
49765,1,191,191,0
49766,1,195,195,0
49767,1,230,230,0
49768,1,222,222,0
49769,1,186,186,0
49770,1,106,106,0
50419,1,165,165,0
50420,1,234,234,0
50421,1,170,170,0
50422,1,255,255,0
50423,1,199,199,0
50424,1,185,185,0
50425,1,173,173,0
50426,1,177,177,0
50427,1,114,114,0
58636,1,163,163,0
58637,1,235,235,0
58638,1,185,185,0
58639,1,194,194,0
58640,1,255,255,0
58641,1,176,176,0
58642,1,175,175,0
58643,1,189,189,0
58644,1,119,119,0
59212,1,243,243,0
59213,1,187,187,0
59214,1,218,218,0
12880,1,176,176,0
12881,1,224,224,0
12882,1,201,201,0
12883,1,209,209,0
12884,1,210,210,0
12885,1,185,185,0
12886,1,238,238,0
12887,1,174,174,0
12888,1,108,108,0
13366,1,160,160,0
13367,1,179,179,0
13368,1,235,235,0
13369,1,183,183,0
13370,1,211,211,0
13371,1,222,222,0
13372,1,200,200,0
13373,1,213,213,0
13374,1,106,106,0
13393,1,196,196,0
13394,1,175,175,0
13395,1,213,213,0
13396,1,214,214,0
13397,1,239,239,0
13398,1,209,209,0
13399,1,187,187,0
13400,1,160,160,0
13401,1,113,113,0
13672,1,200,200,0
13673,1,182,182,0
13674,1,164,164,0
13675,1,171,171,0
13676,1,189,189,0
13677,1,163,163,0
13678,1,165,165,0
13679,1,175,175,0
13680,1,120,120,0
15967,1,183,183,0
15968,1,203,203,0
15969,1,186,186,0
15970,1,185,185,0
15971,1,210,210,0
15972,1,187,187,0
15973,1,177,177,0
15974,1,245,245,0
15975,1,106,106,0
22528,1,222,222,0
22529,1,233,233,0
22530,1,168,168,0
22531,1,214,214,0
22532,1,163,163,0
22533,1,159,159,0
22534,1,184,184,0
22535,1,201,201,0
22536,1,96,96,0
30196,1,161,161,0
30197,1,263,263,0
30198,1,184,184,0
30199,1,207,207,0
30200,1,187,187,0
30201,1,238,238,0
30202,1,196,196,0
30203,1,158,158,0
30204,1,116,116,0
33967,1,181,181,0
33968,1,215,215,0
33969,1,203,203,0
33970,1,225,225,0
33971,1,246,246,0
33972,1,215,215,0
33973,1,181,181,0
33974,1,171,171,0
33975,1,101,101,0
34336,1,233,233,0
34337,1,226,226,0
34338,1,151,151,0
34339,1,190,190,0
34340,1,263,263,0
34341,1,171,171,0
34342,1,195,195,0
34343,1,156,156,0
34344,1,111,111,0
34579,1,235,235,0
34580,1,211,211,0
34581,1,182,182,0
34582,1,183,183,0
34583,1,208,208,0
34584,1,225,225,0
34585,1,160,160,0
34586,1,198,198,0
34587,1,124,124,0
45532,1,224,224,0
45533,1,200,200,0
45534,1,183,183,0
45535,1,211,211,0
45536,1,190,190,0
45537,1,163,163,0
45538,1,172,172,0
45539,1,206,206,0
45540,1,87,87,0
46909,1,259,259,0
46910,1,232,232,0
46911,1,209,209,0
46912,1,166,166,0
46913,1,175,175,0
46914,1,213,213,0
46915,1,154,154,0
46916,1,163,163,0
46917,1,90,90,0
49843,1,235,235,0
49844,1,217,217,0
49845,1,266,266,0
49846,1,149,149,0
49847,1,239,239,0
49848,1,187,187,0
49849,1,174,174,0
49850,1,182,182,0
49851,1,106,106,0
50275,1,204,204,0
50276,1,203,203,0
50277,1,198,198,0
50278,1,215,215,0
50279,1,150,150,0
50280,1,187,187,0
50281,1,195,195,0
50282,1,242,242,0
50283,1,126,126,0
50617,1,252,252,0
50618,1,186,186,0
50619,1,199,199,0
50620,1,218,218,0
50621,1,208,208,0
50622,1,243,243,0
50623,1,205,205,0
50624,1,187,187,0
50625,1,87,87,0
52732,1,187,187,0
52733,1,242,242,0
52734,1,175,175,0
52735,1,212,212,0
52736,1,217,217,0
52737,1,169,169,0
52738,1,168,168,0
52739,1,221,221,0
52740,1,96,96,0
53848,1,254,254,0
53849,1,217,217,0
53850,1,155,155,0
53851,1,205,205,0
53852,1,202,202,0
53853,1,201,201,0
53854,1,191,191,0
53856,1,96,96,0
12979,1,245,245,0
12980,1,201,201,0
12981,1,159,159,0
12982,1,173,173,0
12983,1,185,185,0
12984,1,165,165,0
12985,1,165,165,0
12986,1,174,174,0
12987,1,114,114,0
12997,1,203,203,0
12998,1,199,199,0
12999,1,176,176,0
13000,1,201,201,0
13001,1,189,189,0
13002,1,174,174,0
13003,1,182,182,0
13004,1,163,163,0
13005,1,84,84,0
14302,1,172,172,0
14303,1,229,229,0
14304,1,203,203,0
14305,1,175,175,0
14306,1,248,248,0
14307,1,167,167,0
14308,1,209,209,0
14309,1,218,218,0
14310,1,82,82,0
16750,1,257,257,0
16751,1,174,174,0
16752,1,211,211,0
16753,1,257,257,0
16754,1,187,187,0
16755,1,203,203,0
16756,1,178,178,0
16757,1,206,206,0
16758,1,102,102,0
20566,1,174,174,0
20567,1,251,251,0
20568,1,202,202,0
20569,1,205,205,0
20570,1,166,166,0
20571,1,247,247,0
20572,1,221,221,0
20573,1,180,180,0
20574,1,115,115,0
21025,1,153,153,0
21026,1,170,170,0
21027,1,141,141,0
21028,1,185,185,0
21029,1,180,180,0
21030,1,220,220,0
21031,1,171,171,0
21032,1,175,175,0
21033,1,81,81,0
22645,1,214,214,0
22646,1,248,248,0
22647,1,198,198,0
22648,1,171,171,0
22649,1,207,207,0
22650,1,162,162,0
22651,1,238,238,0
22652,1,175,175,0
22653,1,90,90,0
26659,1,198,198,0
26660,1,190,190,0
26661,1,236,236,0
26662,1,263,263,0
26663,1,192,192,0
26664,1,186,186,0
26665,1,179,179,0
26666,1,200,200,0
26667,1,86,86,0
34813,1,230,230,0
34814,1,197,197,0
34815,1,218,218,0
34816,1,250,250,0
34817,1,160,160,0
34818,1,218,218,0
34819,1,190,190,0
34820,1,192,192,0
34821,1,83,83,0
44839,1,176,176,0
44840,1,188,188,0
44841,1,213,213,0
44842,1,226,226,0
44843,1,200,200,0
44844,1,221,221,0
44845,1,248,248,0
44846,1,230,230,0
44847,1,89,89,0
50302,1,165,165,0
50303,1,259,259,0
50304,1,231,231,0
50305,1,181,181,0
50306,1,240,240,0
50307,1,164,164,0
50308,1,240,240,0
50309,1,199,199,0
50310,1,86,86,0
50320,1,249,249,0
50321,1,178,178,0
50322,1,245,245,0
50323,1,190,190,0
50324,1,241,241,0
50325,1,177,177,0
50326,1,246,246,0
50327,1,177,177,0
50328,1,87,87,0
50446,1,134,134,0
50447,1,186,186,0
50448,1,174,174,0
50449,1,177,177,0
50450,1,162,162,0
50451,1,156,156,0
50452,1,175,175,0
50453,1,213,213,0
50454,1,86,86,0
57115,1,203,203,0
57116,1,211,211,0
57117,1,223,223,0
57118,1,162,162,0
57119,1,196,196,0
57120,1,233,233,0
57121,1,198,198,0
57122,1,203,203,0
57123,1,83,83,0
57430,1,169,169,0
57431,1,164,164,0
57432,1,191,191,0
57433,1,172,172,0
57434,1,190,190,0
57435,1,198,198,0
57436,1,267,267,0
57437,1,173,173,0
57438,1,100,100,0
59041,1,210,210,0
59042,1,263,263,0
59043,1,195,195,0
59044,1,200,200,0
59045,1,181,181,0
59046,1,190,190,0
59047,1,190,190,0
59048,1,198,198,0
59049,1,92,92,0
61138,1,221,221,0
61139,1,211,211,0
61140,1,189,189,0
61141,1,191,191,0
61142,1,227,227,0
61143,1,226,226,0
61144,1,201,201,0
61145,1,173,173,0
61146,1,74,74,0
61282,1,165,165,0
13042,1,194,194,0
13043,1,204,204,0
13044,1,204,204,0
13045,1,212,212,0
13046,1,214,214,0
13047,1,174,174,0
13048,1,176,176,0
13049,1,221,221,0
13050,1,91,91,0
13285,1,243,243,0
13286,1,182,182,0
13287,1,257,257,0
13288,1,217,217,0
13289,1,273,273,0
13290,1,164,164,0
13291,1,188,188,0
13292,1,176,176,0
13293,1,116,116,0
20503,1,240,240,0
20504,1,182,182,0
20505,1,189,189,0
20506,1,235,235,0
20507,1,167,167,0
20508,1,178,178,0
20509,1,258,258,0
20510,1,200,200,0
20511,1,121,121,0
22411,1,213,213,0
22412,1,170,170,0
22413,1,221,221,0
22414,1,200,200,0
22415,1,234,234,0
22416,1,179,179,0
22417,1,182,182,0
22418,1,196,196,0
22419,1,125,125,0
34057,1,200,200,0
34058,1,170,170,0
34059,1,175,175,0
34060,1,230,230,0
34061,1,247,247,0
34062,1,230,230,0
34063,1,166,166,0
34064,1,154,154,0
34065,1,92,92,0
34156,1,239,239,0
34157,1,218,218,0
34158,1,199,199,0
34159,1,170,170,0
34160,1,215,215,0
34161,1,168,168,0
34162,1,196,196,0
34163,1,257,257,0
34164,1,106,106,0
34381,1,199,199,0
34382,1,176,176,0
34383,1,262,262,0
34384,1,210,210,0
34385,1,237,237,0
34386,1,170,170,0
34387,1,221,221,0
34388,1,169,169,0
34389,1,86,86,0
34759,1,227,227,0
34760,1,156,156,0
34761,1,197,197,0
34762,1,221,221,0
34763,1,167,167,0
34764,1,177,177,0
34765,1,171,171,0
34766,1,224,224,0
34767,1,95,95,0
34795,1,196,196,0
34796,1,185,185,0
34797,1,242,242,0
34798,1,242,242,0
34799,1,226,226,0
34800,1,252,252,0
34801,1,161,161,0
34802,1,184,184,0
34803,1,121,121,0
45352,1,178,178,0
45353,1,239,239,0
45354,1,179,179,0
45355,1,223,223,0
45356,1,207,207,0
45357,1,177,177,0
45358,1,161,161,0
45359,1,239,239,0
45360,1,109,109,0
49654,1,191,191,0
49655,1,156,156,0
49656,1,211,211,0
49657,1,200,200,0
49658,1,234,234,0
49659,1,249,249,0
49660,1,148,148,0
49661,1,170,170,0
49662,1,104,104,0
49717,1,186,186,0
49718,1,166,166,0
49719,1,242,242,0
49720,1,274,274,0
49721,1,177,177,0
49722,1,220,220,0
49723,1,193,193,0
49724,1,248,248,0
49725,1,91,91,0
49870,1,173,173,0
49871,1,183,183,0
49872,1,156,156,0
49873,1,178,178,0
49874,1,216,216,0
49875,1,158,158,0
49876,1,237,237,0
49877,1,246,246,0
49878,1,83,83,0
50140,1,232,232,0
50141,1,182,182,0
50142,1,250,250,0
50143,1,171,171,0
50144,1,239,239,0
50145,1,188,188,0
50146,1,227,227,0
50147,1,231,231,0
50148,1,86,86,0
50347,1,168,168,0
50348,1,172,172,0
50349,1,197,197,0
50350,1,217,217,0
50351,1,206,206,0
50352,1,204,204,0
50353,1,170,170,0
50354,1,189,189,0
50355,1,83,83,0
50572,1,201,201,0
50573,1,196,196,0
50574,1,230,230,0
50575,1,187,187,0
50576,1,234,234,0
50577,1,217,217,0
50578,1,212,212,0
50579,1,232,232,0
50580,1,113,113,0
53569,1,186,186,0
53570,1,239,239,0
53571,1,182,182,0
53572,1,155,155,0
53573,1,219,219,0
53574,1,248,248,0
73,1,209,209,0
74,1,196,196,0
75,1,192,192,0
76,1,236,236,0
77,1,191,191,0
78,1,187,187,0
79,1,218,218,0
80,1,181,181,0
81,1,75,75,0
118,1,238,238,0
119,1,203,203,0
120,1,165,165,0
121,1,225,225,0
122,1,256,256,0
123,1,197,197,0
124,1,173,173,0
125,1,251,251,0
126,1,107,107,0
370,1,184,184,0
371,1,181,181,0
372,1,222,222,0
373,1,184,184,0
374,1,190,190,0
375,1,201,201,0
376,1,188,188,0
377,1,223,223,0
378,1,103,103,0
748,1,188,188,0
749,1,161,161,0
750,1,248,248,0
751,1,215,215,0
752,1,221,221,0
753,1,185,185,0
754,1,164,164,0
755,1,215,215,0
756,1,83,83,0
4123,1,182,182,0
4124,1,164,164,0
4125,1,224,224,0
4126,1,181,181,0
4127,1,223,223,0
4128,1,264,264,0
4129,1,169,169,0
4130,1,209,209,0
4131,1,83,83,0
4645,1,173,173,0
4646,1,204,204,0
4647,1,190,190,0
4648,1,186,186,0
4649,1,192,192,0
4650,1,202,202,0
4651,1,251,251,0
4652,1,211,211,0
4653,1,99,99,0
5005,1,177,177,0
5006,1,223,223,0
5007,1,166,166,0
5008,1,221,221,0
5009,1,195,195,0
5010,1,211,211,0
5011,1,195,195,0
5012,1,181,181,0
5013,1,89,89,0
6031,1,214,214,0
6032,1,235,235,0
6033,1,189,189,0
6034,1,205,205,0
6035,1,168,168,0
6036,1,195,195,0
6037,1,186,186,0
6038,1,220,220,0
6039,1,89,89,0
6697,1,200,200,0
6698,1,144,144,0
6699,1,191,191,0
6700,1,180,180,0
6701,1,182,182,0
6702,1,233,233,0
6703,1,217,217,0
6704,1,217,217,0
6705,1,76,76,0
6787,1,193,193,0
6788,1,213,213,0
6789,1,173,173,0
6790,1,215,215,0
6791,1,181,181,0
6792,1,191,191,0
6793,1,219,219,0
6794,1,236,236,0
6795,1,102,102,0
7138,1,158,158,0
7139,1,221,221,0
7140,1,216,216,0
7141,1,165,165,0
7142,1,260,260,0
7143,1,210,210,0
7144,1,216,216,0
7145,1,224,224,0
7146,1,112,112,0
8137,1,238,238,0
8138,1,196,196,0
8139,1,240,240,0
8140,1,229,229,0
8141,1,260,260,0
8142,1,152,152,0
8143,1,219,219,0
8144,1,202,202,0
8145,1,107,107,0
8155,1,199,199,0
8156,1,188,188,0
8157,1,199,199,0
8158,1,184,184,0
8159,1,171,171,0
8160,1,229,229,0
8161,1,159,159,0
8162,1,236,236,0
8163,1,81,81,0
8182,1,175,175,0
8183,1,214,214,0
8184,1,197,197,0
8185,1,185,185,0
8186,1,169,169,0
8187,1,245,245,0
8188,1,175,175,0
8189,1,197,197,0
8190,1,102,102,0
8290,1,176,176,0
8291,1,182,182,0
8292,1,167,167,0
8293,1,235,235,0
8294,1,221,221,0
8295,1,163,163,0
8296,1,211,211,0
8297,1,204,204,0
8298,1,81,81,0
8497,1,236,236,0
8498,1,180,180,0
8499,1,225,225,0
8500,1,178,178,0
8501,1,230,230,0
8502,1,156,156,0
8503,1,178,178,0
8504,1,170,170,0
8505,1,118,118,0
8515,1,193,193,0
8516,1,155,155,0
8517,1,195,195,0
8518,1,152,152,0
8519,1,178,178,0
8520,1,240,240,0
8521,1,170,170,0
8522,1,226,226,0
8523,1,110,110,0
199639,1,211,211,0
199640,1,190,190,0
199641,1,156,156,0
199642,1,221,221,0
199643,1,184,184,0
199644,1,209,209,0
199645,1,214,214,0
199646,1,166,166,0
199647,1,100,100,0
204166,1,181,181,0
204167,1,185,185,0
204168,1,183,183,0
204169,1,210,210,0
204170,1,185,185,0
204171,1,196,196,0
204172,1,211,211,0
204173,1,175,175,0
204174,1,87,87,0
204949,1,190,190,0
204950,1,176,176,0
204951,1,180,180,0
204952,1,173,173,0
204953,1,167,167,0
204954,1,163,163,0
204955,1,173,173,0
204956,1,188,188,0
204957,1,105,105,0
206191,1,172,172,0
206192,1,205,205,0
206193,1,243,243,0
206194,1,199,199,0
206195,1,171,171,0
206196,1,208,208,0
206197,1,198,198,0
206198,1,194,194,0
206199,1,90,90,0
206551,1,181,181,0
206552,1,158,158,0
206553,1,218,218,0
206554,1,186,186,0
206555,1,173,173,0
206556,1,235,235,0
206557,1,194,194,0
206558,1,199,199,0
206559,1,77,77,0
206662,1,167,167,0
206663,1,193,193,0
206664,1,157,157,0
206665,1,169,169,0
206666,1,206,206,0
206667,1,84,84,0
206668,1,201,201,0
206669,1,217,217,0
206670,1,186,186,0
206671,1,174,174,0
206672,1,180,180,0
206673,1,221,221,0
206674,1,213,213,0
206675,1,250,250,0
206676,1,113,113,0
190,1,206,206,0
191,1,216,216,0
192,1,154,154,0
193,1,180,180,0
194,1,223,223,0
195,1,182,182,0
196,1,167,167,0
197,1,251,251,0
198,1,106,106,0
235,1,240,240,0
236,1,190,190,0
237,1,177,177,0
238,1,179,179,0
239,1,180,180,0
240,1,166,166,0
241,1,203,203,0
242,1,195,195,0
243,1,110,110,0
289,1,218,218,0
290,1,220,220,0
291,1,186,186,0
292,1,228,228,0
293,1,199,199,0
294,1,181,181,0
295,1,177,177,0
296,1,197,197,0
297,1,76,76,0
478,1,175,175,0
479,1,237,237,0
480,1,168,168,0
481,1,169,169,0
482,1,161,161,0
483,1,214,214,0
484,1,162,162,0
485,1,218,218,0
486,1,108,108,0
514,1,190,190,0
515,1,227,227,0
516,1,191,191,0
517,1,171,171,0
518,1,232,232,0
519,1,179,179,0
520,1,173,173,0
521,1,171,171,0
522,1,94,94,0
667,1,169,169,0
668,1,187,187,0
669,1,247,247,0
670,1,183,183,0
671,1,184,184,0
672,1,203,203,0
673,1,168,168,0
674,1,151,151,0
675,1,107,107,0
1126,1,198,198,0
1127,1,216,216,0
1128,1,219,219,0
1129,1,173,173,0
1130,1,200,200,0
1131,1,198,198,0
1132,1,207,207,0
1133,1,214,214,0
1134,1,107,107,0
1468,1,235,235,0
1469,1,197,197,0
1470,1,210,210,0
1471,1,183,183,0
1472,1,168,168,0
1473,1,202,202,0
1474,1,224,224,0
1475,1,238,238,0
1476,1,100,100,0
3880,1,230,230,0
3881,1,159,159,0
3882,1,194,194,0
3883,1,208,208,0
3884,1,175,175,0
3885,1,186,186,0
3886,1,241,241,0
3887,1,202,202,0
3888,1,85,85,0
4159,1,165,165,0
4160,1,211,211,0
4161,1,195,195,0
4162,1,189,189,0
4163,1,176,176,0
4164,1,181,181,0
4165,1,175,175,0
4166,1,152,152,0
4167,1,118,118,0
4951,1,199,199,0
4952,1,162,162,0
4953,1,206,206,0
4954,1,171,171,0
4955,1,185,185,0
4956,1,238,238,0
4957,1,170,170,0
4958,1,193,193,0
4959,1,84,84,0
7048,1,218,218,0
7049,1,205,205,0
7050,1,177,177,0
7051,1,215,215,0
7052,1,238,238,0
7053,1,235,235,0
7054,1,228,228,0
7055,1,217,217,0
7056,1,83,83,0
8164,1,229,229,0
8165,1,179,179,0
8166,1,216,216,0
8167,1,199,199,0
8168,1,210,210,0
8169,1,183,183,0
8170,1,236,236,0
8171,1,173,173,0
8172,1,111,111,0
200350,1,195,195,0
200351,1,161,161,0
200352,1,177,177,0
200353,1,170,170,0
200354,1,152,152,0
200355,1,187,187,0
200356,1,189,189,0
200357,1,239,239,0
200358,1,98,98,0
201151,1,201,201,0
201152,1,191,191,0
201153,1,214,214,0
201154,1,183,183,0
201155,1,189,189,0
201156,1,210,210,0
201157,1,244,244,0
201158,1,244,244,0
201159,1,94,94,0
205651,1,257,257,0
205652,1,225,225,0
205653,1,237,237,0
205654,1,178,178,0
205655,1,256,256,0
205656,1,246,246,0
205657,1,235,235,0
205658,1,211,211,0
205659,1,77,77,0
205876,1,159,159,0
205877,1,169,169,0
205878,1,180,180,0
205879,1,233,233,0
205880,1,175,175,0
205881,1,216,216,0
205882,1,184,184,0
205883,1,195,195,0
205884,1,87,87,0
856,1,221,221,0
857,1,234,234,0
858,1,227,227,0
859,1,214,214,0
860,1,171,171,0
861,1,200,200,0
862,1,181,181,0
863,1,170,170,0
864,1,89,89,0
973,1,161,161,0
974,1,194,194,0
975,1,171,171,0
976,1,166,166,0
977,1,156,156,0
978,1,209,209,0
979,1,226,226,0
980,1,260,260,0
981,1,84,84,0
1009,1,230,230,0
1010,1,221,221,0
1011,1,206,206,0
1012,1,191,191,0
1013,1,173,173,0
1014,1,179,179,0
1015,1,208,208,0
1016,1,167,167,0
1017,1,133,133,0
5149,1,184,184,0
5150,1,167,167,0
5151,1,173,173,0
5152,1,185,185,0
5153,1,197,197,0
5154,1,196,196,0
5155,1,160,160,0
5156,1,177,177,0
5157,1,124,124,0
5194,1,194,194,0
5195,1,204,204,0
5196,1,211,211,0
5197,1,185,185,0
5198,1,175,175,0
5199,1,198,198,0
5200,1,166,166,0
5201,1,225,225,0
5202,1,86,86,0
5212,1,195,195,0
5213,1,158,158,0
5214,1,160,160,0
5215,1,170,170,0
5216,1,169,169,0
5217,1,209,209,0
5218,1,242,242,0
5219,1,205,205,0
5220,1,97,97,0
5239,1,237,237,0
5240,1,199,199,0
5241,1,186,186,0
5242,1,153,153,0
5243,1,189,189,0
5244,1,237,237,0
5245,1,182,182,0
5246,1,224,224,0
5247,1,79,79,0
8947,1,240,240,0
8948,1,171,171,0
8949,1,167,167,0
8950,1,241,241,0
8951,1,185,185,0
8952,1,158,158,0
8953,1,219,219,0
8954,1,198,198,0
8955,1,101,101,0
198163,1,211,211,0
198164,1,169,169,0
198165,1,204,204,0
198166,1,226,226,0
198167,1,214,214,0
198168,1,187,187,0
198169,1,179,179,0
198170,1,194,194,0
198171,1,114,114,0
198280,1,210,210,0
198281,1,201,201,0
198282,1,198,198,0
198283,1,188,188,0
198284,1,183,183,0
198285,1,187,187,0
198286,1,229,229,0
198287,1,170,170,0
198288,1,99,99,0
201457,1,164,164,0
201458,1,233,233,0
201459,1,163,163,0
201460,1,247,247,0
201461,1,263,263,0
201462,1,197,197,0
201463,1,220,220,0
201464,1,238,238,0
201465,1,71,71,0
205597,1,192,192,0
205598,1,178,178,0
205599,1,172,172,0
205600,1,189,189,0
205601,1,201,201,0
205602,1,187,187,0
205603,1,186,186,0
205604,1,170,170,0
205605,1,89,89,0
205687,1,231,231,0
205688,1,171,171,0
205689,1,177,177,0
205690,1,185,185,0
205691,1,180,180,0
205692,1,228,228,0
205693,1,154,154,0
205694,1,219,219,0
205695,1,110,110,0
205822,1,216,216,0
205823,1,191,191,0
205824,1,166,166,0
205825,1,212,212,0
205826,1,183,183,0
205827,1,200,200,0
205828,1,194,194,0
205829,1,207,207,0
205830,1,90,90,0
206137,1,146,146,0
206138,1,159,159,0
206139,1,163,163,0
206140,1,243,243,0
206141,1,206,206,0
206142,1,175,175,0
206143,1,245,245,0
206144,1,203,203,0
206145,1,97,97,0
206470,1,184,184,0
206471,1,202,202,0
206472,1,190,190,0
206473,1,175,175,0
206474,1,249,249,0
206475,1,153,153,0
206476,1,180,180,0
206477,1,165,165,0
206478,1,108,108,0
206533,1,187,187,0
206534,1,209,209,0
206535,1,183,183,0
206536,1,215,215,0
206537,1,210,210,0
206538,1,185,185,0
206539,1,219,219,0
206540,1,170,170,0
206541,1,78,78,0
206659,1,178,178,0
206660,1,166,166,0
206661,1,179,179,0
397,1,223,223,0
398,1,163,163,0
399,1,203,203,0
400,1,185,185,0
401,1,179,179,0
402,1,178,178,0
403,1,175,175,0
404,1,210,210,0
405,1,103,103,0
1135,1,168,168,0
1136,1,177,177,0
1137,1,207,207,0
1138,1,179,179,0
1139,1,196,196,0
1140,1,184,184,0
1141,1,169,169,0
1142,1,173,173,0
1143,1,95,95,0
6940,1,239,239,0
6941,1,247,247,0
6942,1,177,177,0
6943,1,204,204,0
6944,1,174,174,0
6945,1,200,200,0
6946,1,177,177,0
6947,1,211,211,0
6948,1,116,116,0
6985,1,174,174,0
6986,1,268,268,0
6987,1,175,175,0
6988,1,154,154,0
6989,1,206,206,0
6990,1,276,276,0
6991,1,189,189,0
6992,1,165,165,0
6993,1,85,85,0
7273,1,174,174,0
7274,1,182,182,0
7275,1,179,179,0
7276,1,184,184,0
7277,1,173,173,0
7278,1,151,151,0
7279,1,233,233,0
7280,1,234,234,0
7281,1,112,112,0
7822,1,202,202,0
7823,1,197,197,0
7824,1,196,196,0
7825,1,218,218,0
7826,1,172,172,0
7827,1,195,195,0
7828,1,182,182,0
7829,1,197,197,0
7830,1,119,119,0
8254,1,182,182,0
8255,1,244,244,0
8256,1,176,176,0
8257,1,228,228,0
8258,1,186,186,0
8259,1,227,227,0
8260,1,195,195,0
8261,1,228,228,0
8262,1,110,110,0
8344,1,174,174,0
8345,1,172,172,0
8346,1,206,206,0
8347,1,188,188,0
8348,1,184,184,0
8349,1,187,187,0
8350,1,194,194,0
8351,1,217,217,0
8352,1,115,115,0
8389,1,181,181,0
8390,1,221,221,0
8391,1,178,178,0
8392,1,211,211,0
8393,1,161,161,0
8394,1,217,217,0
8395,1,157,157,0
8396,1,265,265,0
8397,1,85,85,0
199666,1,166,166,0
199667,1,215,215,0
199668,1,216,216,0
199669,1,269,269,0
199670,1,194,194,0
199671,1,178,178,0
199672,1,260,260,0
199673,1,176,176,0
199674,1,88,88,0
201745,1,240,240,0
201746,1,167,167,0
201747,1,184,184,0
201748,1,205,205,0
201749,1,233,233,0
201750,1,167,167,0
201751,1,175,175,0
201752,1,176,176,0
201753,1,66,66,0
201772,1,220,220,0
201773,1,184,184,0
201774,1,156,156,0
201775,1,255,255,0
201776,1,192,192,0
201777,1,186,186,0
201778,1,208,208,0
201779,1,219,219,0
201780,1,115,115,0
203374,1,178,178,0
203375,1,219,219,0
203376,1,175,175,0
203377,1,250,250,0
203378,1,238,238,0
203379,1,236,236,0
203380,1,182,182,0
203381,1,231,231,0
203382,1,107,107,0
203986,1,253,253,0
203987,1,217,217,0
203988,1,186,186,0
203989,1,173,173,0
203990,1,206,206,0
203991,1,200,200,0
203992,1,190,190,0
203993,1,186,186,0
203994,1,100,100,0
204229,1,184,184,0
204230,1,203,203,0
204231,1,206,206,0
204232,1,194,194,0
204233,1,182,182,0
204234,1,186,186,0
204235,1,195,195,0
204236,1,220,220,0
204237,1,128,128,0
205921,1,175,175,0
205922,1,236,236,0
205923,1,185,185,0
205924,1,202,202,0
205925,1,187,187,0
205926,1,232,232,0
205927,1,251,251,0
205928,1,180,180,0
205929,1,102,102,0
206749,1,239,239,0
206750,1,238,238,0
206752,1,253,253,0
206753,1,179,179,0
206754,1,191,191,0
206755,1,193,193,0
206756,1,237,237,0
206757,1,85,85,0
1225,1,199,199,0
1226,1,188,188,0
1227,1,187,187,0
1228,1,182,182,0
1229,1,193,193,0
1230,1,204,204,0
1231,1,190,190,0
1232,1,212,212,0
1233,1,125,125,0
5599,1,211,211,0
5600,1,209,209,0
5601,1,225,225,0
5602,1,215,215,0
5603,1,170,170,0
5604,1,224,224,0
5605,1,165,165,0
5606,1,190,190,0
5607,1,103,103,0
5635,1,195,195,0
5636,1,155,155,0
5637,1,253,253,0
5638,1,195,195,0
5639,1,235,235,0
5640,1,212,212,0
5641,1,242,242,0
5642,1,165,165,0
5643,1,87,87,0
5662,1,192,192,0
5663,1,223,223,0
5664,1,148,148,0
5665,1,230,230,0
5666,1,164,164,0
5667,1,175,175,0
5668,1,168,168,0
5669,1,187,187,0
5670,1,89,89,0
7849,1,199,199,0
7850,1,256,256,0
7851,1,240,240,0
7852,1,169,169,0
7853,1,243,243,0
7854,1,260,260,0
7855,1,189,189,0
7856,1,215,215,0
7857,1,105,105,0
198676,1,197,197,0
198677,1,186,186,0
198678,1,195,195,0
198679,1,215,215,0
198680,1,219,219,0
198681,1,231,231,0
198682,1,214,214,0
198683,1,257,257,0
198684,1,88,88,0
198838,1,187,187,0
198839,1,239,239,0
198840,1,197,197,0
198841,1,252,252,0
198842,1,215,215,0
198843,1,159,159,0
198844,1,191,191,0
198845,1,186,186,0
198846,1,121,121,0
199477,1,172,172,0
199478,1,225,225,0
199479,1,196,196,0
199480,1,205,205,0
199481,1,230,230,0
199482,1,203,203,0
199483,1,215,215,0
199484,1,189,189,0
199485,1,97,97,0
199972,1,167,167,0
199973,1,169,169,0
199974,1,219,219,0
199975,1,195,195,0
199976,1,204,204,0
199977,1,188,188,0
199978,1,179,179,0
199979,1,230,230,0
199980,1,96,96,0
202186,1,159,159,0
202187,1,170,170,0
202188,1,225,225,0
202189,1,169,169,0
202190,1,184,184,0
202191,1,207,207,0
202192,1,196,196,0
202193,1,206,206,0
202194,1,95,95,0
202582,1,236,236,0
202583,1,256,256,0
202584,1,171,171,0
202585,1,197,197,0
202586,1,151,151,0
202587,1,160,160,0
202588,1,150,150,0
202589,1,171,171,0
202590,1,108,108,0
203806,1,191,191,0
203807,1,198,198,0
203808,1,198,198,0
203809,1,177,177,0
203810,1,205,205,0
203811,1,208,208,0
203812,1,196,196,0
203813,1,193,193,0
203814,1,125,125,0
204049,1,220,220,0
204050,1,180,180,0
204051,1,158,158,0
204052,1,201,201,0
204053,1,223,223,0
204054,1,177,177,0
204055,1,213,213,0
204056,1,232,232,0
204057,1,91,91,0
204850,1,199,199,0
204851,1,192,192,0
204852,1,218,218,0
204853,1,164,164,0
204854,1,198,198,0
204855,1,223,223,0
204856,1,180,180,0
204857,1,204,204,0
204858,1,95,95,0
204940,1,175,175,0
204941,1,175,175,0
204942,1,177,177,0
204943,1,168,168,0
204944,1,193,193,0
204945,1,170,170,0
204946,1,186,186,0
204947,1,170,170,0
204948,1,90,90,0
205183,1,254,254,0
205184,1,188,188,0
205185,1,194,194,0
205186,1,169,169,0
205187,1,171,171,0
205188,1,208,208,0
205189,1,209,209,0
205190,1,236,236,0
205191,1,96,96,0
205318,1,196,196,0
205319,1,165,165,0
205320,1,177,177,0
205321,1,191,191,0
205322,1,179,179,0
205323,1,249,249,0
205324,1,176,176,0
205325,1,186,186,0
205326,1,100,100,0
206362,1,186,186,0
206363,1,185,185,0
206364,1,201,201,0
206365,1,207,207,0
206366,1,208,208,0
206367,1,166,166,0
206368,1,182,182,0
206369,1,228,228,0
206370,1,90,90,0
206751,1,209,209,0
532,1,180,180,0
533,1,170,170,0
534,1,175,175,0
535,1,235,235,0
536,1,222,222,0
537,1,158,158,0
538,1,192,192,0
539,1,211,211,0
540,1,121,121,0
1090,1,175,175,0
1091,1,179,179,0
1092,1,212,212,0
1093,1,241,241,0
1094,1,173,173,0
1095,1,247,247,0
1096,1,245,245,0
1097,1,218,218,0
1098,1,101,101,0
1459,1,170,170,0
1460,1,183,183,0
1461,1,198,198,0
1462,1,169,169,0
1463,1,166,166,0
1464,1,177,177,0
1465,1,208,208,0
1466,1,202,202,0
1467,1,107,107,0
198478,1,216,216,0
198479,1,224,224,0
198480,1,214,214,0
198481,1,167,167,0
198482,1,160,160,0
198483,1,160,160,0
198484,1,192,192,0
198485,1,181,181,0
198486,1,87,87,0
199531,1,267,267,0
199532,1,252,252,0
199533,1,194,194,0
199534,1,233,233,0
199535,1,223,223,0
199536,1,151,151,0
199537,1,217,217,0
199538,1,174,174,0
199539,1,111,111,0
202015,1,196,196,0
202016,1,210,210,0
202017,1,186,186,0
202018,1,189,189,0
202019,1,243,243,0
202020,1,221,221,0
202021,1,180,180,0
202022,1,176,176,0
202023,1,81,81,0
203923,1,227,227,0
203924,1,194,194,0
203925,1,174,174,0
203926,1,230,230,0
203927,1,162,162,0
203928,1,209,209,0
203929,1,240,240,0
203930,1,206,206,0
203931,1,87,87,0
205264,1,235,235,0
205265,1,223,223,0
205266,1,189,189,0
205267,1,218,218,0
205268,1,240,240,0
205269,1,171,171,0
205270,1,242,242,0
205271,1,177,177,0
205272,1,101,101,0
8533,1,171,171,0
8534,1,234,234,0
8535,1,194,194,0
8536,1,215,215,0
8537,1,176,176,0
8538,1,177,177,0
8539,1,171,171,0
8540,1,171,171,0
8541,1,96,96,0
198262,1,187,187,0
198263,1,186,186,0
198264,1,231,231,0
198265,1,199,199,0
198266,1,203,203,0
198267,1,201,201,0
198268,1,204,204,0
198269,1,195,195,0
198270,1,101,101,0
206695,1,178,178,0
206696,1,253,253,0
206697,1,212,212,0
206698,1,175,175,0
206699,1,212,212,0
206700,1,215,215,0
206701,1,180,180,0
206702,1,215,215,0
206703,1,85,85,0
200271,1,200,200,0
200272,1,190,190,0
200273,1,221,221,0
200274,1,177,177,0
200275,1,189,189,0
200276,1,170,170,0
200277,1,123,123,0
200440,1,207,207,0
200441,1,164,164,0
200442,1,202,202,0
200443,1,175,175,0
200444,1,226,226,0
200445,1,241,241,0
200446,1,185,185,0
200447,1,225,225,0
200448,1,99,99,0
200539,1,173,173,0
200540,1,226,226,0
200541,1,183,183,0
200542,1,218,218,0
200543,1,181,181,0
200544,1,186,186,0
200545,1,177,177,0
200546,1,176,176,0
200547,1,94,94,0
200926,1,232,232,0
200927,1,202,202,0
200928,1,230,230,0
200929,1,215,215,0
200930,1,215,215,0
200931,1,203,203,0
200932,1,180,180,0
200933,1,177,177,0
200934,1,110,110,0
200971,1,187,187,0
200972,1,205,205,0
200973,1,171,171,0
200974,1,208,208,0
200975,1,193,193,0
200976,1,179,179,0
200977,1,198,198,0
200978,1,231,231,0
200979,1,100,100,0
201901,1,215,215,0
201902,1,181,181,0
201903,1,225,225,0
201904,1,172,172,0
201905,1,159,159,0
201906,1,86,86,0
202134,1,179,179,0
202135,1,239,239,0
202136,1,224,224,0
202137,1,196,196,0
202138,1,249,249,0
202139,1,180,180,0
202140,1,92,92,0
202285,1,184,184,0
202286,1,223,223,0
202287,1,207,207,0
202288,1,206,206,0
202289,1,233,233,0
202290,1,195,195,0
202291,1,178,178,0
202292,1,247,247,0
202293,1,68,68,0
206929,1,163,163,0
206930,1,229,229,0
206931,1,264,264,0
206932,1,154,154,0
206933,1,236,236,0
206934,1,218,218,0
206935,1,234,234,0
206936,1,160,160,0
206937,1,89,89,0
202394,1,169,169,0
202395,1,166,166,0
202396,1,214,214,0
202397,1,171,171,0
202398,1,194,194,0
202399,1,209,209,0
205444,1,238,238,0
205445,1,238,238,0
205446,1,195,195,0
205447,1,219,219,0
205448,1,206,206,0
205449,1,184,184,0
205450,1,170,170,0
205451,1,214,214,0
205452,1,135,135,0
206056,1,240,240,0
206057,1,201,201,0
206058,1,215,215,0
206059,1,186,186,0
206060,1,183,183,0
206061,1,155,155,0
206062,1,231,231,0
206063,1,183,183,0
206064,1,94,94,0
206830,1,146,146,0
206831,1,160,160,0
206832,1,176,176,0
206833,1,217,217,0
206834,1,199,199,0
206835,1,214,214,0
206836,1,227,227,0
206837,1,173,173,0
206838,1,113,113,0
202609,1,222,222,0
202610,1,198,198,0
202611,1,189,189,0
202612,1,189,189,0
202613,1,160,160,0
202614,1,165,165,0
202615,1,198,198,0
202616,1,208,208,0
202617,1,100,100,0
205417,1,178,178,0
205418,1,193,193,0
205419,1,179,179,0
205420,1,165,165,0
205421,1,192,192,0
205422,1,169,169,0
205423,1,180,180,0
205424,1,187,187,0
205425,1,97,97,0
206794,1,215,215,0
206795,1,175,175,0
206796,1,172,172,0
206797,1,179,179,0
206798,1,213,213,0
206799,1,169,169,0
206800,1,237,237,0
206801,1,222,222,0
206802,1,91,91,0
202628,1,184,184,0
202629,1,187,187,0
202630,1,228,228,0
202631,1,237,237,0
202632,1,180,180,0
202633,1,262,262,0
202634,1,248,248,0
202635,1,67,67,0
202735,1,182,182,0
202736,1,198,198,0
202737,1,221,221,0
202738,1,229,229,0
202739,1,217,217,0
202740,1,213,213,0
202741,1,197,197,0
202742,1,257,257,0
202743,1,87,87,0
202896,1,89,89,0
203113,1,247,247,0
203114,1,175,175,0
203115,1,189,189,0
203116,1,171,171,0
203117,1,167,167,0
203118,1,189,189,0
203119,1,188,188,0
203120,1,165,165,0
203121,1,88,88,0
203213,1,155,155,0
203214,1,210,210,0
203215,1,241,241,0
203216,1,217,217,0
203217,1,208,208,0
203218,1,186,186,0
203219,1,187,187,0
203220,1,82,82,0
205516,1,232,232,0
205517,1,232,232,0
205518,1,212,212,0
205519,1,184,184,0
205520,1,205,205,0
205521,1,195,195,0
205522,1,194,194,0
205523,1,166,166,0
205524,1,82,82,0
206002,1,167,167,0
206003,1,166,166,0
206004,1,199,199,0
206005,1,194,194,0
206006,1,198,198,0
206007,1,183,183,0
206008,1,168,168,0
206009,1,227,227,0
206010,1,86,86,0
205679,1,215,215,0
205680,1,170,170,0
205681,1,250,250,0
205682,1,256,256,0
205683,1,183,183,0
205684,1,250,250,0
205685,1,175,175,0
205686,1,95,95,0
206353,1,173,173,0
206354,1,202,202,0
206355,1,222,222,0
206356,1,191,191,0
206357,1,181,181,0
206358,1,206,206,0
206359,1,218,218,0
206360,1,251,251,0
206361,1,88,88,0
206587,1,194,194,0
206588,1,183,183,0
206589,1,209,209,0
206590,1,169,169,0
206591,1,198,198,0
206592,1,237,237,0
206593,1,153,153,0
206594,1,243,243,0
206595,1,103,103,0
206596,1,172,172,0
206597,1,226,226,0
206598,1,192,192,0
206599,1,180,180,0
206600,1,226,226,0
206601,1,177,177,0
206602,1,236,236,0
206603,1,219,219,0
206604,1,113,113,0
206632,1,224,224,0
206633,1,174,174,0
206634,1,143,143,0
206635,1,216,216,0
206636,1,210,210,0
206637,1,241,241,0
206638,1,269,269,0
206639,1,227,227,0
206640,1,90,90,0
206430,1,214,214,0
206431,1,236,236,0
206461,1,239,239,0
206462,1,223,223,0
206463,1,221,221,0
206464,1,212,212,0
206465,1,217,217,0
206466,1,177,177,0
206467,1,201,201,0
206468,1,193,193,0
206469,1,64,64,0
206492,1,176,176,0
206493,1,185,185,0
206494,1,236,236,0
206495,1,195,195,0
206866,1,199,199,0
206867,1,234,234,0
206868,1,184,184,0
206869,1,192,192,0
206870,1,159,159,0
206871,1,219,219,0
206872,1,203,203,0
206873,1,194,194,0
206874,1,76,76,0
206524,1,203,203,0
206525,1,202,202,0
206526,1,156,156,0
206527,1,177,177,0
206528,1,179,179,0
206529,1,215,215,0
206530,1,177,177,0
206531,1,221,221,0
206532,1,90,90,0
206810,1,247,247,0
206811,1,104,104,0
206863,1,159,159,0
206864,1,164,164,0
206865,1,80,80,0
206894,1,164,164,0
206895,1,238,238,0
206896,1,248,248,0
206897,1,175,175,0
206898,1,187,187,0
206899,1,188,188,0
206900,1,174,174,0
206901,1,109,109,0
586,1,258,258,0
587,1,187,187,0
588,1,208,208,0
589,1,202,202,0
590,1,184,184,0
591,1,194,194,0
592,1,175,175,0
593,1,172,172,0
594,1,91,91,0
838,1,186,186,0
839,1,181,181,0
840,1,177,177,0
841,1,217,217,0
842,1,227,227,0
843,1,196,196,0
844,1,194,194,0
845,1,227,227,0
846,1,94,94,0
8812,1,204,204,0
8813,1,166,166,0
8814,1,183,183,0
8815,1,226,226,0
8816,1,198,198,0
8817,1,209,209,0
8818,1,212,212,0
8819,1,156,156,0
8820,1,85,85,0
198028,1,216,216,0
198029,1,217,217,0
198030,1,191,191,0
198031,1,227,227,0
198032,1,188,188,0
198033,1,166,166,0
198034,1,271,271,0
198035,1,191,191,0
198036,1,91,91,0
198037,1,226,226,0
198038,1,168,168,0
198039,1,169,169,0
198040,1,191,191,0
198041,1,176,176,0
198042,1,188,188,0
198043,1,221,221,0
198044,1,214,214,0
198045,1,97,97,0
198100,1,188,188,0
198101,1,245,245,0
198102,1,175,175,0
198103,1,242,242,0
198104,1,255,255,0
198105,1,260,260,0
198106,1,256,256,0
198107,1,182,182,0
198108,1,84,84,0
198235,1,194,194,0
198236,1,220,220,0
198237,1,230,230,0
198238,1,188,188,0
198239,1,233,233,0
198240,1,197,197,0
198241,1,201,201,0
198242,1,200,200,0
198243,1,117,117,0
201259,1,162,162,0
201260,1,231,231,0
201261,1,195,195,0
201262,1,189,189,0
201263,1,189,189,0
201264,1,177,177,0
201265,1,251,251,0
201266,1,167,167,0
201267,1,100,100,0
205660,1,166,166,0
205661,1,194,194,0
205662,1,193,193,0
205663,1,179,179,0
205664,1,194,194,0
205665,1,197,197,0
205666,1,168,168,0
205667,1,205,205,0
205668,1,105,105,0
205732,1,182,182,0
205733,1,197,197,0
205734,1,195,195,0
205735,1,165,165,0
205736,1,236,236,0
205737,1,149,149,0
205738,1,175,175,0
205739,1,256,256,0
205740,1,99,99,0
205804,1,244,244,0
205805,1,259,259,0
205806,1,152,152,0
205807,1,197,197,0
205808,1,178,178,0
205809,1,201,201,0
205810,1,253,253,0
205811,1,251,251,0
205812,1,107,107,0
205831,1,195,195,0
205832,1,232,232,0
205833,1,181,181,0
205834,1,196,196,0
205835,1,183,183,0
205836,1,264,264,0
205837,1,166,166,0
205838,1,177,177,0
205839,1,95,95,0
205840,1,194,194,0
205841,1,189,189,0
205842,1,183,183,0
205843,1,191,191,0
205844,1,159,159,0
205845,1,179,179,0
205846,1,199,199,0
205847,1,178,178,0
205848,1,93,93,0
205957,1,200,200,0
205958,1,240,240,0
205959,1,215,215,0
205960,1,167,167,0
205961,1,212,212,0
205962,1,251,251,0
205963,1,162,162,0
205964,1,209,209,0
205965,1,91,91,0
206605,1,187,187,0
206606,1,207,207,0
206607,1,269,269,0
206608,1,214,214,0
206609,1,192,192,0
206610,1,160,160,0
206611,1,170,170,0
206612,1,187,187,0
206613,1,107,107,0
206623,1,245,245,0
206624,1,231,231,0
206625,1,193,193,0
206626,1,188,188,0
206627,1,190,190,0
206628,1,214,214,0
206629,1,202,202,0
206630,1,223,223,0
206631,1,93,93,0
206803,1,280,280,0
206804,1,179,179,0
206805,1,228,228,0
206806,1,208,208,0
206807,1,186,186,0
206808,1,184,184,0
206809,1,194,194,0
198099,1,109,109,0
198271,1,162,162,0
198272,1,223,223,0
198273,1,208,208,0
198274,1,166,166,0
198275,1,197,197,0
198276,1,160,160,0
198277,1,190,190,0
198278,1,175,175,0
198279,1,89,89,0
200494,1,172,172,0
200495,1,163,163,0
200496,1,178,178,0
200497,1,226,226,0
200498,1,167,167,0
200499,1,180,180,0
200500,1,185,185,0
200501,1,173,173,0
200502,1,94,94,0
201322,1,199,199,0
201323,1,194,194,0
201324,1,152,152,0
201325,1,190,190,0
201326,1,149,149,0
201327,1,161,161,0
201328,1,211,211,0
201329,1,174,174,0
201330,1,120,120,0
202645,1,178,178,0
202646,1,269,269,0
202647,1,182,182,0
202648,1,173,173,0
202649,1,249,249,0
202650,1,175,175,0
202651,1,214,214,0
202652,1,182,182,0
202653,1,89,89,0
202969,1,218,218,0
202970,1,177,177,0
202971,1,191,191,0
202972,1,171,171,0
202973,1,153,153,0
202974,1,203,203,0
202975,1,195,195,0
202976,1,193,193,0
202977,1,122,122,0
203095,1,234,234,0
203096,1,193,193,0
203097,1,196,196,0
203098,1,189,189,0
203099,1,217,217,0
203100,1,207,207,0
203101,1,204,204,0
203102,1,244,244,0
203103,1,88,88,0
424,1,221,221,0
425,1,182,182,0
426,1,190,190,0
427,1,185,185,0
428,1,170,170,0
429,1,185,185,0
430,1,167,167,0
431,1,217,217,0
432,1,82,82,0
550,1,180,180,0
551,1,164,164,0
552,1,161,161,0
553,1,215,215,0
554,1,199,199,0
555,1,209,209,0
556,1,161,161,0
557,1,165,165,0
558,1,82,82,0
3286,1,196,196,0
3287,1,211,211,0
3288,1,175,175,0
3289,1,165,165,0
3290,1,244,244,0
3291,1,174,174,0
3292,1,171,171,0
3293,1,213,213,0
3294,1,94,94,0
4240,1,202,202,0
4241,1,186,186,0
4242,1,241,241,0
4243,1,186,186,0
4244,1,217,217,0
4245,1,213,213,0
4246,1,177,177,0
4247,1,233,233,0
4248,1,94,94,0
4582,1,207,207,0
4583,1,236,236,0
4584,1,174,174,0
4585,1,181,181,0
4586,1,170,170,0
4587,1,174,174,0
4588,1,222,222,0
4589,1,237,237,0
4590,1,93,93,0
4780,1,241,241,0
4781,1,209,209,0
4782,1,184,184,0
4783,1,163,163,0
4784,1,248,248,0
4785,1,217,217,0
4786,1,178,178,0
4787,1,198,198,0
4788,1,102,102,0
4870,1,199,199,0
4871,1,160,160,0
4872,1,152,152,0
4873,1,168,168,0
4874,1,150,150,0
4875,1,226,226,0
4876,1,179,179,0
4877,1,181,181,0
4878,1,92,92,0
4969,1,240,240,0
4970,1,220,220,0
4971,1,152,152,0
4972,1,171,171,0
4973,1,164,164,0
4974,1,201,201,0
4975,1,178,178,0
4976,1,199,199,0
4977,1,94,94,0
4987,1,168,168,0
4988,1,146,146,0
4989,1,191,191,0
4990,1,259,259,0
4991,1,259,259,0
4992,1,204,204,0
4993,1,180,180,0
4994,1,183,183,0
4995,1,89,89,0
5257,1,181,181,0
5258,1,159,159,0
5259,1,202,202,0
5260,1,206,206,0
5261,1,181,181,0
5262,1,250,250,0
5263,1,180,180,0
5264,1,168,168,0
5265,1,116,116,0
5275,1,203,203,0
5276,1,165,165,0
5277,1,225,225,0
5278,1,222,222,0
5279,1,160,160,0
5280,1,231,231,0
5281,1,213,213,0
5282,1,203,203,0
5283,1,107,107,0
7228,1,166,166,0
7229,1,163,163,0
7230,1,229,229,0
7231,1,231,231,0
7232,1,262,262,0
7233,1,175,175,0
7234,1,189,189,0
7235,1,183,183,0
7236,1,79,79,0
7606,1,203,203,0
7607,1,165,165,0
7608,1,222,222,0
7609,1,139,139,0
7610,1,174,174,0
7611,1,189,189,0
7612,1,174,174,0
7613,1,266,266,0
7614,1,121,121,0
8119,1,215,215,0
8120,1,158,158,0
8121,1,191,191,0
8122,1,253,253,0
8123,1,169,169,0
8124,1,174,174,0
8125,1,178,178,0
8126,1,218,218,0
8127,1,75,75,0
200521,1,177,177,0
200522,1,181,181,0
200523,1,220,220,0
200524,1,180,180,0
200525,1,208,208,0
200526,1,245,245,0
200527,1,245,245,0
200528,1,200,200,0
200529,1,92,92,0
201286,1,176,176,0
201287,1,223,223,0
201288,1,148,148,0
201289,1,178,178,0
201290,1,249,249,0
201291,1,163,163,0
201292,1,229,229,0
201293,1,170,170,0
201294,1,116,116,0
201952,1,173,173,0
201953,1,171,171,0
201954,1,195,195,0
201955,1,242,242,0
201956,1,213,213,0
201957,1,249,249,0
201958,1,197,197,0
201959,1,170,170,0
201960,1,93,93,0
202393,1,214,214,0
202400,1,204,204,0
202401,1,89,89,0
523,1,212,212,0
524,1,161,161,0
525,1,210,210,0
526,1,178,178,0
527,1,216,216,0
528,1,248,248,0
529,1,214,214,0
530,1,162,162,0
531,1,112,112,0
4267,1,165,165,0
4268,1,173,173,0
4269,1,192,192,0
4270,1,217,217,0
4271,1,200,200,0
4272,1,177,177,0
4273,1,169,169,0
4274,1,192,192,0
4275,1,102,102,0
4771,1,154,154,0
4772,1,189,189,0
4773,1,165,165,0
4774,1,250,250,0
4775,1,202,202,0
4776,1,252,252,0
4777,1,192,192,0
4778,1,188,188,0
4779,1,85,85,0
4861,1,193,193,0
4862,1,158,158,0
4863,1,243,243,0
4864,1,197,197,0
4865,1,193,193,0
4866,1,175,175,0
4867,1,213,213,0
4868,1,227,227,0
4869,1,91,91,0
4879,1,232,232,0
4880,1,156,156,0
4881,1,162,162,0
4882,1,171,171,0
4883,1,159,159,0
4884,1,167,167,0
4885,1,228,228,0
4886,1,223,223,0
4887,1,111,111,0
5446,1,201,201,0
5447,1,193,193,0
5448,1,210,210,0
5449,1,234,234,0
5450,1,248,248,0
5451,1,172,172,0
5452,1,222,222,0
5453,1,240,240,0
5454,1,106,106,0
6832,1,187,187,0
6833,1,224,224,0
6834,1,171,171,0
6835,1,207,207,0
6836,1,218,218,0
6837,1,176,176,0
6838,1,142,142,0
6839,1,177,177,0
6840,1,85,85,0
7471,1,167,167,0
7472,1,196,196,0
7473,1,216,216,0
7474,1,245,245,0
7475,1,183,183,0
7476,1,194,194,0
7477,1,177,177,0
7478,1,231,231,0
7479,1,116,116,0
7534,1,193,193,0
7535,1,196,196,0
7536,1,197,197,0
7537,1,175,175,0
7538,1,209,209,0
7539,1,222,222,0
7540,1,228,228,0
7541,1,231,231,0
7542,1,92,92,0
8461,1,261,261,0
8462,1,235,235,0
8463,1,170,170,0
8464,1,201,201,0
8465,1,181,181,0
8466,1,158,158,0
8467,1,226,226,0
8468,1,182,182,0
8469,1,114,114,0
8470,1,234,234,0
8471,1,238,238,0
8472,1,166,166,0
8473,1,160,160,0
8474,1,165,165,0
8475,1,211,211,0
8476,1,221,221,0
8477,1,171,171,0
8478,1,92,92,0
8596,1,193,193,0
8597,1,213,213,0
8598,1,173,173,0
8599,1,186,186,0
8600,1,149,149,0
8601,1,169,169,0
8602,1,220,220,0
8603,1,154,154,0
8604,1,127,127,0
8614,1,214,214,0
8615,1,164,164,0
8616,1,208,208,0
8617,1,194,194,0
8618,1,200,200,0
8619,1,206,206,0
8620,1,179,179,0
8621,1,222,222,0
8622,1,101,101,0
8632,1,172,172,0
8633,1,215,215,0
8634,1,199,199,0
8635,1,197,197,0
8636,1,243,243,0
8637,1,195,195,0
8638,1,189,189,0
8639,1,161,161,0
8640,1,71,71,0
198001,1,231,231,0
198002,1,184,184,0
198003,1,218,218,0
198004,1,205,205,0
198005,1,190,190,0
198006,1,170,170,0
198007,1,172,172,0
198008,1,247,247,0
198009,1,85,85,0
198307,1,154,154,0
198308,1,174,174,0
198309,1,213,213,0
198310,1,231,231,0
198311,1,180,180,0
198312,1,171,171,0
198313,1,164,164,0
198314,1,237,237,0
198315,1,90,90,0
199108,1,163,163,0
199109,1,169,169,0
199110,1,216,216,0
199111,1,194,194,0
199112,1,174,174,0
199113,1,251,251,0
199114,1,159,159,0
199115,1,175,175,0
199116,1,121,121,0
200269,1,229,229,0
200270,1,177,177,0
640,1,180,180,0
641,1,199,199,0
642,1,198,198,0
643,1,175,175,0
644,1,173,173,0
645,1,195,195,0
646,1,184,184,0
647,1,194,194,0
648,1,140,140,0
1153,1,163,163,0
1154,1,194,194,0
1155,1,180,180,0
1156,1,201,201,0
1157,1,214,214,0
1158,1,199,199,0
1159,1,189,189,0
1160,1,202,202,0
1161,1,96,96,0
3484,1,145,145,0
3485,1,224,224,0
3486,1,155,155,0
3487,1,165,165,0
3488,1,192,192,0
3489,1,221,221,0
3490,1,178,178,0
3491,1,198,198,0
3492,1,80,80,0
4672,1,252,252,0
4673,1,192,192,0
4674,1,205,205,0
4675,1,227,227,0
4676,1,258,258,0
4677,1,235,235,0
4678,1,183,183,0
4679,1,221,221,0
4680,1,85,85,0
4726,1,158,158,0
4727,1,188,188,0
4728,1,269,269,0
4729,1,173,173,0
4730,1,190,190,0
4731,1,190,190,0
4732,1,214,214,0
4733,1,163,163,0
4734,1,104,104,0
7462,1,177,177,0
7463,1,194,194,0
7464,1,193,193,0
7465,1,168,168,0
7466,1,232,232,0
7467,1,206,206,0
7468,1,217,217,0
7469,1,191,191,0
7470,1,126,126,0
8101,1,205,205,0
8102,1,201,201,0
8103,1,190,190,0
8104,1,175,175,0
8105,1,180,180,0
8106,1,182,182,0
8107,1,150,150,0
8108,1,189,189,0
8109,1,128,128,0
200638,1,234,234,0
200639,1,223,223,0
200640,1,168,168,0
200641,1,161,161,0
200642,1,203,203,0
200643,1,189,189,0
200644,1,265,265,0
200645,1,204,204,0
200646,1,80,80,0
201682,1,231,231,0
201683,1,228,228,0
201684,1,157,157,0
201685,1,173,173,0
201686,1,236,236,0
201687,1,180,180,0
201688,1,211,211,0
201689,1,214,214,0
201690,1,92,92,0
201691,1,153,153,0
201692,1,240,240,0
201693,1,196,196,0
201694,1,194,194,0
201695,1,199,199,0
201696,1,175,175,0
201697,1,236,236,0
201698,1,203,203,0
201699,1,104,104,0
201727,1,237,237,0
201728,1,200,200,0
201729,1,196,196,0
201730,1,200,200,0
201731,1,185,185,0
201732,1,150,150,0
201733,1,222,222,0
201734,1,234,234,0
201735,1,128,128,0
202258,1,177,177,0
202259,1,194,194,0
202260,1,172,172,0
202261,1,204,204,0
202262,1,213,213,0
202263,1,235,235,0
202264,1,253,253,0
202265,1,157,157,0
202266,1,95,95,0
202663,1,176,176,0
202664,1,158,158,0
202665,1,163,163,0
202666,1,166,166,0
202667,1,195,195,0
202668,1,242,242,0
202669,1,223,223,0
202670,1,193,193,0
202671,1,94,94,0
203014,1,242,242,0
203015,1,197,197,0
203016,1,184,184,0
203017,1,183,183,0
203018,1,220,220,0
203019,1,165,165,0
203020,1,180,180,0
203021,1,188,188,0
203022,1,89,89,0
203437,1,172,172,0
203438,1,181,181,0
203439,1,171,171,0
203440,1,217,217,0
203441,1,171,171,0
203442,1,196,196,0
203443,1,163,163,0
203444,1,234,234,0
203445,1,128,128,0
203464,1,191,191,0
203465,1,167,167,0
203466,1,229,229,0
203467,1,168,168,0
203468,1,261,261,0
203469,1,193,193,0
203470,1,178,178,0
203471,1,262,262,0
203472,1,83,83,0
206173,1,221,221,0
206174,1,256,256,0
206175,1,194,194,0
206176,1,179,179,0
206177,1,234,234,0
206178,1,222,222,0
206179,1,209,209,0
206180,1,259,259,0
206181,1,127,127,0
649,1,258,258,0
650,1,168,168,0
651,1,176,176,0
652,1,168,168,0
653,1,223,223,0
654,1,169,169,0
655,1,168,168,0
656,1,245,245,0
657,1,74,74,0
721,1,194,194,0
722,1,198,198,0
723,1,184,184,0
724,1,240,240,0
725,1,175,175,0
726,1,201,201,0
727,1,233,233,0
728,1,200,200,0
729,1,109,109,0
730,1,197,197,0
731,1,211,211,0
732,1,176,176,0
733,1,226,226,0
734,1,224,224,0
735,1,225,225,0
736,1,209,209,0
737,1,195,195,0
738,1,104,104,0
4852,1,181,181,0
4853,1,201,201,0
4854,1,174,174,0
4855,1,227,227,0
4856,1,172,172,0
4857,1,162,162,0
4858,1,168,168,0
4859,1,178,178,0
4860,1,112,112,0
5014,1,190,190,0
5015,1,181,181,0
5016,1,220,220,0
5017,1,175,175,0
5018,1,168,168,0
5019,1,154,154,0
5020,1,203,203,0
5021,1,239,239,0
5022,1,118,118,0
5320,1,233,233,0
5321,1,183,183,0
5322,1,244,244,0
5323,1,234,234,0
5324,1,166,166,0
5325,1,178,178,0
5326,1,195,195,0
5327,1,220,220,0
5328,1,115,115,0
5338,1,234,234,0
5339,1,178,178,0
5340,1,261,261,0
5341,1,158,158,0
5342,1,205,205,0
5343,1,168,168,0
5344,1,241,241,0
5345,1,235,235,0
5346,1,99,99,0
5392,1,217,217,0
5393,1,225,225,0
5394,1,217,217,0
5395,1,251,251,0
5396,1,188,188,0
5397,1,261,261,0
5398,1,174,174,0
5399,1,171,171,0
5400,1,97,97,0
5410,1,233,233,0
5411,1,181,181,0
5412,1,175,175,0
5413,1,212,212,0
5414,1,137,137,0
5415,1,184,184,0
5416,1,169,169,0
5417,1,167,167,0
5418,1,110,110,0
5455,1,167,167,0
5456,1,213,213,0
5457,1,243,243,0
5458,1,200,200,0
5459,1,256,256,0
5460,1,202,202,0
5461,1,201,201,0
5462,1,171,171,0
5463,1,98,98,0
5482,1,215,215,0
5483,1,180,180,0
5484,1,193,193,0
5485,1,180,180,0
5486,1,245,245,0
5487,1,252,252,0
5488,1,168,168,0
5489,1,222,222,0
5490,1,119,119,0
5500,1,161,161,0
5501,1,185,185,0
5502,1,209,209,0
5503,1,240,240,0
5504,1,229,229,0
5505,1,224,224,0
5506,1,261,261,0
5507,1,157,157,0
5508,1,114,114,0
5572,1,211,211,0
5573,1,191,191,0
5574,1,233,233,0
5575,1,204,204,0
5576,1,257,257,0
5577,1,242,242,0
5578,1,211,211,0
5579,1,177,177,0
5580,1,108,108,0
7120,1,188,188,0
7121,1,202,202,0
7122,1,185,185,0
7123,1,170,170,0
7124,1,180,180,0
7125,1,215,215,0
7126,1,176,176,0
7127,1,168,168,0
7128,1,85,85,0
7210,1,205,205,0
7211,1,201,201,0
7212,1,171,171,0
7213,1,183,183,0
7214,1,156,156,0
7215,1,172,172,0
7216,1,200,200,0
7217,1,191,191,0
7218,1,74,74,0
7561,1,203,203,0
7562,1,194,194,0
7563,1,165,165,0
7564,1,189,189,0
7565,1,176,176,0
7566,1,168,168,0
7567,1,173,173,0
7568,1,154,154,0
7569,1,107,107,0
7894,1,187,187,0
7895,1,203,203,0
7896,1,198,198,0
7897,1,189,189,0
7898,1,196,196,0
7899,1,230,230,0
7900,1,174,174,0
7901,1,167,167,0
7902,1,84,84,0
2755,1,216,216,0
2756,1,217,217,0
2757,1,216,216,0
2758,1,225,225,0
2759,1,229,229,0
2760,1,218,218,0
2761,1,202,202,0
2762,1,241,241,0
2763,1,99,99,0
4447,1,214,214,0
4448,1,221,221,0
4449,1,185,185,0
4450,1,178,178,0
4451,1,169,169,0
4452,1,193,193,0
4453,1,174,174,0
4454,1,194,194,0
4455,1,92,92,0
4537,1,178,178,0
4538,1,256,256,0
4539,1,169,169,0
4540,1,198,198,0
4541,1,172,172,0
4542,1,177,177,0
4543,1,165,165,0
4544,1,261,261,0
4545,1,121,121,0
4591,1,172,172,0
4592,1,163,163,0
4593,1,200,200,0
4594,1,242,242,0
4595,1,186,186,0
4596,1,245,245,0
4597,1,181,181,0
4598,1,176,176,0
4599,1,96,96,0
4600,1,191,191,0
4601,1,246,246,0
4602,1,173,173,0
4603,1,202,202,0
4604,1,215,215,0
4605,1,227,227,0
4606,1,217,217,0
4607,1,242,242,0
4608,1,139,139,0
6688,1,212,212,0
6689,1,217,217,0
6690,1,253,253,0
6691,1,188,188,0
6692,1,203,203,0
6693,1,158,158,0
6694,1,185,185,0
6695,1,203,203,0
6696,1,80,80,0
6823,1,150,150,0
6824,1,232,232,0
6825,1,155,155,0
6826,1,173,173,0
6827,1,246,246,0
6828,1,225,225,0
6829,1,158,158,0
6830,1,205,205,0
6831,1,126,126,0
6850,1,199,199,0
6851,1,249,249,0
6852,1,183,183,0
6853,1,169,169,0
6854,1,172,172,0
6855,1,192,192,0
6856,1,217,217,0
6857,1,190,190,0
6858,1,94,94,0
7930,1,186,186,0
7931,1,181,181,0
7932,1,176,176,0
7933,1,251,251,0
7934,1,234,234,0
7935,1,195,195,0
7936,1,164,164,0
7937,1,210,210,0
7938,1,75,75,0
8065,1,158,158,0
8066,1,189,189,0
8067,1,153,153,0
8068,1,189,189,0
8069,1,175,175,0
8070,1,144,144,0
8071,1,197,197,0
8072,1,190,190,0
8073,1,82,82,0
8191,1,203,203,0
8192,1,163,163,0
8193,1,162,162,0
8194,1,184,184,0
8195,1,212,212,0
8196,1,179,179,0
8197,1,179,179,0
8198,1,227,227,0
8199,1,91,91,0
198874,1,165,165,0
198875,1,207,207,0
198876,1,171,171,0
198877,1,190,190,0
198878,1,223,223,0
198879,1,222,222,0
198880,1,152,152,0
198881,1,239,239,0
198882,1,99,99,0
198937,1,196,196,0
198938,1,200,200,0
198939,1,150,150,0
198940,1,245,245,0
198941,1,187,187,0
198942,1,229,229,0
198943,1,178,178,0
198944,1,230,230,0
198945,1,112,112,0
199900,1,166,166,0
199901,1,188,188,0
199902,1,181,181,0
199903,1,239,239,0
199904,1,177,177,0
199905,1,159,159,0
199906,1,182,182,0
199907,1,202,202,0
199908,1,84,84,0
200602,1,219,219,0
200603,1,165,165,0
200604,1,168,168,0
200605,1,173,173,0
200606,1,221,221,0
200607,1,190,190,0
200608,1,188,188,0
200609,1,189,189,0
200610,1,68,68,0
201124,1,179,179,0
201125,1,169,169,0
201126,1,178,178,0
201127,1,187,187,0
201128,1,196,196,0
201129,1,170,170,0
201130,1,163,163,0
201131,1,182,182,0
201132,1,84,84,0
201637,1,207,207,0
201638,1,192,192,0
201639,1,160,160,0
201640,1,226,226,0
201641,1,156,156,0
201642,1,213,213,0
201643,1,184,184,0
201644,1,188,188,0
201645,1,99,99,0
201898,1,208,208,0
201899,1,247,247,0
201900,1,160,160,0
4834,1,166,166,0
4835,1,228,228,0
4836,1,227,227,0
4837,1,161,161,0
4838,1,200,200,0
4839,1,234,234,0
4840,1,188,188,0
4841,1,143,143,0
4842,1,92,92,0
4942,1,207,207,0
4943,1,167,167,0
4944,1,209,209,0
4945,1,178,178,0
4946,1,205,205,0
4947,1,155,155,0
4948,1,189,189,0
4949,1,187,187,0
4950,1,115,115,0
5113,1,221,221,0
5114,1,228,228,0
5115,1,201,201,0
5116,1,218,218,0
5117,1,178,178,0
5118,1,219,219,0
5119,1,253,253,0
5120,1,170,170,0
5121,1,89,89,0
5581,1,182,182,0
5582,1,228,228,0
5583,1,197,197,0
5584,1,207,207,0
5585,1,167,167,0
5586,1,249,249,0
5587,1,179,179,0
5588,1,180,180,0
5589,1,88,88,0
6841,1,166,166,0
6842,1,167,167,0
6843,1,155,155,0
6844,1,147,147,0
6845,1,226,226,0
6846,1,186,186,0
6847,1,216,216,0
6848,1,171,171,0
6849,1,80,80,0
6958,1,229,229,0
6959,1,264,264,0
6960,1,211,211,0
6961,1,155,155,0
6962,1,222,222,0
6963,1,170,170,0
6964,1,171,171,0
6965,1,179,179,0
6966,1,121,121,0
7624,1,179,179,0
7625,1,210,210,0
7626,1,179,179,0
7627,1,256,256,0
7628,1,207,207,0
7629,1,230,230,0
7630,1,200,200,0
7631,1,175,175,0
7632,1,87,87,0
8641,1,176,176,0
8642,1,199,199,0
8643,1,179,179,0
8644,1,165,165,0
8645,1,261,261,0
8646,1,262,262,0
8647,1,223,223,0
8648,1,213,213,0
8649,1,99,99,0
198352,1,192,192,0
198353,1,174,174,0
198354,1,244,244,0
198355,1,159,159,0
198356,1,178,178,0
198357,1,243,243,0
198358,1,179,179,0
198359,1,227,227,0
198360,1,94,94,0
199153,1,243,243,0
199154,1,206,206,0
199155,1,206,206,0
199156,1,232,232,0
199157,1,166,166,0
199158,1,211,211,0
199159,1,159,159,0
199160,1,181,181,0
199161,1,116,116,0
200746,1,168,168,0
200747,1,253,253,0
200748,1,218,218,0
200749,1,233,233,0
200750,1,194,194,0
200751,1,193,193,0
200752,1,254,254,0
200753,1,168,168,0
200754,1,86,86,0
200809,1,197,197,0
200810,1,170,170,0
200811,1,187,187,0
200812,1,213,213,0
200813,1,225,225,0
200814,1,167,167,0
200815,1,185,185,0
200816,1,187,187,0
200817,1,92,92,0
201817,1,183,183,0
201818,1,178,178,0
201819,1,158,158,0
201820,1,175,175,0
201821,1,211,211,0
201822,1,195,195,0
201823,1,217,217,0
201824,1,168,168,0
201825,1,85,85,0
202510,1,198,198,0
202511,1,238,238,0
202512,1,163,163,0
202513,1,210,210,0
202514,1,224,224,0
202515,1,190,190,0
202516,1,167,167,0
202517,1,180,180,0
202518,1,98,98,0
202762,1,158,158,0
202763,1,213,213,0
202764,1,173,173,0
202765,1,171,171,0
202766,1,196,196,0
202767,1,178,178,0
202768,1,216,216,0
202769,1,221,221,0
202770,1,69,69,0
205489,1,271,271,0
205490,1,184,184,0
205491,1,175,175,0
205492,1,218,218,0
205493,1,201,201,0
205494,1,218,218,0
205495,1,166,166,0
205496,1,180,180,0
205497,1,89,89,0
205534,1,190,190,0
205535,1,205,205,0
205536,1,194,194,0
205537,1,228,228,0
205538,1,240,240,0
205539,1,228,228,0
205540,1,189,189,0
205541,1,181,181,0
205542,1,104,104,0
205678,1,169,169,0
82,1,215,215,0
83,1,197,197,0
84,1,232,232,0
85,1,227,227,0
86,1,228,228,0
87,1,201,201,0
88,1,166,166,0
89,1,174,174,0
90,1,109,109,0
3223,1,192,192,0
3224,1,249,249,0
3225,1,262,262,0
3226,1,167,167,0
3227,1,220,220,0
3228,1,214,214,0
3229,1,183,183,0
3230,1,148,148,0
3231,1,109,109,0
4375,1,190,190,0
4376,1,214,214,0
4377,1,209,209,0
4378,1,257,257,0
4379,1,218,218,0
4380,1,169,169,0
4381,1,180,180,0
4382,1,169,169,0
4383,1,94,94,0
5518,1,231,231,0
5519,1,170,170,0
5520,1,184,184,0
5521,1,230,230,0
5522,1,162,162,0
5523,1,194,194,0
5524,1,188,188,0
5525,1,186,186,0
5526,1,98,98,0
6085,1,197,197,0
6086,1,166,166,0
6087,1,216,216,0
6088,1,226,226,0
6089,1,191,191,0
6090,1,241,241,0
6091,1,225,225,0
6092,1,194,194,0
6093,1,77,77,0
6292,1,262,262,0
6293,1,253,253,0
6294,1,206,206,0
6295,1,196,196,0
6296,1,211,211,0
6297,1,196,196,0
6298,1,210,210,0
6299,1,180,180,0
6300,1,90,90,0
198658,1,152,152,0
198659,1,228,228,0
198660,1,181,181,0
198661,1,195,195,0
198662,1,207,207,0
198663,1,180,180,0
198664,1,191,191,0
198665,1,207,207,0
198666,1,79,79,0
198757,1,194,194,0
198758,1,189,189,0
198759,1,182,182,0
198760,1,180,180,0
198761,1,180,180,0
198762,1,202,202,0
198763,1,210,210,0
198764,1,200,200,0
198765,1,121,121,0
198883,1,231,231,0
198884,1,179,179,0
198885,1,256,256,0
198886,1,249,249,0
198887,1,211,211,0
198888,1,181,181,0
198889,1,227,227,0
198890,1,174,174,0
198891,1,104,104,0
199612,1,243,243,0
199613,1,240,240,0
199614,1,202,202,0
199615,1,160,160,0
199616,1,210,210,0
199617,1,268,268,0
199618,1,163,163,0
199619,1,198,198,0
199620,1,89,89,0
199648,1,237,237,0
199649,1,176,176,0
199650,1,214,214,0
199651,1,190,190,0
199652,1,180,180,0
199653,1,230,230,0
199654,1,166,166,0
199655,1,186,186,0
199656,1,90,90,0
199927,1,226,226,0
199928,1,172,172,0
199929,1,175,175,0
199930,1,254,254,0
199931,1,231,231,0
199932,1,202,202,0
199933,1,178,178,0
199934,1,182,182,0
199935,1,119,119,0
200359,1,179,179,0
200360,1,160,160,0
200361,1,239,239,0
200362,1,227,227,0
200363,1,165,165,0
200364,1,213,213,0
200365,1,212,212,0
200366,1,213,213,0
200367,1,104,104,0
200629,1,162,162,0
200630,1,205,205,0
200631,1,190,190,0
200632,1,207,207,0
200633,1,155,155,0
200634,1,170,170,0
200635,1,172,172,0
200636,1,167,167,0
200637,1,109,109,0
200647,1,214,214,0
200648,1,184,184,0
200649,1,231,231,0
200650,1,165,165,0
200651,1,217,217,0
200652,1,160,160,0
200653,1,194,194,0
200654,1,216,216,0
200655,1,96,96,0
202717,1,182,182,0
202718,1,216,216,0
202719,1,193,193,0
202720,1,228,228,0
202721,1,181,181,0
202722,1,188,188,0
202723,1,177,177,0
202724,1,250,250,0
202725,1,82,82,0
206425,1,167,167,0
206426,1,208,208,0
206427,1,219,219,0
206428,1,196,196,0
206429,1,198,198,0
206432,1,197,197,0
206433,1,125,125,0
8803,1,201,201,0
8804,1,178,178,0
8805,1,199,199,0
8806,1,182,182,0
8807,1,166,166,0
8808,1,152,152,0
8809,1,227,227,0
8810,1,230,230,0
8811,1,112,112,0
8821,1,193,193,0
8822,1,213,213,0
8823,1,204,204,0
8824,1,173,173,0
8825,1,211,211,0
8826,1,165,165,0
8827,1,201,201,0
8828,1,178,178,0
8829,1,118,118,0
201304,1,181,181,0
201305,1,223,223,0
201306,1,221,221,0
201307,1,185,185,0
201308,1,167,167,0
201309,1,210,210,0
201310,1,167,167,0
201311,1,215,215,0
201312,1,98,98,0
205561,1,253,253,0
205562,1,208,208,0
205563,1,212,212,0
205564,1,212,212,0
205565,1,174,174,0
205566,1,189,189,0
205567,1,240,240,0
205568,1,231,231,0
205569,1,86,86,0
205588,1,183,183,0
205589,1,208,208,0
205590,1,199,199,0
205591,1,156,156,0
205592,1,181,181,0
205593,1,196,196,0
205594,1,239,239,0
205595,1,173,173,0
205596,1,98,98,0
205606,1,276,276,0
205607,1,219,219,0
205608,1,181,181,0
205609,1,155,155,0
205610,1,159,159,0
205611,1,209,209,0
205612,1,188,188,0
205613,1,174,174,0
205614,1,109,109,0
205723,1,205,205,0
205724,1,241,241,0
205725,1,209,209,0
205726,1,195,195,0
205727,1,186,186,0
205728,1,182,182,0
205729,1,166,166,0
205730,1,164,164,0
205731,1,129,129,0
205858,1,219,219,0
205859,1,253,253,0
205860,1,176,176,0
205861,1,253,253,0
205862,1,176,176,0
205863,1,159,159,0
205864,1,253,253,0
205865,1,202,202,0
205866,1,127,127,0
205885,1,186,186,0
205886,1,177,177,0
205887,1,157,157,0
205888,1,191,191,0
205889,1,187,187,0
205890,1,185,185,0
205891,1,176,176,0
205892,1,161,161,0
205893,1,98,98,0
206272,1,155,155,0
206273,1,180,180,0
206274,1,184,184,0
206275,1,227,227,0
206276,1,198,198,0
206277,1,186,186,0
206278,1,193,193,0
206279,1,214,214,0
206280,1,94,94,0
206578,1,241,241,0
206579,1,225,225,0
206580,1,191,191,0
206581,1,227,227,0
206582,1,227,227,0
206583,1,161,161,0
206584,1,173,173,0
206585,1,195,195,0
206586,1,88,88,0
206686,1,258,258,0
206687,1,168,168,0
206688,1,166,166,0
206689,1,162,162,0
206690,1,178,178,0
206691,1,226,226,0
206692,1,219,219,0
206693,1,173,173,0
206694,1,95,95,0
206740,1,227,227,0
206741,1,260,260,0
206742,1,195,195,0
206743,1,231,231,0
206744,1,165,165,0
206745,1,156,156,0
206746,1,190,190,0
206747,1,179,179,0
206748,1,107,107,0
206758,1,161,161,0
206759,1,252,252,0
206760,1,171,171,0
206761,1,189,189,0
206762,1,252,252,0
206763,1,204,204,0
206764,1,193,193,0
206765,1,205,205,0
206766,1,86,86,0
206776,1,157,157,0
206777,1,183,183,0
206778,1,230,230,0
206779,1,175,175,0
206780,1,200,200,0
206781,1,186,186,0
206782,1,232,232,0
206783,1,201,201,0
206784,1,78,78,0
206821,1,205,205,0
206822,1,213,213,0
206823,1,185,185,0
206824,1,241,241,0
206825,1,191,191,0
206826,1,180,180,0
206827,1,189,189,0
206828,1,194,194,0
206829,1,76,76,0
206848,1,253,253,0
206849,1,176,176,0
206850,1,248,248,0
206851,1,185,185,0
206852,1,163,163,0
206853,1,197,197,0
206854,1,168,168,0
206855,1,208,208,0
206856,1,99,99,0
206893,1,224,224,0
739,1,211,211,0
740,1,254,254,0
741,1,187,187,0
742,1,162,162,0
743,1,178,178,0
744,1,170,170,0
745,1,187,187,0
746,1,222,222,0
747,1,118,118,0
820,1,196,196,0
821,1,197,197,0
822,1,166,166,0
823,1,221,221,0
824,1,160,160,0
825,1,199,199,0
826,1,175,175,0
827,1,255,255,0
828,1,95,95,0
883,1,212,212,0
884,1,198,198,0
885,1,159,159,0
886,1,227,227,0
887,1,163,163,0
888,1,269,269,0
889,1,193,193,0
890,1,185,185,0
891,1,90,90,0
919,1,253,253,0
920,1,187,187,0
921,1,164,164,0
922,1,244,244,0
923,1,253,253,0
924,1,166,166,0
925,1,199,199,0
926,1,232,232,0
927,1,108,108,0
8830,1,173,173,0
8831,1,236,236,0
8832,1,224,224,0
8833,1,203,203,0
8834,1,228,228,0
8835,1,223,223,0
8836,1,171,171,0
8837,1,158,158,0
8838,1,109,109,0
8848,1,206,206,0
8849,1,154,154,0
8850,1,185,185,0
8851,1,199,199,0
8852,1,214,214,0
8853,1,235,235,0
8854,1,221,221,0
8855,1,190,190,0
8856,1,107,107,0
8857,1,217,217,0
8858,1,269,269,0
8859,1,217,217,0
8860,1,246,246,0
8861,1,182,182,0
8862,1,185,185,0
8863,1,194,194,0
8864,1,199,199,0
8865,1,93,93,0
8884,1,239,239,0
8885,1,226,226,0
8886,1,213,213,0
8887,1,262,262,0
8888,1,175,175,0
8889,1,190,190,0
8890,1,247,247,0
8891,1,169,169,0
8892,1,108,108,0
198118,1,188,188,0
198119,1,227,227,0
198120,1,196,196,0
198121,1,234,234,0
198122,1,183,183,0
198123,1,195,195,0
198124,1,221,221,0
198125,1,227,227,0
198126,1,112,112,0
198145,1,249,249,0
198146,1,223,223,0
198147,1,185,185,0
198148,1,222,222,0
198149,1,162,162,0
198150,1,232,232,0
198151,1,249,249,0
198152,1,191,191,0
198153,1,97,97,0
198226,1,195,195,0
198227,1,192,192,0
198228,1,201,201,0
198229,1,181,181,0
198230,1,219,219,0
198231,1,224,224,0
198232,1,240,240,0
198233,1,192,192,0
198234,1,89,89,0
201412,1,176,176,0
201413,1,257,257,0
201414,1,168,168,0
201415,1,218,218,0
201416,1,186,186,0
201417,1,179,179,0
201418,1,205,205,0
201419,1,174,174,0
201420,1,94,94,0
205615,1,168,168,0
205616,1,191,191,0
205617,1,232,232,0
205618,1,213,213,0
205619,1,218,218,0
205620,1,173,173,0
205621,1,242,242,0
205622,1,204,204,0
205623,1,117,117,0
205642,1,190,190,0
205643,1,173,173,0
205644,1,229,229,0
205645,1,246,246,0
205646,1,191,191,0
205647,1,258,258,0
205648,1,261,261,0
205649,1,195,195,0
205650,1,116,116,0
205777,1,230,230,0
205778,1,182,182,0
205779,1,221,221,0
205780,1,219,219,0
205781,1,191,191,0
205782,1,193,193,0
205783,1,168,168,0
205784,1,154,154,0
205785,1,87,87,0
205786,1,209,209,0
205787,1,203,203,0
205788,1,214,214,0
205789,1,192,192,0
205790,1,169,169,0
205791,1,219,219,0
205792,1,159,159,0
205793,1,169,169,0
205794,1,90,90,0
206488,1,174,174,0
206489,1,253,253,0
206490,1,164,164,0
206491,1,184,184,0
206496,1,110,110,0
4069,1,183,183,0
4070,1,198,198,0
4071,1,209,209,0
4072,1,164,164,0
4073,1,240,240,0
4074,1,179,179,0
4075,1,201,201,0
4076,1,179,179,0
4077,1,102,102,0
4168,1,181,181,0
4169,1,183,183,0
4170,1,229,229,0
4171,1,172,172,0
4172,1,222,222,0
4173,1,245,245,0
4174,1,173,173,0
4175,1,187,187,0
4176,1,103,103,0
4276,1,176,176,0
4277,1,195,195,0
4278,1,188,188,0
4279,1,214,214,0
4280,1,210,210,0
4281,1,167,167,0
4282,1,186,186,0
4283,1,168,168,0
4284,1,98,98,0
4474,1,183,183,0
4475,1,246,246,0
4476,1,188,188,0
4477,1,164,164,0
4478,1,158,158,0
4479,1,181,181,0
4480,1,176,176,0
4481,1,193,193,0
4482,1,84,84,0
4510,1,166,166,0
4511,1,191,191,0
4512,1,251,251,0
4513,1,207,207,0
4514,1,166,166,0
4515,1,181,181,0
4516,1,191,191,0
4517,1,233,233,0
4518,1,124,124,0
4888,1,201,201,0
4889,1,257,257,0
4890,1,234,234,0
4891,1,163,163,0
4892,1,199,199,0
4893,1,164,164,0
4894,1,170,170,0
4895,1,233,233,0
4896,1,83,83,0
6175,1,191,191,0
6176,1,158,158,0
6177,1,179,179,0
6178,1,208,208,0
6179,1,235,235,0
6180,1,161,161,0
6181,1,183,183,0
6182,1,158,158,0
6183,1,107,107,0
6643,1,212,212,0
6644,1,197,197,0
6645,1,200,200,0
6646,1,156,156,0
6647,1,216,216,0
6648,1,173,173,0
6649,1,178,178,0
6650,1,190,190,0
6651,1,116,116,0
8506,1,232,232,0
8507,1,200,200,0
8508,1,190,190,0
8509,1,253,253,0
8510,1,208,208,0
8511,1,181,181,0
8512,1,190,190,0
8513,1,196,196,0
8514,1,80,80,0
200620,1,220,220,0
200621,1,174,174,0
200622,1,178,178,0
200623,1,219,219,0
200624,1,179,179,0
200625,1,169,169,0
200626,1,205,205,0
200627,1,189,189,0
200628,1,111,111,0
200881,1,200,200,0
200882,1,205,205,0
200883,1,244,244,0
200884,1,170,170,0
200885,1,190,190,0
200886,1,167,167,0
200887,1,201,201,0
200888,1,179,179,0
200889,1,92,92,0
201034,1,193,193,0
201035,1,184,184,0
201036,1,204,204,0
201037,1,204,204,0
201038,1,210,210,0
201039,1,157,157,0
201040,1,199,199,0
201041,1,200,200,0
201042,1,128,128,0
201808,1,200,200,0
201809,1,208,208,0
201810,1,224,224,0
201811,1,200,200,0
201812,1,179,179,0
201813,1,193,193,0
201814,1,210,210,0
201815,1,181,181,0
201816,1,96,96,0
202024,1,178,178,0
202025,1,188,188,0
202026,1,246,246,0
202027,1,225,225,0
202028,1,201,201,0
202029,1,179,179,0
202030,1,242,242,0
202031,1,233,233,0
202032,1,74,74,0
202447,1,164,164,0
202448,1,158,158,0
202449,1,206,206,0
202450,1,246,246,0
202451,1,189,189,0
202452,1,197,197,0
202453,1,193,193,0
202454,1,209,209,0
202455,1,134,134,0
202492,1,196,196,0
202493,1,233,233,0
202494,1,211,211,0
202495,1,224,224,0
202496,1,185,185,0
202497,1,220,220,0
202498,1,260,260,0
202499,1,206,206,0
202500,1,116,116,0
202519,1,165,165,0
202520,1,228,228,0
202521,1,183,183,0
202522,1,163,163,0
202523,1,156,156,0
202524,1,192,192,0
202525,1,256,256,0
202526,1,160,160,0
202527,1,86,86,0
202627,1,164,164,0
280,1,166,166,0
281,1,181,181,0
282,1,171,171,0
283,1,200,200,0
284,1,211,211,0
285,1,180,180,0
286,1,237,237,0
287,1,161,161,0
288,1,85,85,0
676,1,170,170,0
677,1,209,209,0
678,1,158,158,0
679,1,178,178,0
680,1,163,163,0
681,1,231,231,0
682,1,218,218,0
683,1,198,198,0
684,1,100,100,0
4231,1,176,176,0
4232,1,221,221,0
4233,1,169,169,0
4234,1,215,215,0
4235,1,175,175,0
4236,1,185,185,0
4237,1,180,180,0
4238,1,180,180,0
4239,1,82,82,0
7336,1,222,222,0
7337,1,167,167,0
7338,1,253,253,0
7339,1,180,180,0
7340,1,194,194,0
7341,1,200,200,0
7342,1,196,196,0
7343,1,168,168,0
7344,1,93,93,0
7372,1,235,235,0
7373,1,170,170,0
7374,1,168,168,0
7375,1,186,186,0
7376,1,187,187,0
7377,1,179,179,0
7378,1,190,190,0
7379,1,168,168,0
7380,1,103,103,0
7417,1,209,209,0
7418,1,230,230,0
7419,1,227,227,0
7420,1,181,181,0
7421,1,196,196,0
7422,1,186,186,0
7423,1,186,186,0
7424,1,186,186,0
7425,1,101,101,0
7633,1,255,255,0
7634,1,199,199,0
7635,1,231,231,0
7636,1,237,237,0
7637,1,182,182,0
7638,1,215,215,0
7639,1,205,205,0
7640,1,232,232,0
7641,1,89,89,0
7660,1,175,175,0
7661,1,164,164,0
7662,1,201,201,0
7663,1,206,206,0
7664,1,210,210,0
7665,1,185,185,0
7666,1,190,190,0
7667,1,179,179,0
7668,1,86,86,0
7696,1,162,162,0
7697,1,172,172,0
7698,1,194,194,0
7699,1,242,242,0
7700,1,204,204,0
7701,1,189,189,0
7702,1,188,188,0
7703,1,231,231,0
7704,1,95,95,0
8659,1,190,190,0
8660,1,211,211,0
8661,1,200,200,0
8662,1,167,167,0
8663,1,224,224,0
8664,1,187,187,0
8665,1,205,205,0
8666,1,188,188,0
8667,1,113,113,0
200332,1,171,171,0
200333,1,213,213,0
200334,1,241,241,0
200335,1,178,178,0
200336,1,227,227,0
200337,1,237,237,0
200338,1,181,181,0
200339,1,223,223,0
200340,1,95,95,0
200377,1,213,213,0
200378,1,211,211,0
200379,1,239,239,0
200380,1,194,194,0
200381,1,208,208,0
200382,1,203,203,0
200383,1,204,204,0
200384,1,219,219,0
200385,1,97,97,0
200467,1,214,214,0
200468,1,234,234,0
200469,1,202,202,0
200470,1,186,186,0
200471,1,185,185,0
200472,1,237,237,0
200473,1,211,211,0
200474,1,214,214,0
200475,1,119,119,0
201007,1,243,243,0
201008,1,181,181,0
201009,1,247,247,0
201010,1,192,192,0
201011,1,171,171,0
201012,1,227,227,0
201013,1,163,163,0
201014,1,253,253,0
201015,1,105,105,0
201016,1,227,227,0
201017,1,184,184,0
201018,1,195,195,0
201019,1,157,157,0
201020,1,183,183,0
201021,1,208,208,0
201022,1,242,242,0
201023,1,202,202,0
201024,1,112,112,0
202267,1,190,190,0
202268,1,179,179,0
202269,1,210,210,0
202270,1,203,203,0
202271,1,178,178,0
202272,1,165,165,0
202273,1,205,205,0
202274,1,182,182,0
202275,1,83,83,0
202402,1,189,189,0
202403,1,223,223,0
202404,1,160,160,0
202405,1,240,240,0
202406,1,173,173,0
202407,1,214,214,0
202408,1,173,173,0
202409,1,190,190,0
202410,1,111,111,0
451,1,223,223,0
452,1,225,225,0
453,1,205,205,0
454,1,244,244,0
455,1,220,220,0
456,1,203,203,0
457,1,216,216,0
458,1,199,199,0
459,1,103,103,0
1171,1,171,171,0
1172,1,181,181,0
1173,1,188,188,0
1174,1,225,225,0
1175,1,273,273,0
1176,1,209,209,0
1177,1,177,177,0
1178,1,239,239,0
1179,1,86,86,0
5563,1,225,225,0
5564,1,201,201,0
5565,1,226,226,0
5566,1,185,185,0
5567,1,157,157,0
5568,1,206,206,0
5569,1,228,228,0
5570,1,212,212,0
5571,1,120,120,0
8074,1,157,157,0
8075,1,215,215,0
8076,1,195,195,0
8077,1,182,182,0
8078,1,183,183,0
8079,1,154,154,0
8080,1,191,191,0
8081,1,210,210,0
8082,1,95,95,0
8668,1,220,220,0
8669,1,181,181,0
8670,1,173,173,0
8671,1,155,155,0
8672,1,183,183,0
8673,1,256,256,0
8674,1,168,168,0
8675,1,192,192,0
8676,1,100,100,0
8902,1,191,191,0
8903,1,228,228,0
8904,1,152,152,0
8905,1,192,192,0
8906,1,236,236,0
8907,1,201,201,0
8908,1,168,168,0
8909,1,162,162,0
8910,1,122,122,0
198082,1,169,169,0
198083,1,225,225,0
198084,1,209,209,0
198085,1,225,225,0
198086,1,209,209,0
198087,1,225,225,0
198088,1,208,208,0
198089,1,230,230,0
198090,1,99,99,0
200404,1,210,210,0
200405,1,221,221,0
200406,1,230,230,0
200407,1,154,154,0
200408,1,232,232,0
200409,1,159,159,0
200410,1,183,183,0
200411,1,176,176,0
200412,1,79,79,0
200548,1,193,193,0
200549,1,242,242,0
200550,1,173,173,0
200551,1,193,193,0
200552,1,195,195,0
200553,1,220,220,0
200554,1,237,237,0
200555,1,187,187,0
200556,1,105,105,0
201385,1,213,213,0
201386,1,162,162,0
201387,1,159,159,0
201388,1,162,162,0
201389,1,241,241,0
201390,1,204,204,0
201391,1,226,226,0
201392,1,159,159,0
201393,1,90,90,0
201502,1,191,191,0
201503,1,183,183,0
201504,1,249,249,0
201505,1,159,159,0
201506,1,254,254,0
201507,1,177,177,0
201508,1,166,166,0
201509,1,250,250,0
201510,1,118,118,0
201664,1,239,239,0
201665,1,238,238,0
201666,1,190,190,0
201667,1,168,168,0
201668,1,172,172,0
201669,1,201,201,0
201670,1,175,175,0
201671,1,203,203,0
201672,1,86,86,0
201673,1,201,201,0
201674,1,203,203,0
201675,1,227,227,0
201676,1,205,205,0
201677,1,184,184,0
201678,1,171,171,0
201679,1,180,180,0
201680,1,183,183,0
201681,1,84,84,0
201844,1,243,243,0
201845,1,166,166,0
201846,1,169,169,0
201847,1,179,179,0
201848,1,171,171,0
201849,1,174,174,0
201850,1,165,165,0
201851,1,222,222,0
201852,1,93,93,0
202708,1,263,263,0
202709,1,189,189,0
202710,1,212,212,0
202711,1,224,224,0
202712,1,177,177,0
202713,1,225,225,0
202714,1,248,248,0
202715,1,204,204,0
202716,1,104,104,0
202771,1,220,220,0
202772,1,228,228,0
202773,1,270,270,0
202774,1,187,187,0
202775,1,174,174,0
202776,1,183,183,0
202777,1,235,235,0
202778,1,254,254,0
202779,1,104,104,0
202888,1,187,187,0
202889,1,187,187,0
202890,1,196,196,0
202891,1,184,184,0
202892,1,165,165,0
202893,1,161,161,0
202894,1,193,193,0
202895,1,185,185,0
244,1,171,171,0
245,1,178,178,0
246,1,244,244,0
247,1,219,219,0
248,1,181,181,0
249,1,189,189,0
250,1,186,186,0
251,1,225,225,0
252,1,90,90,0
4699,1,215,215,0
4700,1,158,158,0
4701,1,194,194,0
4702,1,246,246,0
4703,1,234,234,0
4704,1,236,236,0
4705,1,162,162,0
4706,1,189,189,0
4707,1,105,105,0
5365,1,191,191,0
5366,1,168,168,0
5367,1,209,209,0
5368,1,175,175,0
5369,1,196,196,0
5370,1,206,206,0
5371,1,231,231,0
5372,1,242,242,0
5373,1,122,122,0
7021,1,170,170,0
7022,1,219,219,0
7023,1,174,174,0
7024,1,240,240,0
7025,1,224,224,0
7026,1,203,203,0
7027,1,218,218,0
7028,1,166,166,0
7029,1,82,82,0
7480,1,245,245,0
7481,1,258,258,0
7482,1,196,196,0
7483,1,207,207,0
7484,1,254,254,0
7485,1,197,197,0
7486,1,217,217,0
7487,1,171,171,0
7488,1,103,103,0
7777,1,238,238,0
7778,1,179,179,0
7779,1,241,241,0
7780,1,167,167,0
7781,1,237,237,0
7782,1,213,213,0
7783,1,172,172,0
7784,1,172,172,0
7785,1,101,101,0
8875,1,216,216,0
8876,1,176,176,0
8877,1,165,165,0
8878,1,186,186,0
8879,1,198,198,0
8880,1,253,253,0
8881,1,262,262,0
8882,1,204,204,0
8883,1,120,120,0
200449,1,194,194,0
200450,1,255,255,0
200451,1,215,215,0
200452,1,178,178,0
200453,1,202,202,0
200454,1,205,205,0
200455,1,236,236,0
200456,1,206,206,0
200457,1,95,95,0
200458,1,227,227,0
200459,1,200,200,0
200460,1,165,165,0
200461,1,204,204,0
200462,1,276,276,0
200463,1,209,209,0
200464,1,182,182,0
200465,1,224,224,0
200466,1,122,122,0
200566,1,222,222,0
200567,1,159,159,0
200568,1,236,236,0
200569,1,202,202,0
200570,1,218,218,0
200571,1,159,159,0
200572,1,189,189,0
200573,1,244,244,0
200574,1,114,114,0
200791,1,179,179,0
200792,1,162,162,0
200793,1,222,222,0
200794,1,237,237,0
200795,1,198,198,0
200796,1,241,241,0
200797,1,166,166,0
200798,1,204,204,0
200799,1,82,82,0
201187,1,211,211,0
201188,1,207,207,0
201189,1,221,221,0
201190,1,205,205,0
201191,1,204,204,0
201192,1,261,261,0
201193,1,206,206,0
201194,1,196,196,0
201195,1,100,100,0
201511,1,181,181,0
201512,1,145,145,0
201513,1,212,212,0
201514,1,207,207,0
201515,1,161,161,0
201516,1,192,192,0
201517,1,226,226,0
201518,1,194,194,0
201519,1,90,90,0
201925,1,180,180,0
201926,1,172,172,0
201927,1,215,215,0
201928,1,221,221,0
201929,1,186,186,0
201930,1,178,178,0
201931,1,180,180,0
201932,1,204,204,0
201933,1,110,110,0
202384,1,219,219,0
202385,1,173,173,0
202386,1,176,176,0
202387,1,199,199,0
202388,1,206,206,0
202389,1,200,200,0
202390,1,204,204,0
202391,1,195,195,0
202392,1,81,81,0
205462,1,226,226,0
205463,1,251,251,0
205464,1,182,182,0
205465,1,222,222,0
205466,1,190,190,0
205467,1,161,161,0
205468,1,151,151,0
205469,1,202,202,0
205470,1,106,106,0
206857,1,260,260,0
206858,1,185,185,0
206859,1,236,236,0
206860,1,216,216,0
206861,1,211,211,0
206862,1,184,184,0
703,1,229,229,0
704,1,165,165,0
705,1,202,202,0
706,1,161,161,0
707,1,216,216,0
708,1,210,210,0
709,1,183,183,0
710,1,172,172,0
711,1,80,80,0
4933,1,166,166,0
4934,1,170,170,0
4935,1,181,181,0
4936,1,250,250,0
4937,1,195,195,0
4938,1,240,240,0
4939,1,182,182,0
4940,1,242,242,0
4941,1,106,106,0
5527,1,183,183,0
5528,1,194,194,0
5529,1,205,205,0
5530,1,222,222,0
5531,1,194,194,0
5532,1,208,208,0
5533,1,167,167,0
5534,1,228,228,0
5535,1,118,118,0
7444,1,161,161,0
7445,1,185,185,0
7446,1,235,235,0
7447,1,157,157,0
7448,1,177,177,0
7449,1,171,171,0
7450,1,204,204,0
7451,1,183,183,0
7452,1,83,83,0
7813,1,176,176,0
7814,1,184,184,0
7815,1,233,233,0
7816,1,229,229,0
7817,1,253,253,0
7818,1,236,236,0
7819,1,185,185,0
7820,1,185,185,0
7821,1,91,91,0
198433,1,208,208,0
198434,1,166,166,0
198435,1,186,186,0
198436,1,182,182,0
198437,1,171,171,0
198438,1,205,205,0
198439,1,186,186,0
198440,1,198,198,0
198441,1,106,106,0
198451,1,183,183,0
198452,1,199,199,0
198453,1,233,233,0
198454,1,212,212,0
198455,1,244,244,0
198456,1,168,168,0
198457,1,179,179,0
198458,1,160,160,0
198459,1,83,83,0
198613,1,195,195,0
198614,1,205,205,0
198615,1,230,230,0
198616,1,188,188,0
198617,1,193,193,0
198618,1,174,174,0
198619,1,178,178,0
198620,1,199,199,0
198621,1,97,97,0
199288,1,233,233,0
199289,1,176,176,0
199290,1,203,203,0
199291,1,178,178,0
199292,1,249,249,0
199293,1,156,156,0
199294,1,202,202,0
199295,1,187,187,0
199296,1,92,92,0
199522,1,187,187,0
199523,1,176,176,0
199524,1,219,219,0
199525,1,194,194,0
199526,1,181,181,0
199527,1,242,242,0
199528,1,177,177,0
199529,1,193,193,0
199530,1,67,67,0
200233,1,228,228,0
200234,1,178,178,0
200235,1,221,221,0
200236,1,235,235,0
200237,1,224,224,0
200238,1,192,192,0
200239,1,204,204,0
200240,1,181,181,0
200241,1,76,76,0
200314,1,170,170,0
200315,1,187,187,0
200316,1,188,188,0
200317,1,193,193,0
200318,1,164,164,0
200319,1,164,164,0
200320,1,252,252,0
200321,1,193,193,0
200322,1,112,112,0
200395,1,265,265,0
200396,1,213,213,0
200397,1,158,158,0
200398,1,220,220,0
200399,1,208,208,0
200400,1,198,198,0
200401,1,222,222,0
200402,1,226,226,0
200403,1,91,91,0
200530,1,206,206,0
200531,1,176,176,0
200532,1,239,239,0
200533,1,196,196,0
200534,1,192,192,0
200535,1,191,191,0
200536,1,215,215,0
200537,1,180,180,0
200538,1,77,77,0
200593,1,176,176,0
200594,1,170,170,0
200595,1,253,253,0
200596,1,197,197,0
200597,1,153,153,0
200598,1,196,196,0
200599,1,162,162,0
200600,1,226,226,0
200601,1,104,104,0
201907,1,217,217,0
201908,1,209,209,0
201909,1,167,167,0
201910,1,193,193,0
201911,1,187,187,0
201912,1,195,195,0
201913,1,177,177,0
201914,1,176,176,0
201915,1,73,73,0
202114,1,202,202,0
202115,1,169,169,0
202116,1,173,173,0
202117,1,144,144,0
202118,1,186,186,0
202119,1,184,184,0
202120,1,192,192,0
202121,1,236,236,0
202122,1,83,83,0
202132,1,185,185,0
202133,1,195,195,0
208,1,180,180,0
209,1,203,203,0
210,1,218,218,0
211,1,200,200,0
212,1,190,190,0
213,1,169,169,0
214,1,241,241,0
215,1,182,182,0
216,1,104,104,0
5545,1,162,162,0
5546,1,205,205,0
5547,1,257,257,0
5548,1,161,161,0
5549,1,189,189,0
5550,1,195,195,0
5551,1,166,166,0
5552,1,143,143,0
5553,1,103,103,0
8020,1,229,229,0
8021,1,185,185,0
8022,1,227,227,0
8023,1,224,224,0
8024,1,215,215,0
8025,1,238,238,0
8026,1,192,192,0
8027,1,186,186,0
8028,1,117,117,0
8245,1,153,153,0
8246,1,183,183,0
8247,1,173,173,0
8248,1,221,221,0
8249,1,213,213,0
8250,1,242,242,0
8251,1,231,231,0
8252,1,236,236,0
8253,1,102,102,0
8524,1,223,223,0
8525,1,245,245,0
8526,1,234,234,0
8527,1,164,164,0
8528,1,171,171,0
8529,1,239,239,0
8530,1,167,167,0
8531,1,157,157,0
8532,1,86,86,0
8560,1,176,176,0
8561,1,168,168,0
8562,1,235,235,0
8563,1,191,191,0
8564,1,159,159,0
8565,1,160,160,0
8566,1,185,185,0
8567,1,218,218,0
8568,1,85,85,0
8587,1,193,193,0
8588,1,155,155,0
8589,1,158,158,0
8590,1,179,179,0
8591,1,166,166,0
8592,1,233,233,0
8593,1,211,211,0
8594,1,186,186,0
8595,1,76,76,0
8605,1,213,213,0
8606,1,232,232,0
8607,1,195,195,0
8608,1,214,214,0
8609,1,259,259,0
8610,1,227,227,0
8611,1,223,223,0
8612,1,186,186,0
8613,1,94,94,0
198397,1,212,212,0
198398,1,185,185,0
198399,1,255,255,0
198400,1,217,217,0
198401,1,178,178,0
198402,1,216,216,0
198403,1,225,225,0
198404,1,221,221,0
198405,1,99,99,0
200251,1,253,253,0
200252,1,177,177,0
200253,1,272,272,0
200254,1,172,172,0
200255,1,221,221,0
200256,1,194,194,0
200257,1,177,177,0
200258,1,232,232,0
200259,1,103,103,0
200422,1,171,171,0
200423,1,233,233,0
200424,1,189,189,0
200425,1,207,207,0
200426,1,194,194,0
200427,1,213,213,0
200428,1,175,175,0
200429,1,210,210,0
200430,1,97,97,0
200782,1,207,207,0
200783,1,210,210,0
200784,1,166,166,0
200785,1,180,180,0
200786,1,241,241,0
200787,1,169,169,0
200788,1,227,227,0
200789,1,150,150,0
200790,1,111,111,0
201790,1,174,174,0
201791,1,173,173,0
201792,1,215,215,0
201793,1,175,175,0
201794,1,169,169,0
201795,1,189,189,0
201796,1,161,161,0
201797,1,202,202,0
201798,1,81,81,0
202069,1,177,177,0
202070,1,189,189,0
202071,1,177,177,0
202072,1,210,210,0
202073,1,254,254,0
202074,1,185,185,0
202075,1,229,229,0
202076,1,201,201,0
202077,1,95,95,0
202312,1,212,212,0
202313,1,150,150,0
202314,1,177,177,0
202315,1,178,178,0
202316,1,168,168,0
202317,1,210,210,0
202318,1,158,158,0
202319,1,192,192,0
202320,1,82,82,0
202564,1,194,194,0
202565,1,218,218,0
202566,1,194,194,0
202567,1,166,166,0
202568,1,189,189,0
202569,1,176,176,0
202570,1,175,175,0
202571,1,218,218,0
202572,1,111,111,0
202744,1,194,194,0
202745,1,202,202,0
202746,1,196,196,0
202747,1,164,164,0
202748,1,237,237,0
202749,1,233,233,0
202750,1,170,170,0
202751,1,162,162,0
202752,1,103,103,0
203212,1,177,177,0
4078,1,201,201,0
4079,1,220,220,0
4080,1,176,176,0
4081,1,238,238,0
4082,1,182,182,0
4083,1,208,208,0
4084,1,160,160,0
4085,1,157,157,0
4086,1,91,91,0
4186,1,180,180,0
4187,1,172,172,0
4188,1,221,221,0
4189,1,189,189,0
4190,1,191,191,0
4191,1,234,234,0
4192,1,223,223,0
4193,1,185,185,0
4194,1,93,93,0
4321,1,201,201,0
4322,1,202,202,0
4323,1,191,191,0
4324,1,169,169,0
4325,1,195,195,0
4326,1,166,166,0
4327,1,154,154,0
4328,1,190,190,0
4329,1,92,92,0
4402,1,220,220,0
4403,1,153,153,0
4404,1,170,170,0
4405,1,229,229,0
4406,1,240,240,0
4407,1,240,240,0
4408,1,261,261,0
4409,1,189,189,0
4410,1,100,100,0
4663,1,162,162,0
4664,1,204,204,0
4665,1,206,206,0
4666,1,169,169,0
4667,1,176,176,0
4668,1,179,179,0
4669,1,188,188,0
4670,1,194,194,0
4671,1,95,95,0
5032,1,201,201,0
5033,1,223,223,0
5034,1,248,248,0
5035,1,186,186,0
5036,1,196,196,0
5037,1,238,238,0
5038,1,218,218,0
5039,1,196,196,0
5040,1,85,85,0
7489,1,248,248,0
7490,1,159,159,0
7491,1,225,225,0
7492,1,194,194,0
7493,1,214,214,0
7494,1,229,229,0
7495,1,187,187,0
7496,1,185,185,0
7497,1,120,120,0
7543,1,260,260,0
7544,1,206,206,0
7545,1,172,172,0
7546,1,183,183,0
7547,1,210,210,0
7548,1,218,218,0
7549,1,203,203,0
7550,1,179,179,0
7551,1,102,102,0
7579,1,212,212,0
7580,1,219,219,0
7581,1,225,225,0
7582,1,237,237,0
7583,1,196,196,0
7584,1,211,211,0
7585,1,219,219,0
7586,1,165,165,0
7587,1,95,95,0
7840,1,222,222,0
7841,1,197,197,0
7842,1,182,182,0
7843,1,203,203,0
7844,1,178,178,0
7845,1,199,199,0
7846,1,173,173,0
7847,1,178,178,0
7848,1,91,91,0
7876,1,198,198,0
7877,1,177,177,0
7878,1,217,217,0
7879,1,186,186,0
7880,1,165,165,0
7881,1,219,219,0
7882,1,185,185,0
7883,1,155,155,0
7884,1,108,108,0
8326,1,185,185,0
8327,1,213,213,0
8328,1,213,213,0
8329,1,208,208,0
8330,1,165,165,0
8331,1,190,190,0
8332,1,175,175,0
8333,1,237,237,0
8334,1,101,101,0
8542,1,185,185,0
8543,1,209,209,0
8544,1,191,191,0
8545,1,188,188,0
8546,1,175,175,0
8547,1,209,209,0
8548,1,266,266,0
8549,1,184,184,0
8550,1,98,98,0
8569,1,236,236,0
8570,1,244,244,0
8571,1,175,175,0
8572,1,155,155,0
8573,1,166,166,0
8574,1,194,194,0
8575,1,217,217,0
8576,1,194,194,0
8577,1,74,74,0
8578,1,195,195,0
8579,1,197,197,0
8580,1,205,205,0
8581,1,192,192,0
8582,1,254,254,0
8583,1,196,196,0
8584,1,167,167,0
8585,1,254,254,0
8586,1,79,79,0
8992,1,181,181,0
8993,1,197,197,0
8994,1,188,188,0
8995,1,244,244,0
8996,1,179,179,0
8997,1,231,231,0
8998,1,244,244,0
8999,1,171,171,0
9000,1,101,101,0
198091,1,205,205,0
198092,1,177,177,0
198093,1,258,258,0
198094,1,192,192,0
198095,1,178,178,0
198096,1,217,217,0
198097,1,262,262,0
198098,1,152,152,0
199,1,199,199,0
200,1,234,234,0
201,1,251,251,0
202,1,220,220,0
203,1,164,164,0
204,1,244,244,0
205,1,230,230,0
206,1,203,203,0
207,1,117,117,0
1270,1,169,169,0
1271,1,207,207,0
1272,1,177,177,0
1273,1,174,174,0
1274,1,197,197,0
1275,1,280,280,0
1276,1,232,232,0
1277,1,168,168,0
1278,1,66,66,0
1396,1,195,195,0
1397,1,218,218,0
1398,1,261,261,0
1399,1,259,259,0
1400,1,235,235,0
1401,1,204,204,0
1402,1,165,165,0
1403,1,247,247,0
1404,1,82,82,0
1450,1,166,166,0
1451,1,203,203,0
1452,1,230,230,0
1453,1,189,189,0
1454,1,169,169,0
1455,1,201,201,0
1456,1,150,150,0
1457,1,259,259,0
1458,1,94,94,0
1846,1,154,154,0
1847,1,163,163,0
1848,1,238,238,0
1849,1,216,216,0
1850,1,187,187,0
1851,1,189,189,0
1852,1,217,217,0
1853,1,164,164,0
1854,1,107,107,0
3691,1,162,162,0
3692,1,173,173,0
3693,1,187,187,0
3694,1,218,218,0
3695,1,184,184,0
3696,1,213,213,0
3697,1,170,170,0
3698,1,226,226,0
3699,1,94,94,0
3700,1,247,247,0
3701,1,189,189,0
3702,1,178,178,0
3703,1,177,177,0
3704,1,167,167,0
3705,1,212,212,0
3706,1,223,223,0
3707,1,227,227,0
3708,1,81,81,0
3889,1,194,194,0
3890,1,178,178,0
3891,1,231,231,0
3892,1,176,176,0
3893,1,216,216,0
3894,1,165,165,0
3895,1,221,221,0
3896,1,169,169,0
3897,1,74,74,0
3934,1,172,172,0
3935,1,207,207,0
3936,1,165,165,0
3937,1,163,163,0
3938,1,174,174,0
3939,1,178,178,0
3940,1,247,247,0
3941,1,226,226,0
3942,1,109,109,0
5158,1,204,204,0
5159,1,180,180,0
5160,1,179,179,0
5161,1,200,200,0
5162,1,175,175,0
5163,1,177,177,0
5164,1,207,207,0
5165,1,236,236,0
5166,1,112,112,0
5491,1,166,166,0
5492,1,178,178,0
5493,1,186,186,0
5494,1,251,251,0
5495,1,148,148,0
5496,1,207,207,0
5497,1,173,173,0
5498,1,167,167,0
5499,1,117,117,0
7147,1,184,184,0
7148,1,224,224,0
7149,1,180,180,0
7150,1,162,162,0
7151,1,172,172,0
7152,1,183,183,0
7153,1,206,206,0
7154,1,198,198,0
7155,1,107,107,0
199540,1,186,186,0
199541,1,227,227,0
199542,1,154,154,0
199543,1,212,212,0
199544,1,185,185,0
199545,1,212,212,0
199546,1,180,180,0
199547,1,175,175,0
199548,1,108,108,0
199684,1,203,203,0
199685,1,188,188,0
199686,1,193,193,0
199687,1,206,206,0
199688,1,185,185,0
199689,1,223,223,0
199690,1,199,199,0
199691,1,206,206,0
199692,1,90,90,0
200008,1,251,251,0
200009,1,160,160,0
200010,1,238,238,0
200011,1,225,225,0
200012,1,190,190,0
200013,1,169,169,0
200014,1,207,207,0
200015,1,187,187,0
200016,1,112,112,0
200215,1,161,161,0
200216,1,173,173,0
200217,1,201,201,0
200218,1,180,180,0
200219,1,224,224,0
200220,1,167,167,0
200221,1,189,189,0
200222,1,222,222,0
200223,1,89,89,0
203041,1,173,173,0
203042,1,231,231,0
203043,1,174,174,0
203044,1,238,238,0
203045,1,179,179,0
203046,1,220,220,0
203047,1,225,225,0
203048,1,220,220,0
203049,1,115,115,0
5248,1,235,235,0
5249,1,215,215,0
5250,1,227,227,0
5251,1,155,155,0
5252,1,208,208,0
5253,1,182,182,0
5254,1,169,169,0
5255,1,169,169,0
5256,1,72,72,0
7282,1,173,173,0
7283,1,240,240,0
7284,1,155,155,0
7285,1,201,201,0
7286,1,171,171,0
7287,1,187,187,0
7288,1,197,197,0
7289,1,169,169,0
7290,1,88,88,0
203887,1,194,194,0
203888,1,226,226,0
203889,1,202,202,0
203890,1,194,194,0
203891,1,228,228,0
203892,1,185,185,0
203893,1,182,182,0
203894,1,159,159,0
203895,1,112,112,0
206110,1,192,192,0
206111,1,232,232,0
206112,1,195,195,0
206113,1,169,169,0
206114,1,154,154,0
206115,1,194,194,0
206116,1,261,261,0
206117,1,192,192,0
206118,1,89,89,0
133777,1,228,228,0
133778,1,167,167,0
133779,1,170,170,0
133780,1,267,267,0
133781,1,185,185,0
133782,1,240,240,0
133783,1,186,186,0
133784,1,201,201,0
133785,1,86,86,0
143101,1,221,221,0
143102,1,193,193,0
143103,1,166,166,0
143104,1,177,177,0
143105,1,201,201,0
143106,1,205,205,0
143107,1,221,221,0
143108,1,188,188,0
143109,1,98,98,0
151813,1,208,208,0
151814,1,257,257,0
151815,1,217,217,0
151816,1,258,258,0
151817,1,170,170,0
151818,1,172,172,0
151819,1,207,207,0
151820,1,253,253,0
151821,1,93,93,0
157735,1,243,243,0
157736,1,209,209,0
157737,1,182,182,0
157738,1,213,213,0
157739,1,183,183,0
157740,1,158,158,0
157741,1,220,220,0
157742,1,252,252,0
157743,1,100,100,0
180064,1,172,172,0
180065,1,168,168,0
180066,1,203,203,0
180067,1,215,215,0
180068,1,222,222,0
180069,1,230,230,0
180070,1,167,167,0
180071,1,191,191,0
180072,1,73,73,0
182764,1,183,183,0
182765,1,154,154,0
182766,1,191,191,0
182767,1,236,236,0
182768,1,240,240,0
182769,1,169,169,0
182770,1,175,175,0
182771,1,257,257,0
182772,1,117,117,0
187156,1,184,184,0
187157,1,188,188,0
187158,1,212,212,0
187159,1,233,233,0
187160,1,199,199,0
187161,1,160,160,0
187162,1,220,220,0
187163,1,156,156,0
187164,1,69,69,0
193384,1,197,197,0
193385,1,186,186,0
193386,1,181,181,0
193387,1,212,212,0
193388,1,224,224,0
193389,1,250,250,0
193390,1,176,176,0
193391,1,205,205,0
193392,1,91,91,0
9046,1,191,191,0
9047,1,241,241,0
9048,1,189,189,0
9049,1,226,226,0
9050,1,176,176,0
9051,1,192,192,0
9052,1,221,221,0
9053,1,245,245,0
9054,1,81,81,0
9064,1,161,161,0
9065,1,234,234,0
9066,1,175,175,0
9067,1,177,177,0
9068,1,182,182,0
9069,1,189,189,0
9070,1,263,263,0
9071,1,195,195,0
9072,1,87,87,0
9748,1,197,197,0
9749,1,243,243,0
9750,1,181,181,0
9751,1,194,194,0
9752,-1,0,0,0
9753,1,178,178,0
9754,1,179,179,0
9755,1,221,221,0
9756,1,82,82,0
36568,1,182,182,0
36569,1,197,197,0
36570,1,221,221,0
36571,1,177,177,0
36572,1,197,197,0
36573,1,179,179,0
36574,1,178,178,0
36575,1,203,203,0
36576,1,79,79,0
36838,1,196,196,0
36839,1,169,169,0
36840,1,260,260,0
36841,1,207,207,0
36842,1,184,184,0
36843,1,184,184,0
36844,1,163,163,0
36845,1,189,189,0
36846,1,100,100,0
36883,1,224,224,0
36884,1,169,169,0
36885,1,165,165,0
36886,1,173,173,0
36887,1,212,212,0
36888,1,163,163,0
36889,1,218,218,0
36890,1,181,181,0
36891,1,88,88,0
37495,1,247,247,0
37496,1,262,262,0
37497,1,175,175,0
37498,1,216,216,0
37499,1,180,180,0
37500,1,211,211,0
37501,1,183,183,0
37502,1,238,238,0
37503,1,113,113,0
37576,1,153,153,0
37577,1,236,236,0
37578,1,173,173,0
37579,1,193,193,0
37580,1,199,199,0
37581,1,195,195,0
37582,1,236,236,0
37583,1,228,228,0
37584,1,66,66,0
37648,1,206,206,0
37649,1,200,200,0
37650,1,184,184,0
37651,1,172,172,0
37652,1,210,210,0
37653,1,209,209,0
37654,1,201,201,0
37655,1,176,176,0
37656,1,116,116,0
38584,1,223,223,0
38585,1,160,160,0
38586,1,177,177,0
38587,1,233,233,0
38588,1,204,204,0
38589,1,205,205,0
38590,1,171,171,0
38591,1,180,180,0
38592,1,79,79,0
38737,1,178,178,0
38738,1,181,181,0
38739,1,203,203,0
38740,1,173,173,0
38741,1,187,187,0
38742,1,189,189,0
38743,1,202,202,0
38744,1,178,178,0
38745,1,93,93,0
38989,1,171,171,0
38990,1,214,214,0
38991,1,169,169,0
38992,1,228,228,0
38993,1,229,229,0
38994,1,207,207,0
38995,1,173,173,0
38996,1,203,203,0
38997,1,98,98,0
39061,1,247,247,0
39062,1,183,183,0
39063,1,182,182,0
39064,1,271,271,0
39065,1,170,170,0
39066,1,174,174,0
39067,1,183,183,0
39068,1,167,167,0
39069,1,82,82,0
39142,1,202,202,0
39143,1,195,195,0
39144,1,211,211,0
39145,1,178,178,0
39146,1,236,236,0
39147,1,207,207,0
39148,1,258,258,0
39149,1,226,226,0
39150,1,109,109,0
39151,1,260,260,0
39152,1,165,165,0
39153,1,269,269,0
39154,1,177,177,0
39155,1,249,249,0
39156,1,189,189,0
39157,1,234,234,0
39158,1,181,181,0
39159,1,101,101,0
39466,1,184,184,0
39467,1,217,217,0
39468,1,166,166,0
39469,1,177,177,0
39470,1,239,239,0
39471,1,216,216,0
39472,1,258,258,0
39473,1,177,177,0
39474,1,95,95,0
40132,1,145,145,0
40133,1,199,199,0
40134,1,193,193,0
40135,1,183,183,0
40136,1,219,219,0
40137,1,194,194,0
40138,1,222,222,0
40139,1,179,179,0
40140,1,123,123,0
40501,1,187,187,0
40502,1,171,171,0
40503,1,195,195,0
40504,1,217,217,0
40505,1,231,231,0
40506,1,207,207,0
40507,1,190,190,0
40508,1,148,148,0
40509,1,96,96,0
43939,1,272,272,0
43940,1,240,240,0
43941,1,211,211,0
43942,1,178,178,0
43943,1,154,154,0
43944,1,215,215,0
43945,1,162,162,0
43946,1,142,142,0
43947,1,83,83,0
41616,1,89,89,0
41680,1,250,250,0
41681,1,255,255,0
41682,1,183,183,0
41683,1,177,177,0
41684,1,243,243,0
41685,1,167,167,0
41686,1,176,176,0
41687,1,189,189,0
41688,1,108,108,0
44416,1,214,214,0
44417,1,249,249,0
44418,1,183,183,0
44419,1,200,200,0
44420,1,236,236,0
44421,1,174,174,0
44422,1,207,207,0
44423,1,208,208,0
44424,1,92,92,0
44641,1,182,182,0
44642,1,162,162,0
44643,1,205,205,0
44644,1,180,180,0
44645,1,189,189,0
44646,1,176,176,0
44647,1,171,171,0
44648,1,178,178,0
44649,1,108,108,0
54046,1,153,153,0
54047,1,201,201,0
54048,1,214,214,0
54049,1,173,173,0
54050,1,199,199,0
54051,1,169,169,0
54052,1,248,248,0
54053,1,220,220,0
54054,1,96,96,0
54676,1,174,174,0
54677,1,176,176,0
54678,1,171,171,0
54679,1,260,260,0
54680,1,176,176,0
54681,1,157,157,0
54682,1,215,215,0
54683,1,215,215,0
54684,1,93,93,0
55927,1,189,189,0
55928,1,236,236,0
55929,1,191,191,0
55930,1,175,175,0
55931,1,173,173,0
55932,1,239,239,0
55933,1,159,159,0
55934,1,244,244,0
55935,1,101,101,0
54618,1,229,229,0
54619,1,170,170,0
54620,1,160,160,0
54621,1,89,89,0
61804,1,235,235,0
61805,1,170,170,0
61806,1,184,184,0
61807,1,173,173,0
61808,1,186,186,0
61809,1,232,232,0
61810,1,187,187,0
61811,1,204,204,0
61812,1,99,99,0
61876,1,198,198,0
61877,1,204,204,0
61878,1,174,174,0
61879,1,190,190,0
61880,1,176,176,0
61881,1,208,208,0
61882,1,183,183,0
61883,1,176,176,0
61884,1,85,85,0
62020,1,171,171,0
62021,1,230,230,0
62022,1,255,255,0
62023,1,209,209,0
62024,1,265,265,0
62025,1,258,258,0
62026,1,221,221,0
62027,1,167,167,0
62028,1,108,108,0
62623,1,185,185,0
62624,1,187,187,0
62625,1,184,184,0
62626,1,260,260,0
62627,1,260,260,0
62628,1,179,179,0
62629,1,158,158,0
62630,1,187,187,0
62631,1,96,96,0
62037,1,99,99,0
9037,1,182,182,0
9038,1,182,182,0
9039,1,218,218,0
9040,1,241,241,0
9041,1,201,201,0
9042,1,173,173,0
9043,1,154,154,0
9044,1,192,192,0
9045,1,86,86,0
9136,1,190,190,0
9137,1,204,204,0
9138,1,232,232,0
9139,1,168,168,0
9140,1,246,246,0
9141,1,187,187,0
9142,1,221,221,0
9143,1,163,163,0
9144,1,97,97,0
9433,1,176,176,0
9434,1,232,232,0
9435,1,168,168,0
9436,1,207,207,0
9437,1,178,178,0
9438,1,211,211,0
9439,1,225,225,0
9440,1,190,190,0
9441,1,88,88,0
14104,1,168,168,0
14105,1,174,174,0
14106,1,252,252,0
14107,1,156,156,0
14108,1,219,219,0
14109,1,164,164,0
14110,1,224,224,0
14111,1,238,238,0
14112,1,104,104,0
15094,1,180,180,0
15095,1,184,184,0
15096,1,263,263,0
15097,1,185,185,0
15098,1,183,183,0
15099,1,227,227,0
15100,1,203,203,0
15101,1,187,187,0
15102,1,99,99,0
18892,1,226,226,0
18893,1,203,203,0
18894,1,168,168,0
18895,1,202,202,0
18896,1,233,233,0
18897,1,166,166,0
18898,1,229,229,0
18899,1,208,208,0
18900,1,78,78,0
24580,1,184,184,0
24581,1,183,183,0
24582,1,245,245,0
24583,1,163,163,0
24584,1,153,153,0
24585,1,220,220,0
24586,1,154,154,0
24587,1,165,165,0
24588,1,86,86,0
24994,1,225,225,0
24995,1,167,167,0
24996,1,157,157,0
24997,1,164,164,0
24998,1,188,188,0
24999,1,197,197,0
25000,1,199,199,0
25001,1,247,247,0
25002,1,98,98,0
27487,1,172,172,0
27488,1,182,182,0
27489,1,236,236,0
27490,1,202,202,0
27491,1,205,205,0
27492,1,210,210,0
27493,1,160,160,0
27494,1,207,207,0
27495,1,107,107,0
36712,1,162,162,0
36713,1,230,230,0
36714,1,151,151,0
36715,1,183,183,0
36716,1,208,208,0
36717,1,171,171,0
36718,1,193,193,0
36719,1,255,255,0
36720,1,86,86,0
36802,1,218,218,0
36803,1,176,176,0
36804,1,185,185,0
36805,1,250,250,0
36806,1,197,197,0
36807,1,223,223,0
36808,1,172,172,0
36809,1,203,203,0
36810,1,117,117,0
37405,1,218,218,0
37406,1,189,189,0
37407,1,172,172,0
37408,1,215,215,0
37409,1,173,173,0
37410,1,239,239,0
37411,1,251,251,0
37412,1,216,216,0
37413,1,86,86,0
39565,1,235,235,0
39566,1,179,179,0
39567,1,182,182,0
39568,1,237,237,0
39569,1,176,176,0
39570,1,196,196,0
39571,1,234,234,0
39572,1,191,191,0
39573,1,84,84,0
54865,1,189,189,0
54866,1,236,236,0
54867,1,187,187,0
54868,1,181,181,0
54869,1,252,252,0
54870,1,186,186,0
54871,1,172,172,0
54872,1,158,158,0
54873,1,100,100,0
59374,1,158,158,0
59375,1,166,166,0
59376,1,153,153,0
59377,1,244,244,0
59378,1,209,209,0
59379,1,178,178,0
59380,1,224,224,0
59381,1,176,176,0
59382,1,98,98,0
61957,1,168,168,0
61958,1,192,192,0
61959,1,237,237,0
61960,1,238,238,0
61961,1,248,248,0
61962,1,215,215,0
61963,1,211,211,0
61964,1,261,261,0
61965,1,109,109,0
62029,1,158,158,0
62030,1,259,259,0
62031,1,207,207,0
62032,1,250,250,0
62033,1,190,190,0
62034,1,188,188,0
62035,1,213,213,0
62036,1,258,258,0
41103,1,87,87,0
46648,1,250,250,0
46649,1,174,174,0
46650,1,203,203,0
46651,1,247,247,0
46652,1,250,250,0
46653,1,167,167,0
46654,1,192,192,0
46655,1,227,227,0
46656,1,108,108,0
54307,1,203,203,0
54308,1,160,160,0
54309,1,214,214,0
54310,1,198,198,0
54311,1,165,165,0
54312,1,179,179,0
54313,1,176,176,0
54314,1,159,159,0
54315,1,95,95,0
61777,1,160,160,0
61778,1,230,230,0
61779,1,202,202,0
61780,1,216,216,0
61781,1,201,201,0
61782,1,179,179,0
61783,1,184,184,0
61784,1,222,222,0
61785,1,101,101,0
61849,1,169,169,0
61850,1,156,156,0
61851,1,185,185,0
61852,1,249,249,0
61853,1,218,218,0
61854,1,212,212,0
61855,1,158,158,0
61856,1,183,183,0
61857,1,94,94,0
61966,1,150,150,0
61967,1,236,236,0
61968,1,238,238,0
61969,1,164,164,0
61970,1,184,184,0
61971,1,206,206,0
61972,1,185,185,0
61973,1,208,208,0
61974,1,93,93,0
62209,1,187,187,0
62210,1,197,197,0
62211,1,158,158,0
62212,1,179,179,0
62213,1,185,185,0
62214,1,177,177,0
62215,1,202,202,0
62216,1,232,232,0
62217,1,73,73,0
9001,1,201,201,0
9002,1,171,171,0
9003,1,229,229,0
9004,1,203,203,0
9005,1,197,197,0
9006,1,196,196,0
9007,1,165,165,0
9008,1,232,232,0
9009,1,116,116,0
9154,1,218,218,0
9155,1,187,187,0
9156,1,174,174,0
9157,1,172,172,0
9158,1,177,177,0
9159,1,169,169,0
9160,1,191,191,0
9161,1,239,239,0
9162,1,121,121,0
9226,1,229,229,0
9227,1,193,193,0
9228,1,174,174,0
9229,1,192,192,0
9230,1,183,183,0
9231,1,156,156,0
9232,1,223,223,0
9233,1,221,221,0
9234,1,88,88,0
9235,1,167,167,0
9236,1,167,167,0
9237,1,185,185,0
9238,1,191,191,0
9239,1,184,184,0
9240,1,215,215,0
9241,1,212,212,0
9242,1,218,218,0
9243,1,95,95,0
10891,1,214,214,0
10892,1,210,210,0
10893,1,201,201,0
10894,1,200,200,0
10895,1,199,199,0
10896,1,255,255,0
10897,1,168,168,0
10898,1,222,222,0
10899,1,86,86,0
13762,1,168,168,0
13763,1,188,188,0
13764,1,202,202,0
13765,1,165,165,0
13766,1,186,186,0
13767,1,217,217,0
13768,1,168,168,0
13769,1,181,181,0
13770,1,80,80,0
14356,1,212,212,0
14357,1,191,191,0
14358,1,208,208,0
14359,1,164,164,0
14360,1,179,179,0
14361,1,206,206,0
14362,1,220,220,0
14363,1,248,248,0
14364,1,99,99,0
14833,1,192,192,0
14834,1,243,243,0
14835,1,191,191,0
14836,1,199,199,0
14837,1,168,168,0
14838,1,231,231,0
14839,1,205,205,0
14840,1,213,213,0
14841,1,91,91,0
15139,1,191,191,0
15140,1,221,221,0
15141,1,255,255,0
15142,1,176,176,0
15143,1,203,203,0
15144,1,221,221,0
15145,1,231,231,0
15146,1,238,238,0
15147,1,108,108,0
36946,1,164,164,0
36947,1,231,231,0
36948,1,181,181,0
36949,1,227,227,0
36950,1,180,180,0
36951,1,209,209,0
36952,1,174,174,0
36953,1,264,264,0
36954,1,86,86,0
38719,1,189,189,0
38720,1,235,235,0
38721,1,247,247,0
38722,1,175,175,0
38723,1,172,172,0
38724,1,162,162,0
38725,1,178,178,0
38726,1,195,195,0
38727,1,90,90,0
38800,1,198,198,0
38801,1,215,215,0
38802,1,235,235,0
38803,1,248,248,0
38804,1,237,237,0
38805,1,190,190,0
38806,1,188,188,0
38807,1,251,251,0
38808,1,112,112,0
39313,1,176,176,0
39314,1,164,164,0
39315,1,203,203,0
39316,1,235,235,0
39317,1,190,190,0
39318,1,218,218,0
39319,1,221,221,0
39320,1,175,175,0
39321,1,113,113,0
40474,1,240,240,0
40475,1,167,167,0
40476,1,175,175,0
40477,1,189,189,0
40478,1,170,170,0
40479,1,214,214,0
40480,1,193,193,0
40481,1,207,207,0
40482,1,81,81,0
40762,1,221,221,0
40763,1,190,190,0
40764,1,191,191,0
40765,1,201,201,0
40766,1,243,243,0
40767,1,199,199,0
40768,1,183,183,0
40769,1,209,209,0
40770,1,107,107,0
41572,1,250,250,0
41573,1,179,179,0
41574,1,151,151,0
41575,1,174,174,0
41576,1,176,176,0
41577,1,255,255,0
41578,1,172,172,0
41579,1,233,233,0
41580,1,105,105,0
41608,1,174,174,0
41609,1,196,196,0
41610,1,180,180,0
41611,1,155,155,0
41612,1,205,205,0
41613,1,199,199,0
41614,1,217,217,0
41615,1,179,179,0
9190,1,198,198,0
9191,1,166,166,0
9192,1,209,209,0
9193,1,154,154,0
9194,1,195,195,0
9195,1,199,199,0
9196,1,182,182,0
9197,1,172,172,0
9198,1,94,94,0
9667,1,170,170,0
9668,1,185,185,0
9669,1,159,159,0
9670,1,172,172,0
9671,1,170,170,0
9672,1,227,227,0
9673,1,158,158,0
9674,1,199,199,0
9675,1,83,83,0
9856,1,155,155,0
9857,1,197,197,0
9858,1,161,161,0
9859,1,225,225,0
9860,1,199,199,0
9861,1,223,223,0
9862,1,196,196,0
9863,1,231,231,0
9864,1,103,103,0
10639,1,181,181,0
10640,1,179,179,0
10641,1,184,184,0
10642,1,203,203,0
10643,1,233,233,0
10644,1,180,180,0
10645,1,238,238,0
10646,1,177,177,0
10647,1,116,116,0
13600,1,223,223,0
13601,1,186,186,0
13602,1,198,198,0
13603,1,203,203,0
13604,1,155,155,0
13605,1,249,249,0
13606,1,173,173,0
13607,1,189,189,0
13608,1,79,79,0
13771,1,186,186,0
13772,1,215,215,0
13773,1,214,214,0
13774,1,188,188,0
13775,1,171,171,0
13776,1,217,217,0
13777,1,166,166,0
13778,1,209,209,0
13779,1,97,97,0
15130,1,223,223,0
15131,1,207,207,0
15132,1,199,199,0
15133,1,166,166,0
15134,1,177,177,0
15135,1,181,181,0
15136,1,162,162,0
15137,1,175,175,0
15138,1,95,95,0
21772,1,155,155,0
21773,1,190,190,0
21774,1,210,210,0
21775,1,200,200,0
21776,1,169,169,0
21777,1,180,180,0
21778,1,243,243,0
21779,1,168,168,0
21780,1,77,77,0
36874,1,238,238,0
36875,1,173,173,0
36876,1,176,176,0
36877,1,190,190,0
36878,1,220,220,0
36879,1,239,239,0
36880,1,190,190,0
36881,1,164,164,0
36882,1,69,69,0
38944,1,163,163,0
38945,1,177,177,0
38946,1,251,251,0
38947,1,173,173,0
38948,1,168,168,0
38949,1,194,194,0
38950,1,176,176,0
38951,1,195,195,0
38952,1,84,84,0
39970,1,204,204,0
39971,1,188,188,0
39972,1,177,177,0
39973,1,218,218,0
39974,1,258,258,0
39975,1,171,171,0
39976,1,214,214,0
39977,1,176,176,0
39978,1,103,103,0
41500,1,197,197,0
41501,1,192,192,0
41502,1,173,173,0
41503,1,236,236,0
41504,1,190,190,0
41505,1,185,185,0
41506,1,224,224,0
41507,1,188,188,0
41508,1,121,121,0
41770,1,215,215,0
41771,1,206,206,0
41772,1,159,159,0
41773,1,173,173,0
41774,1,226,226,0
41775,1,254,254,0
41776,1,182,182,0
41777,1,220,220,0
41778,1,92,92,0
41797,1,166,166,0
41798,1,213,213,0
41799,1,187,187,0
41800,1,205,205,0
41801,1,167,167,0
41802,1,199,199,0
41803,1,184,184,0
41804,1,171,171,0
41805,1,106,106,0
41887,1,196,196,0
41888,1,195,195,0
41889,1,163,163,0
41890,1,243,243,0
41891,1,218,218,0
41892,1,172,172,0
41893,1,186,186,0
41894,1,168,168,0
41895,1,98,98,0
43786,1,225,225,0
43787,1,195,195,0
43788,1,185,185,0
43789,1,155,155,0
43790,1,231,231,0
43791,1,186,186,0
43792,1,239,239,0
43793,1,177,177,0
43794,1,93,93,0
44659,1,199,199,0
44660,1,186,186,0
44661,1,209,209,0
44662,1,263,263,0
44663,1,165,165,0
44664,1,174,174,0
44665,1,165,165,0
44666,1,189,189,0
44667,1,87,87,0
54613,1,207,207,0
54614,1,172,172,0
54615,1,168,168,0
54616,1,207,207,0
54617,1,176,176,0
