28999,0.582464,2110,1229,881
29000,0.286515,2855,818,2037
29421,0.382523,2243,858,1385
29422,0.26718,3376,902,2474
29031,0.290004,2431,705,1726
29032,0.443414,2156,956,1200
29653,0.26323,2929,771,2158
29654,0.443407,2677,1187,1490
29663,0.348958,2304,804,1500
29664,0.408706,2481,1014,1467
29231,0.264184,3437,908,2529
29232,0.238267,3601,858,2743
29479,0.218148,3218,702,2516
29480,0.147955,3643,539,3104
29649,0.254051,3271,831,2440
29650,0.201995,3208,648,2560
29672,0.243258,3708,902,2806
29661,0.265425,2577,684,1893
29662,0.13868,3591,498,3093
29679,0.523968,2399,1257,1142
29680,0.273507,2680,733,1947
29689,0.48,2125,1020,1105
29690,0.268578,2651,712,1939
29765,0.239958,2838,681,2157
29665,0.339443,2619,889,1730
29666,0.384646,2475,952,1523
29677,0.231394,3077,712,2365
29678,0.358956,2797,1004,1793
29685,0.312403,2580,806,1774
29686,0.487827,2218,1082,1136
29671,0.315547,3036,958,2078
29673,0.439408,2096,921,1175
29674,0.196904,3230,636,2594
29683,0.137856,3685,508,3177
29684,0.213433,2933,626,2307
29687,0.306741,2344,719,1625
29688,0.19449,3666,713,2953
29705,0.48367,2082,1007,1075
29706,0.218347,3183,695,2488
29707,0.357504,2372,848,1524
29708,0.420859,2445,1029,1416
29755,0.364912,2850,1040,1810
29756,0.296172,2377,704,1673
29757,0.255692,2679,685,1994
29758,0.313491,2587,811,1776
29761,0.144463,3648,527,3121
29762,0.37125,2400,891,1509
29773,0.302444,3151,953,2198
29774,0.122277,3672,449,3223
29777,0.158287,3620,573,3047
29778,0.221164,3676,813,2863
29763,0.288753,3103,896,2207
29764,0.286166,2530,724,1806
29775,0.477958,2586,1236,1350
29776,0.307644,3153,970,2183
29779,0.176455,3661,646,3015
29780,0.287126,3138,901,2237
29766,0.380855,2455,935,1520
29767,0.302674,2468,747,1721
29768,0.421612,2258,952,1306
29815,0.337714,2283,771,1512
29816,0.513997,2179,1120,1059
29829,0.232167,3631,843,2788
29781,0.429802,2671,1148,1523
29782,0.200203,2957,592,2365
29811,0.319861,2598,831,1767
29812,0.373165,2929,1093,1836
29813,0.266516,3103,827,2276
29814,0.409949,2915,1195,1720
29795,0.514795,2298,1183,1115
29796,0.153315,3333,511,2822
29865,0.436691,2551,1114,1437
29866,0.490449,2251,1104,1147
29875,0.472875,2341,1107,1234
29876,0.19929,3382,674,2708
29830,0.261191,2703,706,1997
29835,0.177624,3620,643,2977
29836,0.119157,3701,441,3260
29889,0.392713,2223,873,1350
29890,0.394846,2173,858,1315
29831,0.249926,3373,843,2530
29832,0.280015,2657,744,1913
29833,0.440726,2480,1093,1387
29834,0.241971,3612,874,2738
29839,0.342105,2242,767,1475
29840,0.367123,2555,938,1617
29877,0.198075,3221,638,2583
29878,0.240198,3239,778,2461
29893,0.504253,2469,1245,1224
29894,0.244083,2831,691,2140
29892,0.640791,2074,1329,745
959,0.182935,3176,581,2595
960,0.371462,2579,958,1621
1825,0.248205,3203,795,2408
1826,0.29382,2573,756,1817
6181,0.253568,2733,693,2040
6182,0.192077,3004,577,2427
6701,0.210963,3375,712,2663
1559,0.545413,2191,1195,996
1560,0.498697,2302,1148,1154
6383,0.404951,2262,916,1346
6384,0.410806,2332,958,1374
7443,0.557226,2062,1149,913
1567,0.252388,2722,687,2035
1568,0.422591,2532,1070,1462
1571,0.299832,2985,895,2090
1572,0.294329,2504,737,1767
26767,0.477493,2377,1135,1242
26768,0.324356,2562,831,1731
6153,0.211353,3629,767,2862
6154,0.252467,3141,793,2348
28723,0.194018,3644,707,2937
28724,0.361514,2484,898,1586
28789,0.333761,2340,781,1559
28790,0.365815,2504,916,1588
6702,0.422136,2575,1087,1488
7139,0.169538,3309,561,2748
7140,0.240493,2761,664,2097
7385,0.18967,3601,683,2918
7386,0.460923,2124,979,1145
7536,0.481638,2369,1141,1228
6741,0.405668,2470,1002,1468
6742,0.511561,2422,1239,1183
7481,0.483457,2418,1169,1249
7482,0.342934,2604,893,1711
7517,0.255342,2761,705,2056
7535,0.303296,2852,865,1987
26847,0.315169,2459,775,1684
26848,0.320492,2440,782,1658
27453,0.393691,2441,961,1480
27454,0.21693,3107,674,2433
29376,0.389387,2789,1086,1703
26759,0.552619,2081,1150,931
26761,0.597757,2051,1226,825
26762,0.358001,3081,1103,1978
26773,0.125069,3614,452,3162
26774,0.220635,3431,757,2674
26889,0.185443,3160,586,2574
26890,0.177757,3246,577,2669
29375,0.476891,2380,1135,1245
29639,0.389872,2429,947,1482
29640,0.253583,2721,690,2031
29667,0.454545,2354,1070,1284
29668,0.399657,2332,932,1400
29675,0.410458,2792,1146,1646
29676,0.415832,2097,872,1225
29701,0.356746,2520,899,1621
29702,0.431988,2676,1156,1520
29771,0.50673,2526,1280,1246
29772,0.437817,2364,1035,1329
29819,0.523705,2278,1193,1085
29820,0.328814,2655,873,1782
29837,0.44159,2491,1100,1391
29838,0.375905,2623,986,1637
29885,0.256559,3621,929,2692
29886,0.371147,2336,867,1469
29891,0.271511,2615,710,1905
29845,0.365244,2319,847,1472
29846,0.419329,2535,1063,1472
29851,0.394078,2398,945,1453
29852,0.475564,2128,1012,1116
29880,0.377164,2715,1024,1691
29879,0.370851,2621,972,1649
29887,0.343852,2757,948,1809
29888,0.245271,3119,765,2354
29895,0.328003,2814,923,1891
29896,0.358696,2760,990,1770
957,0.638329,2035,1299,736
958,0.343712,2441,839,1602
1967,0.402568,2648,1066,1582
1968,0.362312,2197,796,1401
3397,0.348732,2641,921,1720
3398,0.236498,2833,670,2163
1033,0.424947,2365,1005,1360
1034,0.470842,2315,1090,1225
4759,0.349863,2561,896,1665
4760,0.256994,2681,689,1992
4875,0.302875,2922,885,2037
4876,0.261131,2830,739,2091
4993,0.293452,3360,986,2374
4994,0.284863,3019,860,2159
5061,0.336367,2637,887,1750
5062,0.306169,2626,804,1822
5071,0.166667,3612,602,3010
5072,0.169367,3271,554,2717
5073,0.166118,3648,606,3042
5051,0.217866,2933,639,2294
5052,0.287749,2457,707,1750
5091,0.309614,2642,818,1824
5092,0.208193,2978,620,2358
5093,0.167845,3253,546,2707
5094,0.335872,2626,882,1744
15523,0.447145,2592,1159,1433
5559,0.30572,2535,775,1760
5560,0.199721,3590,717,2873
14773,0.24115,2712,654,2058
14774,0.264269,2558,676,1882
14797,0.555284,2044,1135,909
14798,0.211601,3379,715,2664
18397,0.203108,3604,732,2872
7518,0.399756,2464,985,1479
24871,0.259902,2651,689,1962
24872,0.301692,2423,731,1692
24875,0.245614,3591,882,2709
24876,0.434665,2579,1121,1458
26760,0.487654,2754,1343,1411
15524,0.26849,2961,795,2166
15857,0.166667,3210,535,2675
15858,0.145233,3608,524,3084
25517,0.361908,2578,933,1645
25518,0.278034,3032,843,2189
25547,0.435691,2488,1084,1404
25548,0.239716,2674,641,2033
21423,0.209053,2894,605,2289
21426,0.297725,2593,772,1821
23093,0.20426,3427,700,2727
23094,0.166667,3228,538,2690
29017,0.63508,2195,1394,801
29018,0.491926,2539,1249,1290
33071,0.303957,2780,845,1935
33072,0.543391,2247,1221,1026
34721,0.287048,2463,707,1756
34722,0.171402,3203,549,2654
33833,0.31003,2961,918,2043
33834,0.305157,3064,935,2129
2731,0.351565,2651,932,1719
2732,0.314574,2772,872,1900
15943,0.333333,2457,819,1638
15944,0.427408,2824,1207,1617
22475,0.200549,3645,731,2914
22476,0.183255,3416,626,2790
3813,0.339568,2406,817,1589
3814,0.443277,2759,1223,1536
17163,0.243103,3661,890,2771
17164,0.197648,3061,605,2456
17217,0.229504,3647,837,2810
17218,0.270188,2972,803,2169
4069,0.531289,2381,1265,1116
4070,0.153307,3568,547,3021
4889,0.367027,2681,984,1697
4890,0.38601,2316,894,1422
4953,0.505195,2310,1167,1143
4954,0.337055,2418,815,1603
4753,0.195741,3663,717,2946
4754,0.504677,2138,1079,1059
4761,0.278582,2624,731,1893
4762,0.460432,2502,1152,1350
4783,0.368006,2663,980,1683
4784,0.401237,2587,1038,1549
4913,0.285995,2542,727,1815
4914,0.472073,2417,1141,1276
4991,0.318757,2607,831,1776
4992,0.318469,2534,807,1727
5067,0.343503,2786,957,1829
5068,0.350707,2475,868,1607
5069,0.235294,3434,808,2626
5070,0.454679,2725,1239,1486
5079,0.362943,2623,952,1671
5080,0.329408,2972,979,1993
5104,0.239667,3605,864,2741
5074,0.422336,2337,987,1350
5087,0.192853,3106,599,2507
5088,0.266319,3064,816,2248
5119,0.448244,2135,957,1178
5120,0.225357,2800,631,2169
5465,0.346395,2552,884,1668
5466,0.364289,2229,812,1417
12713,0.286353,2909,833,2076
12714,0.345399,2597,897,1700
17945,0.286501,2541,728,1813
17946,0.171446,3243,556,2687
21369,0.357329,2681,958,1723
21370,0.240576,3608,868,2740
21424,0.154596,3590,555,3035
21655,0.240084,2874,690,2184
21656,0.147569,3456,510,2946
4041,0.317943,2664,847,1817
4042,0.482759,2697,1302,1395
12889,0.36716,2296,843,1453
12890,0.219833,3348,736,2612
20937,0.348896,2356,822,1534
20938,0.379884,2585,982,1603
4867,0.290152,2640,766,1874
4868,0.483576,2405,1163,1242
4971,0.382267,3079,1177,1902
4972,0.4468,2406,1075,1331
5056,0.319579,2375,759,1616
5055,0.308487,2710,836,1874
5075,0.381739,2541,970,1571
5076,0.36005,2383,858,1525
5315,0.426894,2640,1127,1513
5316,0.380764,3036,1156,1880
10133,0.398463,2472,985,1487
10134,0.393024,2351,924,1427
10145,0.3127,2504,783,1721
10146,0.461977,2104,972,1132
11227,0.349451,2730,954,1776
11228,0.292943,3004,880,2124
11031,0.159802,3642,582,3060
11032,0.36296,2149,780,1369
18271,0.274467,2769,760,2009
18272,0.175862,3190,561,2629
21031,0.307173,2816,865,1951
21032,0.151532,3623,549,3074
25505,0.372673,2686,1001,1685
11291,0.36848,2684,989,1695
11292,0.348631,2484,866,1618
15503,0.375472,2381,894,1487
15504,0.406332,2653,1078,1575
15579,0.463425,2324,1077,1247
15580,0.299806,2575,772,1803
15823,0.324176,2730,885,1845
15824,0.331079,2809,930,1879
15873,0.196462,3222,633,2589
15874,0.442368,2568,1136,1432
15919,0.292127,2896,846,2050
15920,0.42241,2597,1097,1500
20143,0.181818,3443,626,2817
20144,0.354044,2720,963,1757
20173,0.284307,2740,779,1961
20174,0.18532,3297,611,2686
21277,0.402573,2099,845,1254
21278,0.365747,2283,835,1448
21425,0.241654,3385,818,2567
25651,0.450039,2582,1162,1420
25652,0.466098,2463,1148,1315
32405,0.452812,2098,950,1148
32406,0.591403,2117,1252,865
33024,0.492486,2595,1278,1317
33023,0.305648,2408,736,1672
33029,0.377243,2452,925,1527
33030,0.341791,2759,943,1816
33063,0.232028,2810,652,2158
33064,0.462135,2707,1251,1456
909,0.194444,3204,623,2581
910,0.302166,2909,879,2030
5083,0.3769,2961,1116,1845
5084,0.30013,3082,925,2157
34865,0.2307,3342,771,2571
34866,0.274279,2636,723,1913
3297,0.491519,2476,1217,1259
3298,0.492887,2601,1282,1319
3473,0.492102,2469,1215,1254
3474,0.371622,2960,1100,1860
12859,0.355858,2501,890,1611
5103,0.398454,2846,1134,1712
5611,0.188834,3045,575,2470
5612,0.372129,2569,956,1613
10105,0.375316,2374,891,1483
10106,0.329038,2328,766,1562
10265,0.315147,2456,774,1682
10266,0.538989,2334,1258,1076
10457,0.350089,2248,787,1461
10458,0.276212,2661,735,1926
10465,0.180161,3347,603,2744
10466,0.444882,2286,1017,1269
10999,0.246165,2673,658,2015
11000,0.329203,2421,797,1624
12113,0.187148,3377,632,2745
12114,0.311075,2456,764,1692
12649,0.37272,2522,940,1582
12650,0.367315,2521,926,1595
13203,0.288741,3304,954,2350
13204,0.23292,2825,658,2167
12860,0.293361,2410,707,1703
13129,0.191601,3048,584,2464
13130,0.332291,3199,1063,2136
20691,0.417159,2541,1060,1481
20692,0.543781,2010,1093,917
21285,0.325209,2626,854,1772
21286,0.47753,2559,1222,1337
22157,0.642059,2059,1322,737
22158,0.132236,3645,482,3163
22679,0.320691,2373,761,1612
22680,0.261637,2664,697,1967
25506,0.462747,2228,1031,1197
32977,0.365115,2706,988,1718
32978,0.269463,2479,668,1811
34215,0.173317,3358,582,2776
34216,0.379935,3090,1174,1916
33138,0.326873,2683,877,1806
34815,0.269534,2534,683,1851
35213,0.452438,2502,1132,1370
35214,0.23535,3140,739,2401
35891,0.306034,2552,781,1771
35892,0.271793,2822,767,2055
36121,0.382208,2237,855,1382
36122,0.163752,3603,590,3013
37385,0.165632,3544,587,2957
37386,0.270081,2851,770,2081
1015,0.506346,2285,1157,1128
1016,0.244481,3035,742,2293
1023,0.333201,2527,842,1685
1024,0.336988,2736,922,1814
1031,0.277928,2587,719,1868
1032,0.174856,3643,637,3006
1043,0.439578,2466,1084,1382
1044,0.210364,2914,613,2301
1047,0.341075,2196,749,1447
1048,0.174598,3236,565,2671
5063,0.423463,2489,1054,1435
5064,0.1875,3360,630,2730
24696,0.20382,3037,619,2418
7444,0.598999,2197,1316,881
26769,0.153801,3381,520,2861
26770,0.42171,2082,878,1204
27469,0.522681,2447,1279,1168
27470,0.47791,2354,1125,1229
8215,0.272237,2597,707,1890
8216,0.356219,2243,799,1444
14709,0.189302,3365,637,2728
14710,0.499372,2389,1193,1196
22017,0.340116,2408,819,1589
22018,0.278871,2693,751,1942
23073,0.227904,2738,624,2114
8821,0.255832,2529,647,1882
8822,0.476277,2192,1044,1148
10121,0.227531,2993,681,2312
10122,0.210078,2818,592,2226
21339,0.215342,2907,626,2281
21340,0.593527,2101,1247,854
12777,0.278835,2575,718,1857
12778,0.530985,2356,1251,1105
12957,0.264899,3205,849,2356
12958,0.444362,2687,1194,1493
13029,0.353989,2582,914,1668
23074,0.375049,2533,950,1583
23083,0.222144,2827,628,2199
23084,0.455243,2346,1068,1278
23097,0.357376,2149,768,1381
23098,0.451421,2182,985,1197
34816,0.331669,3205,1063,2142
24695,0.412196,2181,899,1282
24721,0.174147,3164,551,2613
24722,0.348533,2215,772,1443
25251,0.20191,2932,592,2340
25252,0.508441,2014,1024,990
25707,0.179179,3410,611,2799
25708,0.328952,2891,951,1940
37441,0.492513,2471,1217,1254
37442,0.264728,2614,692,1922
4963,0.3803,2264,861,1403
4964,0.182937,3575,654,2921
5059,0.413755,2690,1113,1577
5060,0.319069,2407,768,1639
5095,0.317795,2703,859,1844
5096,0.296646,3071,911,2160
5297,0.311456,2514,783,1731
5298,0.209318,2919,611,2308
6195,0.425866,2482,1057,1425
6196,0.299297,2419,724,1695
6197,0.42464,2362,1003,1359
6198,0.305646,2444,747,1697
6179,0.360787,2744,990,1754
6180,0.21222,3388,719,2669
6193,0.2868,3159,906,2253
6194,0.381662,2214,845,1369
6231,0.366077,2942,1077,1865
6232,0.350667,2173,762,1411
6187,0.371317,2308,857,1451
6188,0.355395,2493,886,1607
6199,0.167881,3157,530,2627
6200,0.454078,2526,1147,1379
6225,0.337136,2367,798,1569
6226,0.348109,2459,856,1603
6239,0.455928,2564,1169,1395
6240,0.437995,2274,996,1278
6241,0.40486,2428,983,1445
6242,0.302731,2636,798,1838
25545,0.133573,3616,483,3133
25546,0.285494,2599,742,1857
7225,0.260543,2798,729,2069
7226,0.381483,2333,890,1443
7407,0.527843,2137,1128,1009
7408,0.231879,3049,707,2342
7581,0.278427,3254,906,2348
7582,0.353989,2582,914,1668
7405,0.432023,2442,1055,1387
7406,0.35686,2777,991,1786
7563,0.344124,2255,776,1479
7564,0.370269,2193,812,1381
24699,0.274746,2657,730,1927
24700,0.42734,2436,1041,1395
24713,0.250779,2568,644,1924
24714,0.180823,3014,545,2469
24727,0.14907,3334,497,2837
24728,0.345944,2379,823,1556
26925,0.289631,3356,972,2384
26926,0.161495,3158,510,2648
25263,0.253366,2897,734,2163
25264,0.401754,2509,1008,1501
25265,0.274715,3065,842,2223
25266,0.38159,2390,912,1478
32407,0.330582,2665,881,1784
32408,0.327167,3081,1008,2073
26775,0.273411,2659,727,1932
26776,0.234013,2893,677,2216
26849,0.451297,2043,922,1121
26850,0.30963,2461,762,1699
29013,0.441952,2541,1123,1418
29014,0.511977,2463,1261,1202
28755,0.414378,2476,1026,1450
28756,0.301421,2674,806,1868
29015,0.377503,2747,1037,1710
29016,0.389325,3054,1189,1865
29067,0.328125,2752,903,1849
29047,0.282765,3197,904,2293
29048,0.164433,3582,589,2993
29077,0.211803,3423,725,2698
29078,0.260549,3389,883,2506
29115,0.359026,2504,899,1605
29116,0.267076,2606,696,1910
29121,0.434335,2429,1055,1374
29049,0.566681,2347,1330,1017
29050,0.49034,2588,1269,1319
29101,0.327836,2971,974,1997
29102,0.407293,2907,1184,1723
29068,0.405417,2326,943,1383
29073,0.378188,2274,860,1414
29074,0.357621,2539,908,1631
29085,0.193285,3425,662,2763
29086,0.429861,2438,1048,1390
29112,0.399233,2868,1145,1723
29111,0.318128,2543,809,1734
29119,0.53949,2393,1291,1102
29120,0.2172,3186,692,2494
29122,0.290916,2664,775,1889
1997,0.526929,2488,1311,1177
1998,0.426903,2312,987,1325
5089,0.327826,2663,873,1790
5090,0.418163,2896,1211,1685
5101,0.374106,2935,1098,1837
5303,0.176417,3299,582,2717
5304,0.445035,2256,1004,1252
5335,0.517367,2188,1132,1056
5336,0.443458,2140,949,1191
5589,0.241237,3623,874,2749
5590,0.507805,2050,1041,1009
5631,0.395485,2569,1016,1553
5632,0.50686,2478,1256,1222
11215,0.2912,3125,910,2215
11216,0.457457,2092,957,1135
11264,0.546402,2112,1154,958
6183,0.290265,2825,820,2005
6184,0.449202,2756,1238,1518
6189,0.182881,3166,579,2587
6190,0.36758,2628,966,1662
6217,0.370578,2318,859,1459
6218,0.30421,2518,766,1752
6237,0.496615,2068,1027,1041
6238,0.373961,2527,945,1582
29153,0.498946,2373,1184,1189
29154,0.373038,2485,927,1558
11251,0.147116,3623,533,3090
11252,0.336913,2514,847,1667
18441,0.512039,2492,1276,1216
18442,0.63381,2029,1286,743
20923,0.199214,3052,608,2444
20924,0.234504,3275,768,2507
11263,0.221229,3580,792,2788
15849,0.144487,3682,532,3150
15850,0.34611,2609,903,1706
25259,0.371268,2311,858,1453
25260,0.430312,2626,1130,1496
32403,0.462728,2522,1167,1355
32404,0.400171,2344,938,1406
26903,0.374404,2727,1021,1706
26904,0.469439,2765,1298,1467
28703,0.394915,2517,994,1523
28704,0.397021,2350,933,1417
28717,0.520799,2404,1252,1152
28718,0.150791,3601,543,3058
29045,0.274976,3153,867,2286
29046,0.414474,2584,1071,1513
3389,0.304431,2618,797,1821
3390,0.467387,2683,1254,1429
3485,0.318512,2339,745,1594
3486,0.204225,3692,754,2938
5049,0.437802,2275,996,1279
5102,0.349145,2867,1001,1866
5109,0.440462,2595,1143,1452
5110,0.323507,2680,867,1813
5301,0.619005,2231,1381,850
5302,0.282769,2716,768,1948
5595,0.406788,2033,827,1206
5596,0.495022,2511,1243,1268
10309,0.41181,2574,1060,1514
10310,0.384843,2362,909,1453
10417,0.247238,2896,716,2180
10418,0.352721,2407,849,1558
5613,0.393171,2841,1117,1724
5614,0.316223,2552,807,1745
6761,0.204727,3131,641,2490
6762,0.555988,2054,1142,912
10193,0.546035,2194,1198,996
12893,0.255797,2717,695,2022
12894,0.253575,2867,727,2140
13367,0.193869,3719,721,2998
13368,0.411839,2382,981,1401
13379,0.477866,2530,1209,1321
13380,0.264706,2788,738,2050
12988,0.163445,3414,558,2856
20857,0.340629,3244,1105,2139
20858,0.372093,2193,816,1377
21859,0.141676,3628,514,3114
21860,0.323494,2507,811,1696
13397,0.410095,2219,910,1309
13398,0.412476,2068,853,1215
13939,0.206802,2911,602,2309
13940,0.403828,2090,844,1246
17953,0.173416,3235,561,2674
17954,0.437356,2602,1138,1464
30655,0.424,2500,1060,1440
30656,0.501784,2523,1266,1257
33939,0.386364,2772,1071,1701
33940,0.316461,2430,769,1661
32394,0.417554,2347,980,1367
32479,0.250647,2705,678,2027
32480,0.482398,2585,1247,1338
34279,0.28845,3394,979,2415
34280,0.228612,2817,644,2173
34536,0.297339,2593,771,1822
34535,0.146678,3627,532,3095
35506,0.406019,2160,877,1283
35691,0.19541,3050,596,2454
35692,0.288948,2651,766,1885
35765,0.226734,2955,670,2285
35766,0.31787,2479,788,1691
4261,0.244499,3636,889,2747
4262,0.530926,2409,1279,1130
4787,0.151063,3621,547,3074
4788,0.501385,2527,1267,1260
5307,0.451159,2631,1187,1444
5345,0.282674,2678,757,1921
5346,0.158454,3389,537,2852
17587,0.312039,2849,889,1960
17588,0.278813,2629,733,1896
22265,0.286504,3075,881,2194
22266,0.544536,2178,1186,992
22635,0.164501,3386,557,2829
8205,0.168421,3610,608,3002
8206,0.286113,2506,717,1789
20125,0.340601,2431,828,1603
20126,0.379522,3096,1175,1921
21275,0.390659,2762,1079,1683
21276,0.1875,3184,597,2587
10194,0.455842,2174,991,1183
32957,0.238971,2720,650,2070
32958,0.470683,2490,1172,1318
34869,0.259273,2615,678,1937
34870,0.278124,2729,759,1970
35163,0.283869,2709,769,1940
18411,0.4003,2668,1068,1600
18412,0.479984,2523,1211,1312
21869,0.172793,3183,550,2633
21870,0.291536,2871,837,2034
22636,0.165508,3595,595,3000
22735,0.434486,2488,1081,1407
22755,0.158571,3582,568,3014
22756,0.141091,3721,525,3196
23311,0.426645,2447,1044,1403
23312,0.407425,2101,856,1245
23392,0.37037,2997,1110,1887
23391,0.30716,2458,755,1703
34711,0.268033,2634,706,1928
34712,0.166436,3605,600,3005
35797,0.384548,2291,881,1410
35798,0.232696,2875,669,2206
25700,0.32869,3015,991,2024
25771,0.226458,3069,695,2374
25772,0.482718,2575,1243,1332
25897,0.383695,2257,866,1391
25898,0.447821,2501,1120,1381
36013,0.303242,2714,823,1891
36014,0.428441,2194,940,1254
36865,0.37199,2699,1004,1695
36866,0.175548,3378,593,2785
37461,0.446534,2712,1211,1501
37462,0.161687,3581,579,3002
36645,0.322066,2633,848,1785
36646,0.168464,3710,625,3085
37897,0.419615,2233,937,1296
37898,0.387533,2294,889,1405
5050,0.470475,2608,1227,1381
6335,0.310545,2750,854,1896
6336,0.424829,2481,1054,1427
6743,0.229167,2784,638,2146
6744,0.333203,2560,853,1707
6757,0.269565,2645,713,1932
5107,0.241675,3033,733,2300
5108,0.26787,2770,742,2028
6961,0.298766,2999,896,2103
6962,0.34434,2332,803,1529
14011,0.240799,2853,687,2166
14012,0.249835,3022,755,2267
22145,0.520158,2530,1316,1214
5308,0.263667,2689,709,1980
5639,0.410999,2382,979,1403
5640,0.221353,3578,792,2786
5645,0.333079,2618,872,1746
5646,0.266688,3071,819,2252
10241,0.24631,3049,751,2298
6758,0.332103,2439,810,1629
15541,0.385352,2403,926,1477
15542,0.248348,2875,714,2161
25843,0.497704,2395,1192,1203
25844,0.495628,2173,1077,1096
32393,0.383571,3092,1186,1906
8345,0.367754,2208,812,1396
8346,0.408043,2213,903,1310
8497,0.310243,2714,842,1872
8498,0.336985,2282,769,1513
9993,0.237809,2830,673,2157
9994,0.263189,3374,888,2486
13949,0.277798,2743,762,1981
10242,0.21612,3660,791,2869
14753,0.335754,2892,971,1921
14754,0.384013,2552,980,1572
15861,0.477451,2417,1154,1263
15862,0.266199,3133,834,2299
25699,0.381929,2634,1006,1628
12763,0.374173,2571,962,1609
12764,0.315593,2405,759,1646
12779,0.153173,3656,560,3096
12780,0.438581,2255,989,1266
12869,0.258867,2735,708,2027
12870,0.166016,3584,595,2989
12909,0.27094,2543,689,1854
12910,0.332228,3016,1002,2014
12913,0.215918,3631,784,2847
12914,0.281037,2932,824,2108
12929,0.264503,2896,766,2130
12930,0.398116,2866,1141,1725
12987,0.401761,2499,1004,1495
13950,0.268385,2910,781,2129
36223,0.448133,2169,972,1197
36224,0.397649,2042,812,1230
36473,0.284414,3407,969,2438
36474,0.18296,3662,670,2992
36625,0.22944,2894,664,2230
36626,0.361446,2407,870,1537
22146,0.305187,2641,806,1835
22663,0.228297,3329,760,2569
22664,0.436694,2480,1083,1397
22675,0.198954,3252,647,2605
22676,0.448325,2119,950,1169
22736,0.456261,2332,1064,1268
35164,0.258567,2889,747,2142
35301,0.460941,2445,1127,1318
35302,0.310012,2487,771,1716
35499,0.311969,3058,954,2104
35500,0.203883,3399,693,2706
35505,0.258827,3427,887,2540
2945,0.534777,2401,1284,1117
2946,0.121339,3585,435,3150
5905,0.297533,2756,820,1936
5906,0.378249,2501,946,1555
11589,0.442763,2114,936,1178
11590,0.229416,2842,652,2190
3319,0.260061,2634,685,1949
3320,0.533148,2157,1150,1007
10797,0.187153,3238,606,2632
10798,0.25725,3207,825,2382
11455,0.30257,2568,777,1791
11456,0.30119,2520,759,1761
20469,0.205775,3013,620,2393
5085,0.337621,2488,840,1648
5086,0.52447,2452,1286,1166
5327,0.406572,2526,1027,1499
5328,0.572377,2259,1293,966
10112,0.337957,2956,999,1957
5097,0.28354,2497,708,1789
5098,0.246535,3030,747,2283
34823,0.262084,3186,835,2351
34824,0.43562,2128,927,1201
35627,0.301735,2479,748,1731
35628,0.417625,2349,981,1368
5343,0.385022,2457,946,1511
5344,0.470039,2570,1208,1362
10075,0.361669,2588,936,1652
10076,0.39174,2494,977,1517
10864,0.446637,2483,1109,1374
10863,0.247729,2862,709,2153
14895,0.476388,2414,1150,1264
14896,0.550193,2072,1140,932
25673,0.326148,3201,1044,2157
25674,0.202814,3412,692,2720
22155,0.205718,3043,626,2417
22156,0.443888,2397,1064,1333
22275,0.145481,3375,491,2884
22276,0.478793,2617,1253,1364
22655,0.369996,2573,952,1621
22656,0.267873,3427,918,2509
22685,0.4689,2299,1078,1221
22686,0.152458,3601,549,3052
22695,0.432899,2608,1129,1479
22696,0.171007,3725,637,3088
22715,0.424139,2353,998,1355
22716,0.208011,3620,753,2867
22765,0.213953,2795,598,2197
22766,0.27649,3020,835,2185
22775,0.462528,2255,1043,1212
22776,0.159131,3406,542,2864
22795,0.520234,2051,1067,984
22796,0.455602,2151,980,1171
30557,0.305993,2670,817,1853
30558,0.293497,2845,835,2010
32001,0.301242,2576,776,1800
32002,0.409352,2438,998,1440
35389,0.487302,2087,1017,1070
35390,0.629703,2020,1272,748
37974,0.342105,2660,910,1750
9457,0.205862,2934,604,2330
9458,0.41092,2436,1001,1435
18321,0.491727,2357,1159,1198
18322,0.313305,2796,876,1920
20859,0.477934,1994,953,1041
20860,0.205559,2914,599,2315
10039,0.247473,3067,759,2308
10040,0.344212,2298,791,1507
14361,0.308717,2478,765,1713
14362,0.349406,2779,971,1808
15229,0.423322,2041,864,1177
15230,0.185502,3628,673,2955
15405,0.124587,3628,452,3176
14827,0.566014,2401,1359,1042
14828,0.358553,2432,872,1560
15657,0.163136,3635,593,3042
15658,0.376963,2483,936,1547
15755,0.333333,2676,892,1784
15756,0.274711,3025,831,2194
15406,0.53239,2331,1241,1090
30063,0.255691,3207,820,2387
30064,0.183633,3556,653,2903
32017,0.309721,2541,787,1754
32018,0.265813,2656,706,1950
33239,0.263439,2623,691,1932
33240,0.161496,3610,583,3027
21151,0.311451,2742,854,1888
21152,0.196756,3268,643,2625
22705,0.259025,2687,696,1991
22706,0.216328,2903,628,2275
31815,0.328353,2811,923,1888
31816,0.182638,3214,587,2627
35225,0.302251,3110,940,2170
23381,0.53102,2450,1301,1149
23382,0.322989,2610,843,1767
31699,0.373832,2140,800,1340
31700,0.295202,3147,929,2218
31214,0.418963,2468,1034,1434
35767,0.300439,2503,752,1751
35768,0.342381,2763,946,1817
35807,0.496247,2265,1124,1141
35808,0.182193,3156,575,2581
35226,0.443586,2331,1034,1297
37231,0.329623,2336,770,1566
37232,0.301833,2455,741,1714
35637,0.30087,2413,726,1687
35638,0.4625,2480,1147,1333
35817,0.427478,2351,1005,1346
35818,0.290626,2443,710,1733
35975,0.494646,2428,1201,1227
35976,0.344171,2153,741,1412
36081,0.338125,3061,1035,2026
36082,0.251966,3433,865,2568
36145,0.432114,2460,1063,1397
36146,0.440549,2767,1219,1548
36329,0.307578,2692,828,1864
36318,0.228533,2958,676,2282
10111,0.271409,2896,786,2110
10247,0.162969,3651,595,3056
10248,0.313472,2635,826,1809
10571,0.326884,2481,811,1670
10572,0.293727,3013,885,2128
12667,0.23704,2932,695,2237
12668,0.224746,3346,752,2594
11467,0.455035,2602,1184,1418
11468,0.29381,2488,731,1757
11473,0.326087,3174,1035,2139
11474,0.418006,2799,1170,1629
11675,0.353325,2301,813,1488
11676,0.220157,3066,675,2391
11783,0.27451,2703,742,1961
11784,0.347027,2775,963,1812
11825,0.424712,2258,959,1299
11826,0.288508,2506,723,1783
11903,0.576526,2130,1228,902
11904,0.413519,2515,1040,1475
13929,0.343255,2587,888,1699
13930,0.448791,2812,1262,1550
18911,0.203285,2922,594,2328
18912,0.268537,2994,804,2190
22135,0.34971,2585,904,1681
22136,0.48855,2489,1216,1273
20470,0.389061,2578,1003,1575
22725,0.441635,2373,1048,1325
22726,0.301309,2904,875,2029
22785,0.490754,2109,1035,1074
22786,0.221616,2933,650,2283
31213,0.498566,2092,1043,1049
21508,0.214539,3659,785,2874
22835,0.296134,2509,743,1766
22836,0.393286,2830,1113,1717
22905,0.289739,3372,977,2395
22906,0.291439,2745,800,1945
23281,0.48673,2110,1027,1083
23282,0.386682,2643,1022,1621
23291,0.329083,2431,800,1631
23292,0.158197,3660,579,3081
23371,0.362978,2485,902,1583
23372,0.372309,2369,882,1487
25550,0.142777,3579,511,3068
30395,0.20601,3228,665,2563
30396,0.396818,2074,823,1251
31601,0.284476,2422,689,1733
31602,0.265328,2838,753,2085
31617,0.518337,2454,1272,1182
31618,0.151954,3659,556,3103
36317,0.3249,2490,809,1681
36330,0.435307,2736,1191,1545
37089,0.271782,3271,889,2382
37090,0.274072,3043,834,2209
37481,0.476695,2360,1125,1235
37482,0.339651,2638,896,1742
37973,0.468213,2328,1090,1238
2027,0.255965,2934,751,2183
2028,0.293151,2920,856,2064
3061,0.253821,3010,764,2246
3062,0.343994,2689,925,1764
3707,0.164026,3408,559,2849
3708,0.519348,2455,1275,1180
25549,0.187184,2965,555,2410
2155,0.192184,3736,718,3018
2156,0.412306,2064,851,1213
10849,0.247359,2935,726,2209
10850,0.207728,3442,715,2727
11699,0.321274,2543,817,1726
11700,0.342429,2602,891,1711
3217,0.304075,2552,776,1776
3218,0.226822,2923,663,2260
9901,0.280868,2535,712,1823
9902,0.221765,3648,809,2839
13721,0.293798,2580,758,1822
13722,0.535487,2353,1260,1093
14611,0.283673,2799,794,2005
9617,0.20994,3320,697,2623
9618,0.225329,3040,685,2355
14187,0.243169,3623,881,2742
14188,0.35516,2810,998,1812
15565,0.308443,2357,727,1630
15566,0.45764,2644,1210,1434
14612,0.145895,3386,494,2892
31477,0.392083,2400,941,1459
31478,0.148411,3524,523,3001
14731,0.478035,2504,1197,1307
14732,0.359298,2221,798,1423
17873,0.41477,2505,1039,1466
17874,0.365971,2492,912,1580
17907,0.18373,3614,664,2950
17908,0.266362,2842,757,2085
22625,0.16945,3653,619,3034
22626,0.397276,2570,1021,1549
22645,0.325306,2616,851,1765
22646,0.42484,2182,927,1255
22665,0.447094,2684,1200,1484
22666,0.246473,3615,891,2724
23185,0.393476,2483,977,1506
23186,0.365624,2333,853,1480
1039,0.258111,2805,724,2081
1040,0.370127,2437,902,1535
1045,0.45126,2103,949,1154
1046,0.256507,3189,818,2371
1049,0.149149,3406,508,2898
1050,0.374384,2436,912,1524
1055,0.360969,2931,1058,1873
1056,0.378614,2525,956,1569
1249,0.153208,3257,499,2758
1250,0.12624,3628,458,3170
1535,0.342048,3213,1099,2114
1536,0.371774,3061,1138,1923
1823,0.342622,2548,873,1675
1824,0.270509,2828,765,2063
7373,0.308476,2454,757,1697
7374,0.377415,2329,879,1450
7423,0.327619,2625,860,1765
7424,0.313798,3225,1012,2213
28721,0.342901,2578,884,1694
28722,0.297956,2789,831,1958
29033,0.245081,2795,685,2110
29034,0.417443,2362,986,1376
29035,0.43256,2113,914,1199
29036,0.423772,2381,1009,1372
29011,0.192627,3011,580,2431
29012,0.295215,2466,728,1738
29065,0.304102,2828,860,1968
29066,0.270115,2958,799,2159
29079,0.173759,3666,637,3029
29080,0.25,2672,668,2004
29091,0.296055,2459,728,1731
29092,0.25339,2802,710,2092
29037,0.409962,2088,856,1232
29038,0.4229,2821,1193,1628
29051,0.344679,2791,962,1829
29052,0.268406,3219,864,2355
29057,0.359178,3018,1084,1934
29058,0.481553,2060,992,1068
29061,0.350197,3044,1066,1978
29062,0.183395,3228,592,2636
29063,0.536787,2297,1233,1064
29064,0.214933,3643,783,2860
29083,0.217406,2907,632,2275
29084,0.417554,2723,1137,1586
29089,0.254118,2975,756,2219
29090,0.403005,2928,1180,1748
29097,0.284441,2693,766,1927
29098,0.358052,2670,956,1714
29105,0.350869,2243,787,1456
29103,0.151172,3625,548,3077
29104,0.260284,2747,715,2032
29379,0.396226,2385,945,1440
29380,0.300214,2808,843,1965
29655,0.292244,2669,780,1889
29656,0.348,2750,957,1793
29728,0.232938,3370,785,2585
29106,0.388772,2369,921,1448
29643,0.561913,2237,1257,980
29644,0.388345,2145,833,1312
29727,0.232819,3303,769,2534
29785,0.291027,3388,986,2402
29786,0.579982,2188,1269,919
1075,0.497997,2496,1243,1253
1076,0.384346,2568,987,1581
10579,0.449822,2252,1013,1239
10580,0.241002,2834,683,2151
14009,0.36465,2512,916,1596
14010,0.337553,2607,880,1727
9303,0.482616,2416,1166,1250
9304,0.399038,2704,1079,1625
22557,0.376125,2555,961,1594
22558,0.489941,2386,1169,1217
22747,0.359805,2254,811,1443
9539,0.22101,3665,810,2855
9540,0.305328,2440,745,1695
13209,0.44005,2377,1046,1331
13210,0.317907,2312,735,1577
13329,0.467163,2284,1067,1217
13330,0.302659,2369,717,1652
12719,0.206958,2817,583,2234
12720,0.518639,2468,1280,1188
13339,0.266423,2740,730,2010
13340,0.263838,2710,715,1995
13763,0.275791,2908,802,2106
13764,0.315182,2424,764,1660
14355,0.392121,2716,1065,1651
14356,0.323355,3040,983,2057
15713,0.301567,2361,712,1649
15714,0.465804,2164,1008,1156
30409,0.300755,2517,757,1760
30410,0.299919,2464,739,1725
16927,0.307382,2723,837,1886
19449,0.507654,2417,1227,1190
19450,0.395841,2645,1047,1598
19557,0.23901,3071,734,2337
19558,0.540738,2467,1334,1133
19673,0.459381,2745,1261,1484
19674,0.272819,2969,810,2159
20115,0.420621,2803,1179,1624
20116,0.259427,2652,688,1964
21401,0.208105,3652,760,2892
21402,0.13766,3683,507,3176
34425,0.255311,2636,673,1963
34426,0.563585,2131,1201,930
22748,0.514833,2090,1076,1014
27033,0.321078,2856,917,1939
27034,0.250819,2747,689,2058
31183,0.167881,3705,622,3083
31184,0.364254,2501,911,1590
30453,0.353104,2529,893,1636
30454,0.265648,2684,713,1971
32127,0.185863,3169,589,2580
32128,0.542409,2358,1279,1079
36051,0.495791,2257,1119,1138
36052,0.29105,2704,787,1917
34091,0.44686,2070,925,1145
34092,0.377289,2184,824,1360
34221,0.202345,2985,604,2381
34222,0.569113,2221,1264,957
34515,0.25,2908,727,2181
34516,0.187058,2967,555,2412
34665,0.236247,3581,846,2735
34666,0.38871,2179,847,1332
35109,0.161372,3179,513,2666
35110,0.211369,3184,673,2511
35359,0.418415,2574,1077,1497
35360,0.294562,3439,1013,2426
35659,0.371979,3062,1139,1923
35660,0.40898,2450,1002,1448
36131,0.314151,2537,797,1740
36132,0.283202,2786,789,1997
37957,0.301381,2462,742,1720
37958,0.358663,2632,944,1688
2301,0.251908,2751,693,2058
2302,0.22874,2881,659,2222
21785,0.45471,2760,1255,1505
21786,0.304146,3015,917,2098
22811,0.276061,2427,670,1757
22812,0.412483,2211,912,1299
9225,0.238811,2994,715,2279
9226,0.42852,2756,1181,1575
16521,0.533847,2334,1246,1088
16522,0.409692,2043,837,1206
16755,0.420307,2610,1097,1513
23775,0.371255,2804,1041,1763
23776,0.545243,2144,1169,975
36417,0.414427,2828,1172,1656
36418,0.380435,2484,945,1539
36697,0.545072,2141,1167,974
36698,0.286226,2512,719,1793
37269,0.25518,2896,739,2157
37270,0.29144,2570,749,1821
37351,0.315745,2350,742,1608
37352,0.43412,2034,883,1151
37651,0.247762,2793,692,2101
37652,0.336542,2493,839,1654
10725,0.442287,2781,1230,1551
10726,0.230656,3386,781,2605
11039,0.319408,2633,841,1792
11040,0.311635,2673,833,1840
14065,0.311547,2295,715,1580
14066,0.419273,2750,1153,1597
13030,0.4773,2489,1188,1301
14061,0.41573,2225,925,1300
14062,0.494998,2299,1138,1161
14873,0.187148,3019,565,2454
14874,0.208111,3378,703,2675
14883,0.255885,2634,674,1960
14884,0.156978,3561,559,3002
15617,0.11678,3665,428,3237
15618,0.278803,2873,801,2072
36111,0.638996,2072,1324,748
36112,0.327183,3252,1064,2188
37257,0.299309,3184,953,2231
37258,0.291326,2444,712,1732
17356,0.331625,2732,906,1826
22827,0.439144,2851,1252,1599
22828,0.353639,2446,865,1581
23077,0.420794,2645,1113,1532
23078,0.408471,2054,839,1215
20095,0.322415,3114,1004,2110
20096,0.572438,2264,1296,968
21393,0.314084,2407,756,1651
21394,0.392857,2800,1100,1700
21419,0.621436,2034,1264,770
20273,0.337554,2527,853,1674
20274,0.499794,2431,1215,1216
28871,0.265113,2531,671,1860
28872,0.17409,3188,555,2633
29023,0.31908,2479,791,1688
29024,0.530207,2367,1255,1112
21420,0.340174,2534,862,1672
22485,0.299409,3046,912,2134
22486,0.30177,2429,733,1696
22693,0.388034,2340,908,1432
22694,0.529707,2390,1266,1124
22704,0.516083,2114,1091,1023
22703,0.458751,2097,962,1135
22713,0.288514,2960,854,2106
22714,0.492505,2335,1150,1185
22933,0.433397,2605,1129,1476
22934,0.185471,3235,600,2635
23511,0.485876,2301,1118,1183
23512,0.604072,2210,1335,875
30782,0.390029,2387,931,1456
31665,0.540633,2055,1111,944
31666,0.589048,2100,1237,863
31537,0.299801,3012,903,2109
31538,0.549808,2088,1148,940
31687,0.364231,2600,947,1653
31688,0.175312,3451,605,2846
32834,0.388558,2517,978,1539
33621,0.123838,3658,453,3205
33622,0.55307,2101,1162,939
36045,0.439556,2614,1149,1465
36046,0.511934,2053,1051,1002
33116,0.589958,2151,1269,882
33223,0.373128,2337,872,1465
33224,0.295322,3420,1010,2410
35693,0.233386,3145,734,2411
35694,0.439222,2468,1084,1384
36668,0.19834,3373,669,2704
2695,0.200523,3062,614,2448
2696,0.439948,2298,1011,1287
2721,0.342211,2741,938,1803
2722,0.249911,2797,699,2098
3573,0.462511,2214,1024,1190
3574,0.276848,2449,678,1771
9701,0.188383,3185,600,2585
9702,0.383726,2335,896,1439
12349,0.447962,2527,1132,1395
12350,0.459501,2605,1197,1408
18333,0.535055,2168,1160,1008
14469,0.3595,2242,806,1436
14470,0.340179,2678,911,1767
14627,0.321488,2420,778,1642
14628,0.275482,2541,700,1841
14743,0.305967,2497,764,1733
14744,0.409587,2107,863,1244
14865,0.213351,2981,636,2345
14866,0.203756,3195,651,2544
14867,0.313848,2874,902,1972
14868,0.233519,3413,797,2616
15839,0.212513,2941,625,2316
15840,0.460047,2115,973,1142
22435,0.415846,2133,887,1246
22436,0.33502,2767,927,1840
16511,0.356461,2306,822,1484
16512,0.198774,3099,616,2483
17021,0.359612,2372,853,1519
17022,0.180062,3210,578,2632
17927,0.245146,3039,745,2294
17928,0.155297,3606,560,3046
30323,0.518797,2527,1311,1216
21125,0.277194,2666,739,1927
21126,0.531719,2065,1098,967
21509,0.368058,2467,908,1559
21510,0.38042,3044,1158,1886
32419,0.369114,3037,1121,1916
32420,0.540783,2452,1326,1126
33137,0.434874,2380,1035,1345
22545,0.491952,2423,1192,1231
22546,0.193592,2965,574,2391
27573,0.318725,2510,800,1710
27574,0.386657,2788,1078,1710
27577,0.412051,2672,1101,1571
27578,0.306046,2663,815,1848
30103,0.323529,2176,704,1472
30104,0.196518,3389,666,2723
31221,0.364922,2617,955,1662
31222,0.445105,2186,973,1213
31343,0.263197,2709,713,1996
31344,0.273957,2661,729,1932
32833,0.255688,2593,663,1930
30324,0.188029,3074,578,2496
31425,0.275457,3064,844,2220
31426,0.506214,2092,1059,1033
31659,0.441723,2531,1118,1413
31660,0.344941,2441,842,1599
2183,0.26646,2582,688,1894
2184,0.583372,2129,1242,887
3517,0.149048,3623,540,3083
3518,0.28554,2455,701,1754
8509,0.307975,2445,753,1692
8510,0.412162,2368,976,1392
9177,0.199399,3330,664,2666
2197,0.221269,2915,645,2270
2198,0.478357,2264,1083,1181
2353,0.488439,2422,1183,1239
2354,0.484095,2452,1187,1265
2499,0.432946,2580,1117,1463
2500,0.286573,2495,715,1780
3235,0.378738,2107,798,1309
3236,0.310413,2516,781,1735
11501,0.307574,3248,999,2249
11502,0.286408,2472,708,1764
11955,0.490271,2364,1159,1205
10491,0.398979,2351,938,1413
10492,0.301994,3159,954,2205
11573,0.395427,2668,1055,1613
11574,0.463544,2263,1049,1214
11600,0.48289,2367,1143,1224
11599,0.438647,2070,908,1162
14315,0.523301,2339,1224,1115
14316,0.394665,2549,1006,1543
16485,0.436217,2485,1084,1401
16486,0.246998,3081,761,2320
18951,0.336546,2698,908,1790
19803,0.382074,3057,1168,1889
19804,0.468644,2360,1106,1254
19809,0.389448,2483,967,1516
19810,0.304311,2389,727,1662
18961,0.254663,2627,669,1958
18962,0.436879,2717,1187,1530
20069,0.360878,2505,904,1601
20070,0.302217,3203,968,2235
37891,0.332025,2548,846,1702
37892,0.388015,2353,913,1440
30513,0.648325,2090,1355,735
30514,0.328868,3135,1031,2104
30775,0.4642,2486,1154,1332
30776,0.372998,2622,978,1644
30781,0.367307,2551,937,1614
32633,0.362713,2462,893,1569
32634,0.581496,2086,1213,873
32733,0.279788,3399,951,2448
32734,0.487028,2544,1239,1305
33115,0.451512,2547,1150,1397
2555,0.31357,2395,751,1644
2556,0.395187,2161,854,1307
2621,0.314214,2406,756,1650
2622,0.194575,3392,660,2732
2625,0.22695,3243,736,2507
2626,0.337359,2484,838,1646
5293,0.276204,2719,751,1968
5294,0.239487,3662,877,2785
8319,0.272125,2565,698,1867
8320,0.200278,2881,577,2304
10755,0.430008,2486,1069,1417
10756,0.180399,3459,624,2835
10925,0.239063,3246,776,2470
10926,0.371728,2483,923,1560
8393,0.353311,2703,955,1748
8394,0.283265,2683,760,1923
9251,0.395367,2590,1024,1566
9252,0.383449,2441,936,1505
11667,0.3628,2500,907,1593
11668,0.443009,2632,1166,1466
9781,0.277402,2956,820,2136
9782,0.376344,2511,945,1566
13031,0.262254,3203,840,2363
13032,0.405989,2638,1071,1567
16863,0.352719,2648,934,1714
16864,0.41571,2699,1122,1577
14341,0.423127,2283,966,1317
14342,0.266525,2829,754,2075
14649,0.498541,2056,1025,1031
14650,0.351341,2499,878,1621
30887,0.32679,2751,899,1852
30888,0.29494,2648,781,1867
16593,0.3,3380,1014,2366
16594,0.381635,3071,1172,1899
17781,0.325912,3099,1010,2089
17782,0.289033,3401,983,2418
23408,0.38823,2447,950,1497
18398,0.539265,2203,1188,1015
20387,0.356298,2453,874,1579
20388,0.13542,3611,489,3122
32231,0.182687,3350,612,2738
32232,0.190603,3384,645,2739
32483,0.128978,3582,462,3120
32484,0.365828,2821,1032,1789
23407,0.257891,2788,719,2069
37765,0.364107,2513,915,1598
37766,0.586324,2062,1209,853
37985,0.626591,2121,1329,792
37986,0.521212,2310,1204,1106
37804,0.241824,3180,769,2411
37855,0.452807,2458,1113,1345
37856,0.184977,3195,591,2604
37879,0.587835,2055,1208,847
37880,0.223792,3186,713,2473
2759,0.518198,2308,1196,1112
2760,0.256637,2825,725,2100
9217,0.232804,3402,792,2610
9218,0.199885,3472,694,2778
9255,0.179038,3139,562,2577
9256,0.642315,2108,1354,754
8849,0.142935,3673,525,3148
8850,0.342306,2229,763,1466
16559,0.367824,2909,1070,1839
16560,0.50935,2460,1253,1207
19345,0.311815,2463,768,1695
19346,0.408784,2072,847,1225
9178,0.240941,2677,645,2032
9241,0.39518,2614,1033,1581
9242,0.278884,2761,770,1991
10151,0.211064,2838,599,2239
10152,0.492736,2478,1221,1257
23387,0.166126,3389,563,2826
23388,0.239798,2769,664,2105
11833,0.22807,3078,702,2376
11834,0.238749,3644,870,2774
16525,0.562367,2349,1321,1028
16526,0.533279,2449,1306,1143
17355,0.4038,2526,1020,1506
11956,0.258054,3042,785,2257
16471,0.336803,2690,906,1784
16472,0.156727,3605,565,3040
18205,0.313325,2499,783,1716
18206,0.469494,2688,1262,1426
18952,0.287742,2888,831,2057
16199,0.338883,2703,916,1787
16200,0.501007,2483,1244,1239
16569,0.319644,2581,825,1756
16570,0.449162,2567,1153,1414
37803,0.39752,2581,1026,1555
18334,0.279804,3263,913,2350
19757,0.344697,2640,910,1730
19758,0.200462,3028,607,2421
19987,0.214828,2900,623,2277
19988,0.324656,2689,873,1816
36667,0.429659,2495,1072,1423
23655,0.18397,3169,583,2586
23656,0.445149,2525,1124,1401
33135,0.418483,2478,1037,1441
33136,0.402868,2301,927,1374
33391,0.167343,3448,577,2871
33392,0.483367,2495,1206,1289
33439,0.268329,2687,721,1966
33440,0.428633,2333,1000,1333
