643,1,5589,5589,0
189,1,5970,5970,0
195,1,5406,5406,0
248,1,5633,5633,0
1344,1,5807,5807,0
1387,1,6239,6239,0
435,1,5676,5676,0
836,1,6479,6479,0
800,1,5679,5679,0
1133,1,5321,5321,0
1633,1,5993,5993,0
1699,1,5308,5308,0
1810,1,5690,5690,0
2499,1,5840,5840,0
803,1,5731,5731,0
2163,1,6049,6049,0
1127,1,5341,5341,0
2504,1,5663,5663,0
2166,1,6412,6412,0
2505,1,5343,5343,0
118,1,5755,5755,0
1084,1,5389,5389,0
1951,1,5402,5402,0
1966,1,6136,6136,0
1551,1,5547,5547,0
1797,1,5844,5844,0
1562,1,6152,6152,0
1630,1,5317,5317,0
2145,1,5647,5647,0
2404,1,5397,5397,0
143,1,5321,5321,0
2056,1,5425,5425,0
299,1,5395,5395,0
637,1,6170,6170,0
684,1,5781,5781,0
749,1,5458,5458,0
1586,1,6142,6142,0
2277,1,5354,5354,0
1653,1,5438,5438,0
1899,1,5750,5750,0
2355,1,5561,5561,0
396,1,6682,6682,0
94,1,5373,5373,0
1184,1,5507,5507,0
433,1,5420,5420,0
632,1,5264,5264,0
788,1,6677,6677,0
1177,1,5377,5377,0
656,1,5884,5884,0
819,1,5861,5861,0
659,1,6695,6695,0
1425,1,5564,5564,0
1838,1,5863,5863,0
95,1,5807,5807,0
292,1,5680,5680,0
264,1,6214,6214,0
330,1,5571,5571,0
522,1,5433,5433,0
597,1,5423,5423,0
616,1,5675,5675,0
633,1,5581,5581,0
558,1,6270,6270,0
72,1,5640,5640,0
378,1,5342,5342,0
77,1,6004,6004,0
316,1,5864,5864,0
93,1,6788,6788,0
528,1,6765,6765,0
348,1,5565,5565,0
242,1,5360,5360,0
286,1,5330,5330,0
490,1,5896,5896,0
552,1,5664,5664,0
2517,1,5996,5996,0
789,1,6157,6157,0
1669,1,5987,5987,0
2316,1,6190,6190,0
1062,1,5833,5833,0
1767,1,6711,6711,0
2333,1,5492,5492,0
2382,1,5468,5468,0
2366,1,6633,6633,0
2388,1,5457,5457,0
2403,1,6041,6041,0
2315,1,5998,5998,0
2328,1,6181,6181,0
2361,1,6453,6453,0
2364,1,5975,5975,0
1081,1,6150,6150,0
1836,1,6760,6760,0
1202,1,5332,5332,0
1627,1,5478,5478,0
136,1,6741,6741,0
606,1,5501,5501,0
156,1,5495,5495,0
1033,1,5672,5672,0
1946,1,5520,5520,0
2203,1,5537,5537,0
2221,1,5274,5274,0
2228,1,5647,5647,0
2329,1,5377,5377,0
2235,1,5220,5220,0
2299,1,5489,5489,0
2389,1,5805,5805,0
2132,1,5830,5830,0
2138,1,5268,5268,0
2190,1,5518,5518,0
2239,1,5358,5358,0
2185,1,5826,5826,0
2202,1,6263,6263,0
2256,1,5809,5809,0
2260,1,5934,5934,0
2331,1,5703,5703,0
166,1,5653,5653,0
605,1,5609,5609,0
2131,1,5921,5921,0
2134,1,5484,5484,0
568,1,5346,5346,0
582,1,5527,5527,0
2217,1,5630,5630,0
2258,1,5405,5405,0
2262,1,5809,5809,0
2263,1,5465,5465,0
2332,1,6212,6212,0
711,1,5688,5688,0
2199,1,5240,5240,0
2146,1,6448,6448,0
2227,1,5436,5436,0
2141,1,6200,6200,0
2143,1,5505,5505,0
2326,1,5516,5516,0
2327,1,5398,5398,0
2254,1,6029,6029,0
2264,1,6618,6618,0
2323,1,5287,5287,0
62,1,6007,6007,0
793,1,6385,6385,0
2125,1,6015,6015,0
2156,1,5209,5209,0
2224,1,6522,6522,0
2252,1,5637,5637,0
2253,1,5757,5757,0
2257,1,5489,5489,0
2338,1,5447,5447,0
572,1,6169,6169,0
864,1,6158,6158,0
2200,1,6183,6183,0
2289,1,5423,5423,0
2324,1,6007,6007,0
2330,1,5432,5432,0
2337,1,5537,5537,0
2390,1,6422,6422,0
2043,1,5709,5709,0
2191,1,5486,5486,0
2155,1,6133,6133,0
2206,1,5543,5543,0
2128,1,5435,5435,0
2223,1,6467,6467,0
2192,1,6637,6637,0
2259,1,5494,5494,0
2261,1,5493,5493,0
124,1,6444,6444,0
2124,1,6695,6695,0
2144,1,5631,5631,0
54,1,5990,5990,0
113,1,5910,5910,0
756,1,6155,6155,0
157,1,5401,5401,0
1534,1,5727,5727,0
2213,1,5427,5427,0
2305,1,5453,5453,0
693,1,6211,6211,0
869,1,5886,5886,0
1972,1,5925,5925,0
92,1,5542,5542,0
322,1,5317,5317,0
526,1,5626,5626,0
1217,1,5819,5819,0
595,1,5472,5472,0
1381,1,5213,5213,0
670,1,5545,5545,0
1378,1,6152,6152,0
783,1,6036,6036,0
1306,1,6226,6226,0
1529,1,5967,5967,0
1830,1,5181,5181,0
801,1,5871,5871,0
844,1,5613,5613,0
1209,1,6197,6197,0
74,1,5457,5457,0
319,1,6009,6009,0
288,1,5338,5338,0
824,1,5730,5730,0
1444,1,5421,5421,0
615,1,5975,5975,0
1376,1,6433,6433,0
668,1,6237,6237,0
724,1,5553,5553,0
2247,1,5838,5838,0
2350,1,5807,5807,0
851,1,5582,5582,0
1813,1,5820,5820,0
865,1,5684,5684,0
2363,1,5310,5310,0
2300,1,6760,6760,0
2365,1,5385,5385,0
2387,1,5522,5522,0
61,1,5383,5383,0
1055,1,5661,5661,0
161,1,5331,5331,0
1322,1,5246,5246,0
1570,1,5362,5362,0
1769,1,5553,5553,0
1896,1,5393,5393,0
1964,1,5230,5230,0
2204,1,5283,5283,0
2226,1,5293,5293,0
109,1,5676,5676,0
530,1,5602,5602,0
1597,1,5335,5335,0
1820,1,5395,5395,0
527,1,5340,5340,0
1132,1,5223,5223,0
1008,1,5358,5358,0
1538,1,5336,5336,0
1723,1,5986,5986,0
1984,1,5947,5947,0
2209,1,5792,5792,0
2288,1,5849,5849,0
2343,1,5606,5606,0
2292,1,5392,5392,0
752,1,5623,5623,0
1424,1,5399,5399,0
1003,1,5586,5586,0
1026,1,5504,5504,0
1029,1,6199,6199,0
1246,1,5949,5949,0
1982,1,5395,5395,0
2356,1,5580,5580,0
1668,1,5522,5522,0
1703,1,6751,6751,0
1772,1,5532,5532,0
22,1,6018,6018,0
2072,1,5975,5975,0
1503,1,6007,6007,0
103,1,6726,6726,0
1453,1,5876,5876,0
1694,1,5541,5541,0
114,1,5448,5448,0
565,1,5588,5588,0
1455,1,5741,5741,0
1847,1,6461,6461,0
2374,1,6728,6728,0
99,1,5624,5624,0
207,1,5718,5718,0
1104,1,6731,6731,0
1098,1,5591,5591,0
1327,1,5622,5622,0
2248,1,6437,6437,0
1762,1,6766,6766,0
26,1,5301,5301,0
140,1,5582,5582,0
122,1,5364,5364,0
217,1,5577,5577,0
255,1,5623,5623,0
1589,1,5688,5688,0
1950,1,5628,5628,0
1953,1,5572,5572,0
1139,1,5723,5723,0
1257,1,5546,5546,0
1264,1,5785,5785,0
1949,1,5991,5991,0
1367,1,5218,5218,0
2230,1,5553,5553,0
436,1,5421,5421,0
849,1,5353,5353,0
1249,1,6129,6129,0
1477,1,5860,5860,0
1096,1,5966,5966,0
1775,1,5915,5915,0
1790,1,5354,5354,0
1992,1,5781,5781,0
1963,1,5431,5431,0
2485,1,5607,5607,0
2266,1,5811,5811,0
2341,1,5459,5459,0
641,1,5477,5477,0
653,1,5355,5355,0
1175,1,5649,5649,0
1345,1,5314,5314,0
149,1,5388,5388,0
1042,1,5702,5702,0
720,1,5605,5605,0
1259,1,5357,5357,0
1479,1,5642,5642,0
1482,1,5355,5355,0
1782,1,5783,5783,0
2246,1,6108,6108,0
2220,1,5964,5964,0
854,1,5951,5951,0
1080,1,5966,5966,0
1250,1,5261,5261,0
1369,1,5698,5698,0
1475,1,5951,5951,0
1665,1,5434,5434,0
1680,1,5775,5775,0
2174,1,5291,5291,0
1741,1,5227,5227,0
2207,1,5419,5419,0
2108,1,6455,6455,0
2400,1,5207,5207,0
2521,1,5518,5518,0
456,1,5843,5843,0
1423,1,6242,6242,0
2296,1,6676,6676,0
661,1,5252,5252,0
740,1,5938,5938,0
1061,1,6478,6478,0
1222,1,6383,6383,0
1111,1,5755,5755,0
1142,1,5303,5303,0
1532,1,5193,5193,0
1620,1,5787,5787,0
1843,1,5473,5473,0
2225,1,5526,5526,0
274,1,5245,5245,0
1365,1,5807,5807,0
450,1,5290,5290,0
1671,1,5847,5847,0
1059,1,5356,5356,0
1380,1,5293,5293,0
1178,1,6211,6211,0
1807,1,5968,5968,0
1317,1,5303,5303,0
1962,1,5355,5355,0
1791,1,5410,5410,0
2044,1,5435,5435,0
57,1,5484,5484,0
218,1,5367,5367,0
115,1,5487,5487,0
1014,1,5522,5522,0
546,1,5368,5368,0
1445,1,6106,6106,0
1218,1,5311,5311,0
1349,1,5827,5827,0
1544,1,5442,5442,0
1621,1,5356,5356,0
1901,1,5320,5320,0
176,1,5450,5450,0
1242,1,5446,5446,0
1409,1,5522,5522,0
1952,1,5347,5347,0
1929,1,5224,5224,0
2048,1,5393,5393,0
2047,1,5975,5975,0
2322,1,6382,6382,0
2358,1,5474,5474,0
34,1,5915,5915,0
106,1,6017,6017,0
771,1,5688,5688,0
1705,1,6158,6158,0
1315,1,5267,5267,0
1451,1,5384,5384,0
1419,1,6644,6644,0
1900,1,6712,6712,0
2242,1,5929,5929,0
2273,1,5596,5596,0
307,1,5512,5512,0
583,1,6167,6167,0
1254,1,5587,5587,0
1542,1,6499,6499,0
453,1,5298,5298,0
1272,1,5786,5786,0
604,1,5848,5848,0
1065,1,5793,5793,0
1815,1,5988,5988,0
11,1,5242,5242,0
107,1,5506,5506,0
1748,1,6160,6160,0
2401,1,5505,5505,0
280,1,5553,5553,0
639,1,5429,5429,0
355,1,5412,5412,0
823,1,5411,5411,0
1487,1,6410,6410,0
1732,1,6738,6738,0
491,1,5487,5487,0
1447,1,5401,5401,0
547,1,5386,5386,0
875,1,5432,5432,0
1070,1,6414,6414,0
1252,1,6000,6000,0
1696,1,6401,6401,0
1508,1,5797,5797,0
2298,1,5959,5959,0
1566,1,5660,5660,0
2122,1,5979,5979,0
1944,1,5738,5738,0
1957,1,5870,5870,0
2057,1,6055,6055,0
2218,1,6475,6475,0
967,1,5713,5713,0
979,1,5578,5578,0
1005,1,5820,5820,0
9,1,5224,5224,0
18,1,5785,5785,0
101,1,5982,5982,0
295,1,6150,6150,0
309,1,5963,5963,0
1303,1,5539,5539,0
1759,1,6411,6411,0
1679,1,6185,6185,0
2109,1,6374,6374,0
1808,1,6110,6110,0
126,1,5592,5592,0
141,1,5298,5298,0
1075,1,5484,5484,0
1366,1,6709,6709,0
755,1,5503,5503,0
1485,1,5486,5486,0
1321,1,5396,5396,0
1399,1,5426,5426,0
1925,1,6745,6745,0
177,1,6173,6173,0
645,1,5374,5374,0
707,1,6121,6121,0
719,1,5359,5359,0
1652,1,5798,5798,0
1809,1,5734,5734,0
1902,1,5964,5964,0
1812,1,5462,5462,0
1766,1,6467,6467,0
1811,1,5706,5706,0
2102,1,5801,5801,0
191,1,6143,6143,0
416,1,6184,6184,0
275,1,6385,6385,0
337,1,6437,6437,0
363,1,5516,5516,0
381,1,5521,5521,0
389,1,5250,5250,0
903,1,5641,5641,0
928,1,5957,5957,0
1785,1,6457,6457,0
434,1,6769,6769,0
2066,1,5957,5957,0
1039,1,5770,5770,0
1082,1,5486,5486,0
635,1,5711,5711,0
786,1,6415,6415,0
373,1,5202,5202,0
915,1,5302,5302,0
769,1,5567,5567,0
1289,1,6136,6136,0
1374,1,5301,5301,0
173,1,5706,5706,0
709,1,5963,5963,0
1506,1,5503,5503,0
2184,1,5310,5310,0
1517,1,5283,5283,0
1917,1,5574,5574,0
2091,1,6811,6811,0
2105,1,5418,5418,0
216,1,5484,5484,0
550,1,6145,6145,0
370,1,5567,5567,0
1125,1,5999,5999,0
554,1,5303,5303,0
1337,1,5963,5963,0
219,1,5411,5411,0
507,1,5291,5291,0
2194,1,5492,5492,0
121,1,6230,6230,0
460,1,5358,5358,0
1064,1,5244,5244,0
1166,1,5544,5544,0
123,1,5708,5708,0
1959,1,5423,5423,0
1504,1,6179,6179,0
1711,1,5387,5387,0
741,1,5249,5249,0
2055,1,5996,5996,0
1243,1,6314,6314,0
2371,1,5419,5419,0
768,1,5408,5408,0
1083,1,5240,5240,0
858,1,6618,6618,0
879,1,6063,6063,0
361,1,6000,6000,0
386,1,5817,5817,0
472,1,5262,5262,0
957,1,5643,5643,0
881,1,5475,5475,0
974,1,6457,6457,0
2033,1,5333,5333,0
2550,1,6657,6657,0
982,1,5706,5706,0
983,1,5753,5753,0
1331,1,5971,5971,0
1948,1,6060,6060,0
1247,1,5436,5436,0
1298,1,5416,5416,0
1507,1,6818,6818,0
1706,1,5499,5499,0
1481,1,5440,5440,0
1483,1,5340,5340,0
993,1,6478,6478,0
1728,1,6423,6423,0
1296,1,5312,5312,0
1364,1,6162,6162,0
1382,1,6110,6110,0
1448,1,5693,5693,0
1661,1,5441,5441,0
2398,1,5419,5419,0
237,1,5582,5582,0
1415,1,5534,5534,0
1851,1,5627,5627,0
2159,1,5378,5378,0
2036,1,5964,5964,0
20,1,6733,6733,0
775,1,6414,6414,0
1248,1,6185,6185,0
418,1,5982,5982,0
2392,1,6009,6009,0
2399,1,5298,5298,0
1934,1,5887,5887,0
1708,1,6204,6204,0
2175,1,6762,6762,0
111,1,5743,5743,0
1047,1,5717,5717,0
735,1,5899,5899,0
1710,1,5447,5447,0
398,1,5807,5807,0
469,1,5289,5289,0
650,1,6439,6439,0
787,1,6397,6397,0
1270,1,6418,6418,0
1576,1,5418,5418,0
1758,1,5343,5343,0
14,1,6254,6254,0
461,1,5853,5853,0
167,1,5474,5474,0
291,1,5714,5714,0
1072,1,5264,5264,0
1186,1,5610,5610,0
1228,1,5421,5421,0
1695,1,5452,5452,0
1134,1,6500,6500,0
1144,1,6685,6685,0
1947,1,6704,6704,0
258,1,5164,5164,0
1682,1,5939,5939,0
777,1,5233,5233,0
1076,1,6189,6189,0
269,1,5314,5314,0
1747,1,5337,5337,0
495,1,5321,5321,0
1253,1,5822,5822,0
562,1,6444,6444,0
624,1,6691,6691,0
773,1,6403,6403,0
1368,1,6749,6749,0
1251,1,6799,6799,0
278,1,5707,5707,0
2491,1,5844,5844,0
1800,1,5316,5316,0
2506,1,5533,5533,0
2500,1,6736,6736,0
66,1,6700,6700,0
1068,1,6418,6418,0
1395,1,6230,6230,0
1226,1,5801,5801,0
1457,1,5664,5664,0
1363,1,6668,6668,0
1501,1,5450,5450,0
2196,1,6240,6240,0
1994,1,5692,5692,0
2046,1,6781,6781,0
2201,1,6697,6697,0
96,1,5307,5307,0
1396,1,6482,6482,0
152,1,6460,6460,0
1619,1,6683,6683,0
2158,1,6017,6017,0
1643,1,5792,5792,0
2104,1,6727,6727,0
1918,1,6047,6047,0
1750,1,6067,6067,0
753,1,6755,6755,0
1578,1,6410,6410,0
751,1,5621,5621,0
822,1,6249,6249,0
2318,1,5850,5850,0
329,1,5651,5651,0
638,1,5366,5366,0
811,1,5384,5384,0
959,1,5163,5163,0
806,1,6473,6473,0
977,1,5336,5336,0
961,1,6339,6339,0
812,1,5381,5381,0
1002,1,5227,5227,0
813,1,6756,6756,0
1343,1,6003,6003,0
1459,1,5994,5994,0
360,1,5466,5466,0
1585,1,5978,5978,0
1393,1,5638,5638,0
1440,1,5901,5901,0
179,1,5293,5293,0
1168,1,5337,5337,0
2445,1,5299,5299,0
2446,1,5266,5266,0
287,1,6688,6688,0
1200,1,5884,5884,0
79,1,6210,6210,0
1129,1,5659,5659,0
733,1,5659,5659,0
1735,1,5989,5989,0
2402,1,5562,5562,0
1067,1,6046,6046,0
501,1,5947,5947,0
589,1,5615,5615,0
692,1,5421,5421,0
2053,1,5580,5580,0
648,1,6460,6460,0
792,1,5636,5636,0
2210,1,6196,6196,0
2215,1,5820,5820,0
128,1,5495,5495,0
1034,1,5438,5438,0
313,1,5567,5567,0
1038,1,5680,5680,0
144,1,5451,5451,0
1035,1,5330,5330,0
1051,1,5247,5247,0
1172,1,5324,5324,0
1152,1,5732,5732,0
1176,1,5434,5434,0
1667,1,5664,5664,0
2042,1,5398,5398,0
13,1,5985,5985,0
145,1,5569,5569,0
535,1,5205,5205,0
1036,1,5582,5582,0
772,1,5459,5459,0
774,1,5720,5720,0
1049,1,6026,6026,0
2170,1,6219,6219,0
12,1,6123,6123,0
127,1,5925,5925,0
516,1,5250,5250,0
575,1,6106,6106,0
689,1,5495,5495,0
745,1,5345,5345,0
829,1,5353,5353,0
2284,1,5451,5451,0
1230,1,5567,5567,0
1760,1,5377,5377,0
2069,1,6763,6763,0
2317,1,5410,5410,0
2188,1,5550,5550,0
2335,1,5796,5796,0
32,1,6760,6760,0
102,1,5454,5454,0
1564,1,5281,5281,0
1897,1,6180,6180,0
1623,1,6145,6145,0
2304,1,5657,5657,0
268,1,6712,6712,0
770,1,5675,5675,0
731,1,5723,5723,0
1733,1,5776,5776,0
533,1,5862,5862,0
1869,1,6243,6243,0
2377,1,5299,5299,0
76,1,6699,6699,0
87,1,6067,6067,0
408,1,5819,5819,0
1145,1,6418,6418,0
364,1,5491,5491,0
1341,1,5420,5420,0
1197,1,5926,5926,0
1312,1,5262,5262,0
1390,1,5765,5765,0
1608,1,5693,5693,0
1753,1,6458,6458,0
2268,1,5729,5729,0
541,1,5555,5555,0
545,1,5847,5847,0
1588,1,5598,5598,0
1676,1,5697,5697,0
1727,1,6000,6000,0
2068,1,6205,6205,0
2092,1,6186,6186,0
2243,1,6023,6023,0
2272,1,6039,6039,0
681,1,6030,6030,0
1554,1,5807,5807,0
1757,1,5813,5813,0
1796,1,5342,5342,0
27,1,6651,6651,0
1241,1,5766,5766,0
750,1,5237,5237,0
846,1,5195,5195,0
1138,1,6680,6680,0
1646,1,6492,6492,0
1684,1,5692,5692,0
1795,1,5614,5614,0
2241,1,6214,6214,0
2311,1,6192,6192,0
1831,1,5565,5565,0
2136,1,5990,5990,0
886,1,5456,5456,0
1911,1,5741,5741,0
2003,1,5692,5692,0
192,1,6240,6240,0
1198,1,6727,6727,0
1915,1,5606,5606,0
198,1,6399,6399,0
2129,1,6217,6217,0
608,1,6399,6399,0
1514,1,6211,6211,0
1823,1,6184,6184,0
2113,1,6146,6146,0
148,1,6426,6426,0
465,1,6111,6111,0
1126,1,5767,5767,0
511,1,6414,6414,0
917,1,5715,5715,0
1087,1,5793,5793,0
1628,1,6458,6458,0
1877,1,6761,6761,0
2135,1,6255,6255,0
2236,1,5991,5991,0
172,1,6421,6421,0
1074,1,6489,6489,0
1338,1,6716,6716,0
444,1,6760,6760,0
1260,1,6639,6639,0
452,1,6779,6779,0
1006,1,5964,5964,0
1276,1,6440,6440,0
1421,1,5564,5564,0
1470,1,5775,5775,0
169,1,5611,5611,0
187,1,6694,6694,0
543,1,6452,6452,0
618,1,5671,5671,0
613,1,6208,6208,0
2090,1,6166,6166,0
919,1,5700,5700,0
1156,1,5778,5778,0
1196,1,5722,5722,0
1624,1,5725,5725,0
1450,1,5851,5851,0
2070,1,6021,6021,0
2297,1,5442,5442,0
2060,1,5846,5846,0
1099,1,5980,5980,0
1350,1,6190,6190,0
2238,1,5896,5896,0
2310,1,5841,5841,0
2312,1,5872,5872,0
2336,1,5584,5584,0
46,1,6169,6169,0
117,1,6004,6004,0
1339,1,5993,5993,0
573,1,5748,5748,0
677,1,5750,5750,0
1169,1,6693,6693,0
652,1,5814,5814,0
857,1,5780,5780,0
797,1,5809,5809,0
1116,1,5952,5952,0
2095,1,5997,5997,0
1057,1,5999,5999,0
1256,1,5999,5999,0
1546,1,5779,5779,0
1849,1,5867,5867,0
1919,1,6060,6060,0
2126,1,5991,5991,0
2198,1,6155,6155,0
2183,1,5951,5951,0
2216,1,5602,5602,0
139,1,6473,6473,0
1058,1,6662,6662,0
1827,1,5800,5800,0
574,1,5971,5971,0
577,1,5698,5698,0
1105,1,5715,5715,0
1148,1,5902,5902,0
1048,1,6767,6767,0
1265,1,6436,6436,0
2162,1,5763,5763,0
462,1,5844,5844,0
1438,1,5706,5706,0
1908,1,5799,5799,0
2097,1,6459,6459,0
1158,1,6199,6199,0
1833,1,5678,5678,0
1234,1,6149,6149,0
1180,1,6225,6225,0
1267,1,6003,6003,0
1689,1,6017,6017,0
41,1,6221,6221,0
260,1,5973,5973,0
601,1,5807,5807,0
1093,1,5740,5740,0
131,1,6382,6382,0
1208,1,6191,6191,0
564,1,6706,6706,0
1183,1,6221,6221,0
1300,1,6049,6049,0
2395,1,5300,5300,0
571,1,6487,6487,0
2115,1,6728,6728,0
1157,1,5960,5960,0
591,1,6729,6729,0
1016,1,5967,5967,0
1154,1,6373,6373,0
1235,1,6831,6831,0
1255,1,6154,6154,0
1268,1,6341,6341,0
1845,1,6182,6182,0
138,1,5914,5914,0
611,1,5922,5922,0
1961,1,5981,5981,0
2157,1,5855,5855,0
1261,1,6223,6223,0
2372,1,6472,6472,0
2276,1,6408,6408,0
2237,1,6682,6682,0
194,1,6726,6726,0
1920,1,6733,6733,0
2130,1,6473,6473,0
289,1,5978,5978,0
2351,1,6191,6191,0
1412,1,6000,6000,0
489,1,6239,6239,0
1191,1,6198,6198,0
1320,1,6342,6342,0
794,1,5687,5687,0
798,1,6163,6163,0
861,1,5645,5645,0
78,1,5806,5806,0
80,1,5657,5657,0
84,1,6193,6193,0
325,1,5527,5527,0
302,1,5393,5393,0
609,1,5324,5324,0
780,1,5281,5281,0
833,1,5313,5313,0
1428,1,5510,5510,0
1856,1,5682,5682,0
1880,1,5725,5725,0
518,1,6457,6457,0
569,1,6778,6778,0
1164,1,6737,6737,0
596,1,6659,6659,0
1073,1,6443,6443,0
2376,1,5966,5966,0
2314,1,5969,5969,0
2342,1,6461,6461,0
566,1,6803,6803,0
1779,1,6428,6428,0
715,1,6746,6746,0
2094,1,6417,6417,0
757,1,6376,6376,0
220,1,5836,5836,0
344,1,5942,5942,0
1666,1,6075,6075,0
1724,1,5641,5641,0
1521,1,5679,5679,0
1522,1,5835,5835,0
1979,1,5687,5687,0
2151,1,6206,6206,0
2283,1,6182,6182,0
2291,1,5200,5200,0
2393,1,5465,5465,0
2303,1,6793,6793,0
690,1,5391,5391,0
1441,1,5323,5323,0
694,1,5875,5875,0
1990,1,5306,5306,0
747,1,5436,5436,0
763,1,5531,5531,0
1497,1,5593,5593,0
1986,1,5362,5362,0
1685,1,5316,5316,0
1974,1,5565,5565,0
2052,1,6023,6023,0
2306,1,5339,5339,0
1056,1,5960,5960,0
1940,1,6125,6125,0
1456,1,5970,5970,0
1498,1,5794,5794,0
1467,1,5401,5401,0
1543,1,5282,5282,0
1803,1,5544,5544,0
1975,1,5342,5342,0
1540,1,5393,5393,0
1641,1,5371,5371,0
2290,1,6195,6195,0
1625,1,5554,5554,0
1642,1,5756,5756,0
1884,1,6365,6365,0
2084,1,5355,5355,0
19,1,5306,5306,0
39,1,5404,5404,0
1461,1,5469,5469,0
1536,1,5377,5377,0
1563,1,6250,6250,0
1913,1,5767,5767,0
1903,1,5334,5334,0
1930,1,5333,5333,0
2270,1,5343,5343,0
2353,1,6024,6024,0
40,1,5400,5400,0
1085,1,5483,5483,0
732,1,5269,5269,0
847,1,5991,5991,0
487,1,5333,5333,0
742,1,5403,5403,0
621,1,5377,5377,0
1516,1,5483,5483,0
1976,1,6501,6501,0
2083,1,6749,6749,0
2120,1,5780,5780,0
859,1,5346,5346,0
1416,1,5327,5327,0
1323,1,5647,5647,0
1391,1,5577,5577,0
1118,1,6060,6060,0
1420,1,5699,5699,0
1583,1,5639,5639,0
1978,1,6841,6841,0
1881,1,5558,5558,0
1891,1,6737,6737,0
1885,1,5501,5501,0
1981,1,5670,5670,0
2214,1,6424,6424,0
2313,1,6008,6008,0
1928,1,5794,5794,0
1977,1,5911,5911,0
174,1,5273,5273,0
305,1,5231,5231,0
728,1,6204,6204,0
764,1,5746,5746,0
1629,1,5938,5938,0
1662,1,5425,5425,0
1701,1,5915,5915,0
1955,1,6028,6028,0
1967,1,5969,5969,0
1971,1,5687,5687,0
24,1,5733,5733,0
567,1,5630,5630,0
1360,1,6653,6653,0
671,1,5836,5836,0
942,1,6355,6355,0
1000,1,6784,6784,0
766,1,6660,6660,0
1403,1,5837,5837,0
1454,1,5723,5723,0
1745,1,6427,6427,0
468,1,5780,5780,0
478,1,5587,5587,0
1494,1,6697,6697,0
830,1,6242,6242,0
1828,1,5467,5467,0
2509,1,5378,5378,0
23,1,5725,5725,0
691,1,6698,6698,0
678,1,5423,5423,0
1275,1,5849,5849,0
739,1,6008,6008,0
754,1,5986,5986,0
1258,1,6304,6304,0
1648,1,6407,6407,0
1675,1,6407,6407,0
1942,1,6184,6184,0
761,1,5382,5382,0
831,1,5593,5593,0
1115,1,5844,5844,0
1632,1,6128,6128,0
1293,1,5566,5566,0
1330,1,6463,6463,0
1659,1,5838,5838,0
1781,1,5488,5488,0
760,1,5566,5566,0
1556,1,5854,5854,0
1435,1,5948,5948,0
1594,1,5457,5457,0
1609,1,5329,5329,0
1615,1,5610,5610,0
6,1,5301,5301,0
1638,1,5294,5294,0
1103,1,5293,5293,0
2369,1,5173,5173,0
1372,1,5942,5942,0
1742,1,6733,6733,0
2067,1,5518,5518,0
2099,1,5971,5971,0
2119,1,5486,5486,0
2251,1,5383,5383,0
2344,1,6119,6119,0
513,1,5326,5326,0
578,1,5391,5391,0
734,1,5398,5398,0
1101,1,5374,5374,0
765,1,5265,5265,0
1010,1,5559,5559,0
1050,1,5422,5422,0
1635,1,5453,5453,0
2063,1,5806,5806,0
697,1,5552,5552,0
838,1,5687,5687,0
743,1,5285,5285,0
1282,1,5293,5293,0
1100,1,6725,6725,0
1274,1,5706,5706,0
1922,1,5831,5831,0
1431,1,6061,6061,0
1764,1,5607,5607,0
2325,1,6470,6470,0
146,1,5789,5789,0
479,1,6159,6159,0
1162,1,6704,6704,0
160,1,5745,5745,0
163,1,5564,5564,0
290,1,5521,5521,0
451,1,6052,6052,0
1224,1,5366,5366,0
17,1,5489,5489,0
154,1,5357,5357,0
687,1,5643,5643,0
1052,1,5959,5959,0
25,1,5868,5868,0
159,1,5803,5803,0
1721,1,5991,5991,0
503,1,5333,5333,0
675,1,6194,6194,0
676,1,5939,5939,0
2062,1,5341,5341,0
28,1,5386,5386,0
45,1,5601,5601,0
1825,1,5867,5867,0
2061,1,6657,6657,0
492,1,6400,6400,0
667,1,6754,6754,0
680,1,5842,5842,0
2045,1,5857,5857,0
2177,1,5555,5555,0
308,1,6714,6714,0
705,1,5645,5645,0
2089,1,6258,6258,0
515,1,6157,6157,0
767,1,5761,5761,0
820,1,5505,5505,0
1658,1,5976,5976,0
1746,1,6728,6728,0
2205,1,5850,5850,0
1991,1,6742,6742,0
81,1,5783,5783,0
85,1,5617,5617,0
199,1,5372,5372,0
321,1,5345,5345,0
366,1,5442,5442,0
2422,1,5689,5689,0
2475,1,5450,5450,0
2481,1,5820,5820,0
2507,1,6417,6417,0
2551,1,1197,1197,0
130,1,5965,5965,0
539,1,5359,5359,0
559,1,5633,5633,0
623,1,5401,5401,0
1446,1,6382,6382,0
1654,1,6263,6263,0
1584,1,6445,6445,0
1495,1,5699,5699,0
1499,1,5820,5820,0
1697,1,6175,6175,0
1763,1,6035,6035,0
267,1,6691,6691,0
704,1,6126,6126,0
2244,1,5958,5958,0
1069,1,6032,6032,0
1090,1,5206,5206,0
1580,1,5480,5480,0
1212,1,6049,6049,0
1626,1,6205,6205,0
2149,1,5950,5950,0
2150,1,5956,5956,0
873,1,5622,5622,0
1117,1,5537,5537,0
1025,1,5421,5421,0
1113,1,5366,5366,0
1240,1,5334,5334,0
1826,1,5459,5459,0
1279,1,5189,5189,0
1938,1,5532,5532,0
2375,1,5396,5396,0
1141,1,5544,5544,0
1898,1,5475,5475,0
1155,1,5389,5389,0
1182,1,5466,5466,0
1297,1,6227,6227,0
1924,1,5323,5323,0
2354,1,5378,5378,0
1328,1,5546,5546,0
1983,1,5423,5423,0
31,1,5431,5431,0
776,1,5775,5775,0
301,1,5424,5424,0
1044,1,5243,5243,0
1086,1,5296,5296,0
1130,1,5513,5513,0
1091,1,5274,5274,0
1137,1,5472,5472,0
2182,1,5378,5378,0
2348,1,5446,5446,0
30,1,5346,5346,0
33,1,5409,5409,0
1136,1,5511,5511,0
1189,1,5509,5509,0
43,1,5279,5279,0
581,1,5328,5328,0
695,1,5799,5799,0
1022,1,5473,5473,0
137,1,5171,5171,0
737,1,5291,5291,0
682,1,5934,5934,0
817,1,5395,5395,0
441,1,5534,5534,0
1656,1,5404,5404,0
1294,1,5245,5245,0
1392,1,5303,5303,0
1078,1,5324,5324,0
1220,1,5384,5384,0
2148,1,5425,5425,0
1931,1,5424,5424,0
2096,1,5198,5198,0
2133,1,5484,5484,0
59,1,5402,5402,0
1515,1,5336,5336,0
1452,1,5396,5396,0
1910,1,5546,5546,0
870,1,5427,5427,0
1046,1,5551,5551,0
1122,1,5269,5269,0
1146,1,5311,5311,0
2349,1,5709,5709,0
204,1,5328,5328,0
1120,1,5506,5506,0
458,1,5522,5522,0
471,1,5305,5305,0
549,1,5371,5371,0
2121,1,5485,5485,0
850,1,5517,5517,0
1560,1,5390,5390,0
1559,1,5558,5558,0
1883,1,5726,5726,0
2385,1,5341,5341,0
1789,1,5255,5255,0
2051,1,5168,5168,0
2123,1,5501,5501,0
2147,1,5378,5378,0
105,1,5841,5841,0
587,1,5720,5720,0
1041,1,5785,5785,0
1307,1,5500,5500,0
529,1,5595,5595,0
1077,1,5712,5712,0
1273,1,5561,5561,0
1370,1,5638,5638,0
673,1,5490,5490,0
1449,1,5530,5530,0
1690,1,5289,5289,0
2142,1,5489,5489,0
1295,1,5379,5379,0
1318,1,5537,5537,0
1749,1,5519,5519,0
2031,1,5266,5266,0
1878,1,6736,6736,0
2405,1,5495,5495,0
2406,1,5690,5690,0
2407,1,5442,5442,0
2412,1,5254,5254,0
2415,1,6431,6431,0
2466,1,6762,6762,0
2531,1,6183,6183,0
1024,1,5769,5769,0
1210,1,5664,5664,0
1824,1,5741,5741,0
2050,1,5824,5824,0
2087,1,5549,5549,0
2255,1,5879,5879,0
2178,1,5735,5735,0
2274,1,5380,5380,0
2295,1,5291,5291,0
2320,1,5433,5433,0
196,1,5437,5437,0
1655,1,5308,5308,0
449,1,5289,5289,0
585,1,5523,5523,0
985,1,5224,5224,0
1333,1,5350,5350,0
1649,1,5264,5264,0
1686,1,5505,5505,0
1698,1,5885,5885,0
499,1,5857,5857,0
580,1,5851,5851,0
1097,1,5900,5900,0
1263,1,5593,5593,0
593,1,5630,5630,0
610,1,5682,5682,0
891,1,5678,5678,0
1400,1,5597,5597,0
1524,1,5376,5376,0
2049,1,5343,5343,0
1717,1,5796,5796,0
2240,1,5267,5267,0
49,1,5710,5710,0
480,1,5442,5442,0
311,1,5557,5557,0
555,1,5812,5812,0
203,1,5659,5659,0
1657,1,5592,5592,0
1192,1,5772,5772,0
1314,1,5632,5632,0
265,1,5709,5709,0
542,1,5842,5842,0
553,1,5625,5625,0
602,1,5681,5681,0
459,1,5337,5337,0
590,1,5496,5496,0
990,1,5793,5793,0
1389,1,5609,5609,0
1066,1,5644,5644,0
1458,1,5829,5829,0
1402,1,5605,5605,0
2054,1,5626,5626,0
2000,1,5461,5461,0
2088,1,5240,5240,0
2107,1,5286,5286,0
2308,1,5204,5204,0
2111,1,5406,5406,0
2181,1,5347,5347,0
272,1,5480,5480,0
457,1,5418,5418,0
463,1,5473,5473,0
837,1,5350,5350,0
519,1,5413,5413,0
1502,1,5358,5358,0
612,1,5361,5361,0
1401,1,5548,5548,0
579,1,5514,5514,0
1262,1,5517,5517,0
1290,1,5546,5546,0
1817,1,5370,5370,0
1841,1,5441,5441,0
1887,1,5552,5552,0
2231,1,5510,5510,0
48,1,5601,5601,0
1018,1,5358,5358,0
531,1,5728,5728,0
1216,1,5839,5839,0
532,1,5286,5286,0
1277,1,5434,5434,0
599,1,5487,5487,0
2106,1,5351,5351,0
748,1,5489,5489,0
814,1,5431,5431,0
866,1,5459,5459,0
975,1,5261,5261,0
1756,1,5127,5127,0
2139,1,5371,5371,0
2140,1,5249,5249,0
2179,1,5484,5484,0
1071,1,5498,5498,0
1958,1,5578,5578,0
1163,1,5600,5600,0
2249,1,5472,5472,0
1413,1,5338,5338,0
1519,1,5555,5555,0
1663,1,5871,5871,0
1914,1,5592,5592,0
2098,1,5890,5890,0
340,1,5217,5217,0
1135,1,5364,5364,0
1199,1,5727,5727,0
1305,1,5551,5551,0
1346,1,6721,6721,0
2501,1,5915,5915,0
538,1,5673,5673,0
2074,1,5530,5530,0
1171,1,5416,5416,0
1954,1,5309,5309,0
551,1,5356,5356,0
1236,1,5385,5385,0
1244,1,5348,5348,0
1329,1,5593,5593,0
1407,1,5690,5690,0
1960,1,5547,5547,0
2103,1,6384,6384,0
2117,1,5925,5925,0
2386,1,5212,5212,0
88,1,5720,5720,0
2414,1,5164,5164,0
282,1,5561,5561,0
365,1,6420,6420,0
1464,1,5654,5654,0
1617,1,5558,5558,0
1637,1,5954,5954,0
1858,1,5294,5294,0
2472,1,5549,5549,0
2480,1,5919,5919,0
129,1,6430,6430,0
1302,1,6456,6456,0
712,1,6701,6701,0
281,1,5472,5472,0
1092,1,5589,5589,0
1904,1,5570,5570,0
1906,1,6009,6009,0
1037,1,5316,5316,0
147,1,6434,6434,0
702,1,5575,5575,0
1988,1,5215,5215,0
1770,1,5407,5407,0
683,1,6264,6264,0
1465,1,5998,5998,0
1027,1,6718,6718,0
1989,1,6419,6419,0
2153,1,6461,6461,0
2189,1,5906,5906,0
626,1,5698,5698,0
696,1,5568,5568,0
1905,1,5492,5492,0
2280,1,5710,5710,0
1195,1,6783,6783,0
1211,1,6720,6720,0
1204,1,5955,5955,0
1418,1,6424,6424,0
1801,1,5930,5930,0
2065,1,5423,5423,0
170,1,6143,6143,0
1644,1,5998,5998,0
657,1,6418,6418,0
182,1,6007,6007,0
557,1,6091,6091,0
827,1,6781,6781,0
1269,1,5929,5929,0
1299,1,5699,5699,0
1592,1,5756,5756,0
1569,1,5732,5732,0
1771,1,5241,5241,0
1773,1,5692,5692,0
2076,1,6028,6028,0
2064,1,6516,6516,0
2127,1,5469,5469,0
2197,1,5496,5496,0
2391,1,5478,5478,0
1013,1,5456,5456,0
1015,1,5698,5698,0
44,1,5263,5263,0
52,1,5510,5510,0
125,1,5577,5577,0
183,1,5465,5465,0
1463,1,6027,6027,0
1932,1,5776,5776,0
2082,1,5650,5650,0
1921,1,5856,5856,0
1943,1,5427,5427,0
2193,1,5599,5599,0
7,1,5391,5391,0
37,1,5636,5636,0
47,1,6242,6242,0
60,1,5326,5326,0
135,1,5707,5707,0
1397,1,5426,5426,0
188,1,5459,5459,0
1531,1,5450,5450,0
1596,1,5644,5644,0
1713,1,5689,5689,0
10,1,5364,5364,0
186,1,5646,5646,0
56,1,5420,5420,0
1394,1,5675,5675,0
53,1,5777,5777,0
1533,1,6023,6023,0
448,1,6040,6040,0
454,1,5237,5237,0
65,1,5824,5824,0
259,1,5267,5267,0
502,1,5532,5532,0
1672,1,5365,5365,0
116,1,5648,5648,0
497,1,6004,6004,0
414,1,6135,6135,0
843,1,5366,5366,0
860,1,5643,5643,0
1993,1,5354,5354,0
2114,1,5333,5333,0
1285,1,6184,6184,0
1355,1,5931,5931,0
1793,1,5529,5529,0
1945,1,5948,5948,0
660,1,6208,6208,0
1233,1,5595,5595,0
2431,1,6671,6671,0
2438,1,5444,5444,0
2461,1,6222,6222,0
2486,1,5506,5506,0
2487,1,5742,5742,0
2488,1,5870,5870,0
2483,1,6201,6201,0
42,1,5940,5940,0
560,1,5381,5381,0
293,1,5882,5882,0
1032,1,6464,6464,0
55,1,5865,5865,0
1700,1,5599,5599,0
257,1,5829,5829,0
1001,1,5830,5830,0
1159,1,5263,5263,0
1879,1,5712,5712,0
2229,1,5705,5705,0
5,1,6143,6143,0
1170,1,6014,6014,0
35,1,5280,5280,0
576,1,6038,6038,0
16,1,6745,6745,0
2014,1,6419,6419,0
1288,1,5461,5461,0
1040,1,5553,5553,0
1359,1,6372,6372,0
1755,1,6368,6368,0
2137,1,5793,5793,0
50,1,5587,5587,0
1107,1,6687,6687,0
297,1,5489,5489,0
984,1,5538,5538,0
1301,1,6746,6746,0
1618,1,5945,5945,0
1893,1,6695,6695,0
1818,1,5473,5473,0
104,1,5399,5399,0
880,1,5318,5318,0
607,1,5727,5727,0
1436,1,6706,6706,0
110,1,5589,5589,0
155,1,5675,5675,0
488,1,6217,6217,0
1610,1,6180,6180,0
423,1,5969,5969,0
868,1,5979,5979,0
1215,1,5571,5571,0
523,1,6397,6397,0
1636,1,5769,5769,0
588,1,6006,6006,0
725,1,5857,5857,0
1094,1,5259,5259,0
1292,1,5421,5421,0
1622,1,5981,5981,0
759,1,6376,6376,0
1284,1,6151,6151,0
1907,1,5379,5379,0
1028,1,6383,6383,0
1173,1,5460,5460,0
1587,1,6061,6061,0
70,1,6425,6425,0
234,1,6035,6035,0
2514,1,6499,6499,0
276,1,6130,6130,0
508,1,5620,5620,0
716,1,5585,5585,0
312,1,5215,5215,0
2442,1,6467,6467,0
376,1,5442,5442,0
2423,1,5836,5836,0
2408,1,6009,6009,0
2410,1,5765,5765,0
2416,1,5791,5791,0
2430,1,5431,5431,0
2409,1,5839,5839,0
2435,1,5360,5360,0
1530,1,6693,6693,0
2360,1,6503,6503,0
1558,1,6678,6678,0
1575,1,5495,5495,0
2222,1,5347,5347,0
69,1,5252,5252,0
403,1,6429,6429,0
402,1,5549,5549,0
1357,1,5307,5307,0
1351,1,5520,5520,0
2510,1,5487,5487,0
427,1,5659,5659,0
417,1,5235,5235,0
521,1,5389,5389,0
1640,1,5337,5337,0
2212,1,5599,5599,0
445,1,5724,5724,0
512,1,5892,5892,0
853,1,6009,6009,0
1245,1,5462,5462,0
1712,1,5236,5236,0
1792,1,5868,5868,0
2540,1,5337,5337,0
51,1,6756,6756,0
1491,1,6435,6435,0
537,1,5358,5358,0
603,1,5300,5300,0
2265,1,5382,5382,0
1143,1,5393,5393,0
210,1,5406,5406,0
1278,1,6004,6004,0
622,1,5631,5631,0
2340,1,6261,6261,0
2187,1,6385,6385,0
254,1,6068,6068,0
949,1,6168,6168,0
2009,1,5924,5924,0
411,1,6464,6464,0
2447,1,6395,6395,0
872,1,6763,6763,0
927,1,6650,6650,0
701,1,5310,5310,0
1266,1,5217,5217,0
2116,1,6199,6199,0
334,1,5479,5479,0
2425,1,6793,6793,0
2458,1,6414,6414,0
1429,1,5904,5904,0
2426,1,5720,5720,0
2460,1,5463,5463,0
2432,1,6435,6435,0
2434,1,5314,5314,0
2463,1,5668,5668,0
2477,1,6400,6400,0
273,1,6767,6767,0
421,1,6146,6146,0
377,1,6216,6216,0
341,1,5404,5404,0
351,1,5553,5553,0
905,1,5823,5823,0
2038,1,5298,5298,0
1835,1,6206,6206,0
2546,1,6191,6191,0
2161,1,5648,5648,0
1190,1,6725,6725,0
620,1,5390,5390,0
158,1,5718,5718,0
887,1,5784,5784,0
215,1,5433,5433,0
367,1,5335,5335,0
382,1,5368,5368,0
404,1,5538,5538,0
2002,1,6193,6193,0
2424,1,5598,5598,0
1861,1,5417,5417,0
2021,1,6184,6184,0
2516,1,5266,5266,0
2520,1,5878,5878,0
318,1,5371,5371,0
336,1,5300,5300,0
1870,1,5758,5758,0
2040,1,5830,5830,0
390,1,5530,5530,0
405,1,5397,5397,0
899,1,5317,5317,0
2528,1,5508,5508,0
958,1,5718,5718,0
2476,1,5853,5853,0
2536,1,5494,5494,0
223,1,6192,6192,0
233,1,6370,6370,0
946,1,5924,5924,0
912,1,6398,6398,0
953,1,5298,5298,0
995,1,5359,5359,0
2537,1,5262,5262,0
997,1,5572,5572,0
1857,1,6717,6717,0
1214,1,6023,6023,0
1271,1,5529,5529,0
1871,1,5524,5524,0
284,1,6214,6214,0
447,1,6117,6117,0
1844,1,6005,6005,0
413,1,6457,6457,0
1933,1,6414,6414,0
2006,1,6168,6168,0
2027,1,5764,5764,0
2429,1,5853,5853,0
222,1,5500,5500,0
225,1,5388,5388,0
406,1,5574,5574,0
561,1,5836,5836,0
383,1,6167,6167,0
885,1,6033,6033,0
2448,1,6693,6693,0
483,1,5712,5712,0
989,1,5979,5979,0
914,1,6326,6326,0
213,1,6014,6014,0
442,1,5941,5941,0
249,1,6366,6366,0
243,1,6677,6677,0
430,1,6449,6449,0
889,1,5726,5726,0
2007,1,6516,6516,0
2522,1,5641,5641,0
2030,1,6345,6345,0
1377,1,5573,5573,0
2428,1,6184,6184,0
2450,1,5467,5467,0
2451,1,5798,5798,0
2453,1,5326,5326,0
2470,1,5734,5734,0
2474,1,6414,6414,0
2490,1,5509,5509,0
1,1,5377,5377,0
67,1,5388,5388,0
818,1,6390,6390,0
876,1,5623,5623,0
744,1,5626,5626,0
1109,1,5300,5300,0
1639,1,5438,5438,0
1761,1,5414,5414,0
1673,1,5959,5959,0
1722,1,6702,6702,0
2078,1,5285,5285,0
2347,1,5485,5485,0
119,1,5376,5376,0
151,1,5458,5458,0
1375,1,6187,6187,0
2080,1,5244,5244,0
1480,1,5355,5355,0
1518,1,5394,5394,0
1571,1,6011,6011,0
1660,1,5205,5205,0
1602,1,5706,5706,0
261,1,5323,5323,0
296,1,5278,5278,0
300,1,5472,5472,0
658,1,5316,5316,0
1095,1,6118,6118,0
1512,1,6097,6097,0
1385,1,6159,6159,0
1737,1,5384,5384,0
2352,1,5592,5592,0
36,1,5604,5604,0
710,1,5815,5815,0
64,1,5642,5642,0
762,1,5839,5839,0
524,1,5455,5455,0
1108,1,5507,5507,0
842,1,5517,5517,0
1471,1,5270,5270,0
1030,1,5970,5970,0
1325,1,6227,6227,0
1612,1,6014,6014,0
1334,1,5638,5638,0
1553,1,5869,5869,0
1422,1,5861,5861,0
1604,1,5442,5442,0
672,1,5570,5570,0
1616,1,5346,5346,0
1128,1,6234,6234,0
1165,1,5793,5793,0
1493,1,5518,5518,0
1535,1,5309,5309,0
1567,1,5642,5642,0
2219,1,5369,5369,0
1670,1,6017,6017,0
2152,1,5535,5535,0
2208,1,5469,5469,0
2368,1,6731,6731,0
700,1,5432,5432,0
703,1,5360,5360,0
1153,1,5745,5745,0
1207,1,5831,5831,0
1605,1,5651,5651,0
1777,1,6237,6237,0
1752,1,5429,5429,0
1802,1,5429,5429,0
1691,1,6798,6798,0
2275,1,6036,6036,0
1786,1,5991,5991,0
1720,1,5633,5633,0
1774,1,5434,5434,0
1788,1,5449,5449,0
1794,1,5433,5433,0
655,1,6394,6394,0
686,1,6130,6130,0
1600,1,5853,5853,0
1031,1,5891,5891,0
1754,1,5948,5948,0
2380,1,6189,6189,0
1839,1,5639,5639,0
1867,1,6734,6734,0
2286,1,5272,5272,0
2309,1,5399,5399,0
164,1,5329,5329,0
165,1,5315,5315,0
1281,1,5777,5777,0
1715,1,5289,5289,0
256,1,5547,5547,0
1573,1,5413,5413,0
1736,1,5802,5802,0
1956,1,5559,5559,0
1738,1,5814,5814,0
2160,1,5731,5731,0
2373,1,6740,6740,0
746,1,6021,6021,0
2073,1,6097,6097,0
856,1,5966,5966,0
1565,1,5848,5848,0
1683,1,6685,6685,0
1714,1,6745,6745,0
2171,1,6265,6265,0
2379,1,6169,6169,0
2282,1,6133,6133,0
8,1,5992,5992,0
142,1,6486,6486,0
1611,1,5890,5890,0
534,1,6689,6689,0
1729,1,6195,6195,0
1674,1,5691,5691,0
342,1,5553,5553,0
388,1,6224,6224,0
2441,1,6773,6773,0
394,1,5349,5349,0
500,1,5712,5712,0
614,1,6367,6367,0
828,1,5464,5464,0
2439,1,5746,5746,0
2452,1,5851,5851,0
2455,1,5437,5437,0
202,1,6172,6172,0
205,1,5478,5478,0
426,1,5700,5700,0
980,1,5676,5676,0
401,1,5552,5552,0
941,1,5248,5248,0
420,1,6685,6685,0
970,1,5991,5991,0
443,1,5854,5854,0
464,1,5670,5670,0
890,1,5866,5866,0
1855,1,5262,5262,0
98,1,5418,5418,0
1160,1,5296,5296,0
1541,1,5459,5459,0
1739,1,5264,5264,0
1574,1,5495,5495,0
2079,1,5514,5514,0
1987,1,5571,5571,0
2357,1,6446,6446,0
2381,1,5475,5475,0
644,1,6424,6424,0
357,1,5806,5806,0
1874,1,5718,5718,0
871,1,6379,6379,0
1852,1,5998,5998,0
358,1,5965,5965,0
509,1,6470,6470,0
950,1,6717,6717,0
2384,1,5983,5983,0
2535,1,6271,6271,0
410,1,5593,5593,0
1112,1,5332,5332,0
425,1,5778,5778,0
965,1,5499,5499,0
874,1,5410,5410,0
972,1,5533,5533,0
930,1,5521,5521,0
954,1,5496,5496,0
925,1,6716,6716,0
1895,1,5966,5966,0
2527,1,5440,5440,0
200,1,6204,6204,0
727,1,6668,6668,0
937,1,5252,5252,0
947,1,5224,5224,0
251,1,6201,6201,0
1873,1,5673,5673,0
1872,1,5332,5332,0
2028,1,5352,5352,0
372,1,5940,5940,0
900,1,6140,6140,0
2008,1,5848,5848,0
384,1,5564,5564,0
976,1,5461,5461,0
409,1,5581,5581,0
455,1,5746,5746,0
231,1,6300,6300,0
279,1,6068,6068,0
2011,1,6457,6457,0
270,1,6691,6691,0
1427,1,6391,6391,0
952,1,6752,6752,0
356,1,6682,6682,0
1102,1,6384,6384,0
1358,1,5994,5994,0
2525,1,5592,5592,0
525,1,6019,6019,0
91,1,5833,5833,0
651,1,5249,5249,0
2497,1,6009,6009,0
214,1,6163,6163,0
393,1,5694,5694,0
617,1,6374,6374,0
1486,1,5667,5667,0
1490,1,5349,5349,0
1850,1,5380,5380,0
178,1,5293,5293,0
180,1,5481,5481,0
190,1,5523,5523,0
924,1,5453,5453,0
193,1,5512,5512,0
211,1,5273,5273,0
437,1,5441,5441,0
466,1,5294,5294,0
926,1,5383,5383,0
955,1,5346,5346,0
988,1,5419,5419,0
981,1,5468,5468,0
227,1,5297,5297,0
878,1,5338,5338,0
407,1,5295,5295,0
438,1,5394,5394,0
399,1,5663,5663,0
897,1,5302,5302,0
939,1,5372,5372,0
902,1,5497,5497,0
1862,1,5471,5471,0
2020,1,5499,5499,0
369,1,5418,5418,0
375,1,5429,5429,0
2013,1,5569,5569,0
2362,1,5940,5940,0
679,1,5420,5420,0
894,1,5438,5438,0
940,1,5771,5771,0
1853,1,5366,5366,0
245,1,5500,5500,0
247,1,5268,5268,0
253,1,5998,5998,0
898,1,6113,6113,0
424,1,5466,5466,0
496,1,5295,5295,0
908,1,5449,5449,0
916,1,5519,5519,0
918,1,5972,5972,0
986,1,6384,6384,0
978,1,5383,5383,0
991,1,5503,5503,0
209,1,5719,5719,0
379,1,5688,5688,0
895,1,5394,5394,0
920,1,5350,5350,0
415,1,5442,5442,0
481,1,5431,5431,0
998,1,5321,5321,0
1692,1,5423,5423,0
1837,1,6387,6387,0
2004,1,6434,6434,0
181,1,5621,5621,0
327,1,5687,5687,0
339,1,5705,5705,0
349,1,5562,5562,0
877,1,6785,6785,0
936,1,6709,6709,0
2032,1,6750,6750,0
1004,1,5852,5852,0
346,1,6769,6769,0
354,1,6707,6707,0
474,1,5667,5667,0
944,1,5191,5191,0
968,1,5222,5222,0
1927,1,6170,6170,0
2542,1,6243,6243,0
2549,1,5761,5761,0
467,1,5884,5884,0
893,1,6390,6390,0
992,1,6011,6011,0
948,1,5399,5399,0
966,1,5257,5257,0
2015,1,5598,5598,0
2018,1,5602,5602,0
2019,1,5241,5241,0
2034,1,6166,6166,0
263,1,6832,6832,0
1854,1,6449,6449,0
2548,1,6123,6123,0
2023,1,5500,5500,0
2515,1,5464,5464,0
2547,1,5450,5450,0
2039,1,5227,5227,0
2523,1,5262,5262,0
2545,1,5648,5648,0
2459,1,5443,5443,0
2526,1,5272,5272,0
934,1,6050,6050,0
938,1,6714,6714,0
1549,1,6753,6753,0
971,1,6043,6043,0
1912,1,6455,6455,0
2026,1,6168,6168,0
987,1,6750,6750,0
1718,1,5346,5346,0
1238,1,5536,5536,0
1688,1,5294,5294,0
2001,1,5542,5542,0
2025,1,5455,5455,0
494,1,5282,5282,0
832,1,5251,5251,0
1484,1,5389,5389,0
150,1,6054,6054,0
241,1,5527,5527,0
221,1,5740,5740,0
422,1,5890,5890,0
235,1,5849,5849,0
353,1,5593,5593,0
250,1,6165,6165,0
429,1,5958,5958,0
333,1,5830,5830,0
428,1,5437,5437,0
1079,1,5391,5391,0
1804,1,5372,5372,0
909,1,5656,5656,0
2022,1,6770,6770,0
2544,1,6714,6714,0
646,1,5360,5360,0
649,1,5469,5469,0
654,1,5596,5596,0
1007,1,5754,5754,0
1009,1,5991,5991,0
1011,1,5406,5406,0
642,1,5485,5485,0
1347,1,6188,6188,0
807,1,5713,5713,0
1886,1,5826,5826,0
665,1,5947,5947,0
1332,1,5479,5479,0
520,1,6039,6039,0
594,1,5731,5731,0
1882,1,5767,5767,0
598,1,6518,6518,0
784,1,5463,5463,0
2176,1,5471,5471,0
294,1,5416,5416,0
1149,1,5445,5445,0
1131,1,6358,6358,0
1505,1,5348,5348,0
1539,1,5468,5468,0
1998,1,5566,5566,0
2494,1,5270,5270,0
1860,1,5613,5613,0
2508,1,5275,5275,0
82,1,5254,5254,0
310,1,5812,5812,0
89,1,5470,5470,0
320,1,6788,6788,0
252,1,5245,5245,0
331,1,5360,5360,0
1437,1,5348,5348,0
1462,1,5352,5352,0
1434,1,5894,5894,0
1509,1,5386,5386,0
68,1,5457,5457,0
228,1,5455,5455,0
506,1,5341,5341,0
1894,1,5623,5623,0
304,1,5608,5608,0
1719,1,5309,5309,0
510,1,6034,6034,0
536,1,6806,6806,0
324,1,5989,5989,0
1798,1,5905,5905,0
1814,1,6450,6450,0
1384,1,6246,6246,0
570,1,5360,5360,0
1430,1,6025,6025,0
1119,1,6097,6097,0
71,1,6036,6036,0
73,1,6001,6001,0
171,1,5761,5761,0
201,1,5614,5614,0
2420,1,5471,5471,0
2421,1,5454,5454,0
2436,1,5307,5307,0
2444,1,5357,5357,0
2467,1,5642,5642,0
2469,1,5415,5415,0
600,1,5472,5472,0
630,1,5621,5621,0
862,1,5591,5591,0
1179,1,6125,6125,0
816,1,5757,5757,0
1593,1,5364,5364,0
1591,1,6169,6169,0
368,1,5941,5941,0
556,1,5442,5442,0
1021,1,5380,5380,0
1432,1,5599,5599,0
2417,1,5868,5868,0
2419,1,6779,6779,0
2529,1,5671,5671,0
2492,1,6686,6686,0
2533,1,5694,5694,0
2534,1,5340,5340,0
328,1,6146,6146,0
332,1,5791,5791,0
2164,1,6357,6357,0
2411,1,5471,5471,0
2454,1,6416,6416,0
2464,1,5408,5408,0
2530,1,5311,5311,0
2532,1,6751,6751,0
90,1,5790,5790,0
232,1,6245,6245,0
1513,1,6671,6671,0
262,1,6738,6738,0
306,1,5738,5738,0
504,1,5611,5611,0
1336,1,5656,5656,0
2511,1,5541,5541,0
1603,1,5649,5649,0
1607,1,5699,5699,0
100,1,6386,6386,0
1383,1,6692,6692,0
1545,1,5236,5236,0
197,1,5408,5408,0
544,1,6443,6443,0
2496,1,5740,5740,0
2498,1,5638,5638,0
1371,1,5715,5715,0
1557,1,5396,5396,0
2168,1,5397,5397,0
1151,1,5600,5600,0
1579,1,5798,5798,0
1229,1,5334,5334,0
1707,1,6196,6196,0
1709,1,5575,5575,0
799,1,5487,5487,0
841,1,5351,5351,0
1595,1,5337,5337,0
120,1,6429,6429,0
133,1,6448,6448,0
619,1,5690,5690,0
75,1,5347,5347,0
86,1,5272,5272,0
315,1,6068,6068,0
1225,1,5774,5774,0
2524,1,5852,5852,0
476,1,6415,6415,0
1187,1,6760,6760,0
134,1,6233,6233,0
1205,1,5384,5384,0
1876,1,5401,5401,0
1923,1,5752,5752,0
718,1,5252,5252,0
1201,1,5550,5550,0
1799,1,5239,5239,0
1909,1,5948,5948,0
2085,1,5693,5693,0
2100,1,6472,6472,0
4,1,6149,6149,0
498,1,5749,5749,0
38,1,5837,5837,0
1232,1,5836,5836,0
108,1,5346,5346,0
298,1,6260,6260,0
132,1,5618,5618,0
1734,1,5453,5453,0
1730,1,5827,5827,0
493,1,6295,6295,0
1980,1,6424,6424,0
1417,1,6706,6706,0
1353,1,5992,5992,0
1780,1,5724,5724,0
1572,1,5523,5523,0
1768,1,6067,6067,0
2267,1,5971,5971,0
2321,1,6176,6176,0
1088,1,5354,5354,0
1937,1,5851,5851,0
1283,1,6099,6099,0
1606,1,5503,5503,0
1227,1,5329,5329,0
1405,1,5439,5439,0
1406,1,5810,5810,0
1614,1,5735,5735,0
1681,1,5675,5675,0
1744,1,6027,6027,0
1935,1,6770,6770,0
1985,1,5381,5381,0
2,1,6413,6413,0
1124,1,5457,5457,0
314,1,5810,5810,0
1361,1,5997,5997,0
505,1,5380,5380,0
1063,1,5600,5600,0
1106,1,5982,5982,0
1206,1,5592,5592,0
1776,1,6436,6436,0
1926,1,5380,5380,0
2118,1,6222,6222,0
3,1,5353,5353,0
1356,1,6430,6430,0
168,1,5525,5525,0
1089,1,5744,5744,0
58,1,6809,6809,0
1398,1,5526,5526,0
1496,1,6259,6259,0
1916,1,5271,5271,0
1150,1,5286,5286,0
1590,1,5346,5346,0
1286,1,5522,5522,0
1743,1,5656,5656,0
1203,1,5494,5494,0
1489,1,5633,5633,0
1819,1,5789,5789,0
1829,1,6164,6164,0
29,1,5544,5544,0
1664,1,5690,5690,0
1280,1,6555,6555,0
1352,1,6023,6023,0
1043,1,6024,6024,0
1725,1,5802,5802,0
1492,1,5778,5778,0
1598,1,5421,5421,0
1568,1,5623,5623,0
1784,1,6044,6044,0
2271,1,5356,5356,0
1888,1,5554,5554,0
1939,1,5599,5599,0
1973,1,6177,6177,0
1140,1,6253,6253,0
1548,1,6241,6241,0
1650,1,5553,5553,0
1726,1,5536,5536,0
1821,1,6055,6055,0
1822,1,5265,5265,0
2173,1,5641,5641,0
2269,1,5468,5468,0
2302,1,5444,5444,0
1469,1,6513,6513,0
1806,1,5566,5566,0
1936,1,6448,6448,0
1631,1,5650,5650,0
2059,1,5865,5865,0
1651,1,5351,5351,0
1704,1,5255,5255,0
1716,1,6175,6175,0
1999,1,6687,6687,0
2293,1,5534,5534,0
229,1,5583,5583,0
1500,1,5377,5377,0
1408,1,5190,5190,0
1805,1,5674,5674,0
1110,1,6675,6675,0
1702,1,5260,5260,0
1188,1,5365,5365,0
1561,1,5696,5696,0
1846,1,5393,5393,0
2077,1,5531,5531,0
2071,1,5723,5723,0
2075,1,5802,5802,0
374,1,5472,5472,0
1219,1,5299,5299,0
1601,1,6222,6222,0
1647,1,5455,5455,0
1386,1,5366,5366,0
1525,1,5522,5522,0
1832,1,5328,5328,0
2167,1,5756,5756,0
1890,1,5423,5423,0
1848,1,5633,5633,0
685,1,5527,5527,0
1527,1,6737,6737,0
1599,1,5528,5528,0
1875,1,5674,5674,0
1404,1,6462,6462,0
1468,1,5307,5307,0
1965,1,5585,5585,0
2250,1,5396,5396,0
1969,1,6222,6222,0
2093,1,5716,5716,0
2339,1,5822,5822,0
285,1,5836,5836,0
540,1,5853,5853,0
2180,1,5538,5538,0
2233,1,6485,6485,0
729,1,5262,5262,0
1751,1,5492,5492,0
2287,1,5295,5295,0
2301,1,5212,5212,0
2041,1,5964,5964,0
2294,1,5866,5866,0
2285,1,5253,5253,0
640,1,6451,6451,0
855,1,5684,5684,0
730,1,6665,6665,0
669,1,5323,5323,0
848,1,5338,5338,0
738,1,5479,5479,0
2195,1,5689,5689,0
1582,1,6253,6253,0
1997,1,6500,6500,0
2383,1,6176,6176,0
688,1,5395,5395,0
721,1,6179,6179,0
2281,1,6468,6468,0
2396,1,5766,5766,0
699,1,6738,6738,0
826,1,6749,6749,0
723,1,5565,5565,0
726,1,5747,5747,0
2359,1,5613,5613,0
175,1,5676,5676,0
713,1,6190,6190,0
631,1,6032,6032,0
664,1,5390,5390,0
627,1,5284,5284,0
779,1,5529,5529,0
628,1,5251,5251,0
781,1,6012,6012,0
736,1,5525,5525,0
1324,1,6474,6474,0
790,1,5466,5466,0
21,1,6375,6375,0
778,1,5738,5738,0
706,1,5265,5265,0
796,1,5675,5675,0
662,1,5249,5249,0
717,1,5615,5615,0
791,1,6401,6401,0
795,1,5349,5349,0
815,1,5881,5881,0
1941,1,6228,6228,0
2367,1,5992,5992,0
2211,1,5532,5532,0
629,1,5586,5586,0
634,1,6157,6157,0
714,1,6119,6119,0
636,1,5493,5493,0
1012,1,5270,5270,0
1354,1,5424,5424,0
1414,1,6057,6057,0
782,1,6445,6445,0
1765,1,5839,5839,0
808,1,5261,5261,0
2503,1,5244,5244,0
1581,1,6686,6686,0
208,1,5346,5346,0
350,1,6473,6473,0
932,1,5807,5807,0
2029,1,5155,5155,0
371,1,5934,5934,0
482,1,6719,6719,0
440,1,5491,5491,0
419,1,6748,6748,0
999,1,5540,5540,0
2017,1,5512,5512,0
1889,1,5379,5379,0
240,1,5344,5344,0
1147,1,5374,5374,0
1313,1,5317,5317,0
1478,1,6237,6237,0
1213,1,6126,6126,0
1223,1,5211,5211,0
1388,1,5369,5369,0
1231,1,5335,5335,0
1310,1,5240,5240,0
1488,1,5745,5745,0
1547,1,5591,5591,0
834,1,5999,5999,0
845,1,5674,5674,0
1523,1,6764,6764,0
2370,1,5507,5507,0
1687,1,5218,5218,0
446,1,6142,6142,0
674,1,5869,5869,0
1114,1,6793,6793,0
708,1,6692,6692,0
1634,1,5543,5543,0
395,1,5986,5986,0
1221,1,5367,5367,0
1472,1,6774,6774,0
236,1,5292,5292,0
888,1,5461,5461,0
2037,1,6410,6410,0
2543,1,5955,5955,0
391,1,5600,5600,0
484,1,6672,6672,0
892,1,5703,5703,0
945,1,5579,5579,0
185,1,5565,5565,0
359,1,6401,6401,0
896,1,5721,5721,0
271,1,5932,5932,0
439,1,6409,6409,0
2005,1,5537,5537,0
2519,1,5725,5725,0
2539,1,5768,5768,0
184,1,5731,5731,0
335,1,5573,5573,0
922,1,6774,6774,0
206,1,6453,6453,0
343,1,6412,6412,0
929,1,6223,6223,0
362,1,6437,6437,0
432,1,5524,5524,0
722,1,5653,5653,0
996,1,5706,5706,0
283,1,5254,5254,0
956,1,5349,5349,0
486,1,5302,5302,0
2518,1,5643,5643,0
380,1,5493,5493,0
475,1,5611,5611,0
477,1,5761,5761,0
1892,-1,0,0,0
2397,1,5271,5271,0
883,1,6747,6747,0
1291,1,5378,5378,0
973,1,5493,5493,0
2186,1,5406,5406,0
921,1,5259,5259,0
923,1,5432,5432,0
933,1,5602,5602,0
2334,1,6469,6469,0
931,1,5802,5802,0
1787,1,6522,6522,0
1859,1,5489,5489,0
1865,1,5472,5472,0
2081,1,5751,5751,0
2493,1,5786,5786,0
485,1,5872,5872,0
1866,1,5859,5859,0
2016,1,6712,6712,0
960,1,5327,5327,0
962,1,5822,5822,0
964,1,5453,5453,0
2012,1,5541,5541,0
2024,1,5368,5368,0
2538,1,5633,5633,0
2541,1,5818,5818,0
338,1,5332,5332,0
994,1,5548,5548,0
473,1,5424,5424,0
943,1,5932,5932,0
392,1,5672,5672,0
839,1,5469,5469,0
412,1,6741,6741,0
1740,1,5647,5647,0
431,1,6395,6395,0
835,1,6468,6468,0
1476,1,5816,5816,0
548,1,5752,5752,0
785,1,5631,5631,0
1316,1,5285,5285,0
1340,1,5436,5436,0
1816,1,5252,5252,0
212,1,5681,5681,0
385,1,5739,5739,0
277,1,5812,5812,0
911,1,5596,5596,0
387,1,5994,5994,0
400,1,5809,5809,0
884,1,5724,5724,0
2010,1,5715,5715,0
935,1,5391,5391,0
951,1,5841,5841,0
2154,1,6010,6010,0
63,1,5384,5384,0
1019,1,5328,5328,0
239,1,6004,6004,0
907,1,5354,5354,0
244,1,5707,5707,0
347,1,5565,5565,0
882,1,5575,5575,0
2035,1,5866,5866,0
840,1,5320,5320,0
913,1,5396,5396,0
904,1,6288,6288,0
963,1,5410,5410,0
867,1,5524,5524,0
969,1,5810,5810,0
1020,1,5590,5590,0
230,1,5769,5769,0
910,1,5863,5863,0
345,1,5440,5440,0
352,1,5294,5294,0
397,1,6501,6501,0
625,1,5763,5763,0
1362,1,6090,6090,0
1678,1,5642,5642,0
2443,1,6166,6166,0
15,1,5875,5875,0
162,1,5718,5718,0
224,1,5593,5593,0
1863,1,5663,5663,0
303,1,5925,5925,0
698,1,6394,6394,0
470,1,5622,5622,0
563,1,5707,5707,0
901,1,5984,5984,0
1410,1,5426,5426,0
1060,1,6231,6231,0
1237,1,6053,6053,0
2112,1,5795,5795,0
2058,1,5944,5944,0
1864,1,5989,5989,0
2169,1,5810,5810,0
804,1,5408,5408,0
810,1,5338,5338,0
809,1,5379,5379,0
1342,1,5410,5410,0
1185,1,5293,5293,0
1411,1,5376,5376,0
1443,1,5523,5523,0
1510,1,5366,5366,0
1550,1,5249,5249,0
1473,1,5274,5274,0
1693,1,5568,5568,0
1783,1,5325,5325,0
1970,1,5741,5741,0
1995,1,6001,6001,0
1996,1,6209,6209,0
1840,1,5259,5259,0
1868,1,5941,5941,0
266,1,5886,5886,0
852,1,5918,5918,0
1023,1,5855,5855,0
1677,1,5780,5780,0
1045,1,5868,5868,0
1319,1,5782,5782,0
1577,1,5280,5280,0
1778,1,5499,5499,0
1731,1,5832,5832,0
1968,1,6206,6206,0
2346,1,6372,6372,0
246,1,5983,5983,0
326,1,6654,6654,0
1433,1,5786,5786,0
1474,1,5531,5531,0
586,1,6430,6430,0
802,1,5691,5691,0
1526,1,5394,5394,0
1645,1,5534,5534,0
1834,1,5861,5861,0
112,1,5821,5821,0
863,1,5555,5555,0
153,1,6019,6019,0
1528,1,5554,5554,0
1161,1,6484,6484,0
1167,1,6433,6433,0
1552,1,6701,6701,0
517,1,6175,6175,0
1287,1,5395,5395,0
1520,1,5395,5395,0
2101,1,5264,5264,0
1053,1,5944,5944,0
1174,1,6688,6688,0
1054,1,6186,6186,0
1511,1,6210,6210,0
2110,1,5519,5519,0
825,1,5579,5579,0
1460,1,5750,5750,0
1181,1,5744,5744,0
1304,1,6763,6763,0
2279,1,6677,6677,0
323,1,5474,5474,0
1121,1,5379,5379,0
592,1,5274,5274,0
821,1,5405,5405,0
1017,1,5410,5410,0
1123,1,5421,5421,0
1439,1,5405,5405,0
1193,1,5546,5546,0
1466,1,5662,5662,0
1613,1,5582,5582,0
647,1,6237,6237,0
1239,1,6020,6020,0
1555,1,6058,6058,0
1311,1,5685,5685,0
1442,1,6204,6204,0
1537,1,6459,6459,0
1842,1,5857,5857,0
2502,1,6433,6433,0
83,1,6489,6489,0
1326,1,6770,6770,0
666,1,5689,5689,0
238,1,5644,5644,0
2465,1,5768,5768,0
2456,1,5312,5312,0
2457,1,5837,5837,0
514,1,5407,5407,0
1194,1,5237,5237,0
2413,1,5748,5748,0
2427,1,6230,6230,0
2471,1,5871,5871,0
2473,1,5470,5470,0
2433,1,6720,6720,0
2440,1,5535,5535,0
2478,1,5865,5865,0
2484,1,5392,5392,0
2437,1,5978,5978,0
2449,1,6057,6057,0
2468,1,5451,5451,0
2482,1,5369,5369,0
2489,1,5166,5166,0
584,1,5928,5928,0
2418,1,5640,5640,0
2462,1,6181,6181,0
2479,1,5997,5997,0
97,1,5468,5468,0
1308,1,5238,5238,0
1309,1,5298,5298,0
2495,1,5626,5626,0
226,1,5825,5825,0
2165,1,5855,5855,0
317,1,6013,6013,0
1426,1,5815,5815,0
1379,1,5798,5798,0
2512,1,5254,5254,0
2513,1,5999,5999,0
