4261,1,960,960,0
4262,1,1103,1103,0
4263,1,1042,1042,0
4264,1,1015,1015,0
4312,1,986,986,0
4273,1,1148,1148,0
4274,1,1066,1066,0
4275,1,961,961,0
4276,1,1088,1088,0
4361,1,1014,1014,0
4309,1,992,992,0
4310,1,1095,1095,0
4311,1,984,984,0
4425,1,991,991,0
4426,1,1014,1014,0
4371,1,1005,1005,0
4372,1,1188,1188,0
4477,1,1019,1019,0
4478,1,983,983,0
4480,1,1015,1015,0
4427,1,1136,1136,0
4428,1,957,957,0
4479,1,933,933,0
4725,1,1001,1001,0
4726,1,988,988,0
4727,1,1048,1048,0
4728,1,1027,1027,0
4537,1,975,975,0
4538,1,952,952,0
4539,1,1052,1052,0
4540,1,968,968,0
4577,1,987,987,0
4581,1,1044,1044,0
4582,1,1058,1058,0
4583,1,977,977,0
4584,1,1024,1024,0
4721,1,1056,1056,0
4606,1,1005,1005,0
4607,1,1201,1201,0
4621,1,1056,1056,0
4622,1,1216,1216,0
4624,1,1028,1028,0
4623,1,1011,1011,0
4689,1,1001,1001,0
4690,1,962,962,0
4691,1,915,915,0
4692,1,1420,1420,0
4722,1,1007,1007,0
4723,1,1079,1079,0
4724,1,1219,1219,0
4773,1,1004,1004,0
4776,1,1090,1090,0
4753,1,974,974,0
4754,1,966,966,0
4755,1,1073,1073,0
4756,1,951,951,0
4768,1,1119,1119,0
4765,1,974,974,0
4766,1,995,995,0
4767,1,1047,1047,0
4961,1,950,950,0
4962,1,1018,1018,0
4774,1,1263,1263,0
4775,1,966,966,0
4777,1,1009,1009,0
4778,1,1108,1108,0
4779,1,976,976,0
4780,1,921,921,0
4805,1,984,984,0
4806,1,1074,1074,0
4807,1,1092,1092,0
4808,1,978,978,0
4813,1,1018,1018,0
4814,1,985,985,0
4815,1,991,991,0
4816,1,983,983,0
4936,1,941,941,0
4829,1,1084,1084,0
4830,1,958,958,0
4831,1,947,947,0
4832,1,926,926,0
4913,1,974,974,0
4914,1,1056,1056,0
4915,1,965,965,0
4916,1,1036,1036,0
4933,1,1059,1059,0
4934,1,1220,1220,0
4935,1,1006,1006,0
4963,1,1028,1028,0
4964,1,992,992,0
4362,1,973,973,0
4363,1,1006,1006,0
4364,1,978,978,0
4369,1,1048,1048,0
4370,1,1053,1053,0
4578,1,971,971,0
4579,1,981,981,0
4580,1,973,973,0
4605,1,960,960,0
4608,1,970,970,0
4981,1,1069,1069,0
4982,1,1101,1101,0
4983,1,995,995,0
4984,1,1042,1042,0
5009,1,999,999,0
5010,1,1031,1031,0
5011,1,1079,1079,0
5012,1,1012,1012,0
4177,1,1184,1184,0
4178,1,965,965,0
4179,1,966,966,0
4180,1,972,972,0
4697,1,930,930,0
4181,1,1003,1003,0
4182,1,1230,1230,0
4183,1,972,972,0
4184,1,967,967,0
4848,1,1257,1257,0
4305,1,1039,1039,0
4306,1,971,971,0
4307,1,996,996,0
4308,1,944,944,0
4880,1,985,985,0
4465,1,1009,1009,0
4466,1,1121,1121,0
4467,1,983,983,0
4468,1,997,997,0
4897,1,1147,1147,0
4669,1,976,976,0
4670,1,1146,1146,0
4671,1,1159,1159,0
4672,1,1093,1093,0
4849,1,1150,1150,0
4698,1,1121,1121,0
4699,1,1147,1147,0
4700,1,989,989,0
4845,1,966,966,0
4846,1,1036,1036,0
4847,1,976,976,0
4850,1,1307,1307,0
4851,1,1096,1096,0
4852,1,978,978,0
4877,1,951,951,0
4878,1,955,955,0
4879,1,1054,1054,0
4898,1,979,979,0
4899,1,931,931,0
4900,1,981,981,0
145,1,1029,1029,0
146,1,1053,1053,0
147,1,1056,1056,0
148,1,973,973,0
176,1,1017,1017,0
2013,1,1013,1013,0
2014,1,954,954,0
2015,1,997,997,0
2601,1,1022,1022,0
2602,1,1010,1010,0
2411,1,986,986,0
2412,1,1143,1143,0
2417,1,985,985,0
2418,1,960,960,0
2419,1,1017,1017,0
2725,1,914,914,0
2726,1,959,959,0
2727,1,972,972,0
2837,1,996,996,0
2840,1,947,947,0
2758,1,957,957,0
2759,1,993,993,0
2881,1,967,967,0
2882,1,985,985,0
2883,1,1012,1012,0
2849,1,997,997,0
2850,1,953,953,0
2851,1,1029,1029,0
2852,1,1015,1015,0
2856,1,1033,1033,0
2853,1,977,977,0
2854,1,1080,1080,0
2855,1,1009,1009,0
2857,1,981,981,0
2858,1,928,928,0
2861,1,975,975,0
2862,1,952,952,0
2863,1,953,953,0
2864,1,1114,1114,0
2865,1,939,939,0
2885,1,939,939,0
2886,1,993,993,0
2887,1,912,912,0
2897,1,962,962,0
2898,1,995,995,0
3173,1,976,976,0
3174,1,983,983,0
3175,1,972,972,0
3176,1,1049,1049,0
3177,1,1023,1023,0
3187,1,960,960,0
3188,1,1017,1017,0
3193,1,983,983,0
3194,1,979,979,0
3195,1,929,929,0
3205,1,1045,1045,0
3206,1,944,944,0
3207,1,1072,1072,0
3208,1,948,948,0
3209,1,1001,1001,0
3277,1,966,966,0
3278,1,995,995,0
3279,1,1088,1088,0
3281,1,1015,1015,0
3282,1,961,961,0
3306,1,978,978,0
3307,1,975,975,0
3308,1,1060,1060,0
3309,1,1003,1003,0
3312,1,989,989,0
3310,1,1093,1093,0
3311,1,925,925,0
3313,1,989,989,0
3314,1,943,943,0
3315,1,981,981,0
3316,1,1021,1021,0
3317,1,1058,1058,0
3318,1,983,983,0
3319,1,1035,1035,0
3320,1,967,967,0
3356,1,1022,1022,0
3357,1,1016,1016,0
3358,1,991,991,0
3359,1,985,985,0
3360,1,987,987,0
3361,1,1100,1100,0
3362,1,960,960,0
3363,1,926,926,0
3364,1,1029,1029,0
3368,1,933,933,0
3365,1,927,927,0
3366,1,1192,1192,0
3367,1,1004,1004,0
3369,1,966,966,0
3370,1,983,983,0
3381,1,959,959,0
3382,1,943,943,0
3383,1,977,977,0
3384,1,1041,1041,0
3385,1,1042,1042,0
3405,1,1003,1003,0
3406,1,977,977,0
3407,1,946,946,0
3409,1,1045,1045,0
3410,1,987,987,0
3645,1,991,991,0
3646,1,1009,1009,0
3647,1,975,975,0
3837,1,1049,1049,0
3840,1,928,928,0
3690,1,1026,1026,0
3691,1,981,981,0
3692,1,998,998,0
3733,1,966,966,0
3736,1,956,956,0
3869,1,1023,1023,0
3870,1,997,997,0
3871,1,1017,1017,0
3872,1,979,979,0
3896,1,966,966,0
3877,1,961,961,0
3878,1,951,951,0
3879,1,967,967,0
3909,1,1037,1037,0
3912,1,1191,1191,0
3883,1,979,979,0
3884,1,980,980,0
3925,1,950,950,0
3926,1,985,985,0
3928,1,961,961,0
3903,1,1015,1015,0
3957,1,981,981,0
3958,1,1031,1031,0
3959,1,960,960,0
3960,1,993,993,0
3919,1,1017,1017,0
3993,1,982,982,0
3994,1,1091,1091,0
3995,1,975,975,0
3996,1,939,939,0
3945,1,911,911,0
3946,1,953,953,0
3947,1,981,981,0
3948,1,978,978,0
3952,1,1190,1190,0
557,1,974,974,0
558,1,946,946,0
559,1,988,988,0
1381,1,1020,1020,0
1384,1,1008,1008,0
1236,1,1114,1114,0
1237,1,960,960,0
1238,1,1067,1067,0
1239,1,957,957,0
1240,1,1000,1000,0
1524,1,961,961,0
1525,1,953,953,0
1526,1,1046,1046,0
1527,1,977,977,0
1528,1,982,982,0
1661,1,976,976,0
1662,1,985,985,0
1663,1,986,986,0
1669,1,1002,1002,0
1672,1,1199,1199,0
1886,1,986,986,0
1887,1,1004,1004,0
1889,1,1009,1009,0
1890,1,993,993,0
1891,1,980,980,0
1892,1,1047,1047,0
1893,1,1023,1023,0
1894,1,998,998,0
1895,1,1062,1062,0
1896,1,941,941,0
1897,1,975,975,0
1898,1,1077,1077,0
1899,1,955,955,0
1900,1,994,994,0
1904,1,950,950,0
1901,1,1013,1013,0
1902,1,977,977,0
1903,1,1056,1056,0
1905,1,956,956,0
1906,1,952,952,0
1937,1,925,925,0
1938,1,996,996,0
1939,1,966,966,0
1940,1,1018,1018,0
3648,1,994,994,0
2403,1,948,948,0
2404,1,1015,1015,0
2413,1,1141,1141,0
2414,1,993,993,0
2416,1,964,964,0
2442,1,992,992,0
2443,1,997,997,0
2444,1,1048,1048,0
2445,1,986,986,0
2448,1,1091,1091,0
2461,1,1060,1060,0
2462,1,946,946,0
2463,1,986,986,0
2464,1,994,994,0
2465,1,1000,1000,0
2828,1,994,994,0
2845,1,964,964,0
2846,1,960,960,0
2847,1,964,964,0
2848,1,1007,1007,0
2866,1,953,953,0
2867,1,980,980,0
2868,1,1038,1038,0
2901,1,953,953,0
2904,1,987,987,0
3182,1,983,983,0
3183,1,1053,1053,0
3189,1,978,978,0
3190,1,1005,1005,0
3192,1,1002,1002,0
3214,1,951,951,0
3215,1,1001,1001,0
3221,1,1010,1010,0
3222,1,1070,1070,0
3224,1,952,952,0
3233,1,979,979,0
3234,1,1012,1012,0
3235,1,956,956,0
3236,1,957,957,0
3240,1,1014,1014,0
3287,1,1014,1014,0
3293,1,925,925,0
3294,1,970,970,0
3295,1,949,949,0
3296,1,1014,1014,0
173,1,955,955,0
174,1,1002,1002,0
175,1,988,988,0
177,1,1034,1034,0
178,1,1005,1005,0
461,1,1004,1004,0
462,1,1016,1016,0
463,1,1223,1223,0
464,1,1007,1007,0
480,1,925,925,0
486,1,977,977,0
487,1,1216,1216,0
613,1,1148,1148,0
614,1,945,945,0
616,1,928,928,0
922,1,955,955,0
923,1,994,994,0
924,1,1149,1149,0
961,1,1090,1090,0
962,1,990,990,0
1085,1,1096,1096,0
1086,1,972,972,0
1087,1,1075,1075,0
1088,1,1043,1043,0
1104,1,1050,1050,0
2301,1,998,998,0
2302,1,1028,1028,0
2303,1,1055,1055,0
2304,1,887,887,0
2305,1,980,980,0
2309,1,931,931,0
2310,1,942,942,0
2311,1,1030,1030,0
2313,1,1022,1022,0
2314,1,1033,1033,0
3196,1,962,962,0
3197,1,1020,1020,0
3198,1,946,946,0
3199,1,983,983,0
3200,1,1046,1046,0
3273,1,984,984,0
3274,1,1012,1012,0
3275,1,1012,1012,0
3276,1,983,983,0
3280,1,945,945,0
3283,1,1019,1019,0
3284,1,1058,1058,0
3285,1,961,961,0
3286,1,1041,1041,0
3288,1,1001,1001,0
3421,1,1102,1102,0
3422,1,977,977,0
3423,1,979,979,0
3424,1,966,966,0
3425,1,967,967,0
42,1,930,930,0
43,1,1016,1016,0
44,1,968,968,0
573,1,986,986,0
576,1,960,960,0
201,1,1020,1020,0
202,1,1151,1151,0
203,1,1025,1025,0
204,1,1053,1053,0
584,1,978,978,0
341,1,1029,1029,0
342,1,995,995,0
343,1,954,954,0
345,1,1040,1040,0
346,1,1017,1017,0
347,1,1163,1163,0
348,1,1021,1021,0
1697,1,937,937,0
1698,1,981,981,0
1699,1,971,971,0
1045,1,978,978,0
1046,1,1088,1088,0
1047,1,1085,1085,0
1048,1,1066,1066,0
1049,1,1012,1012,0
1050,1,1224,1224,0
1051,1,1126,1126,0
1052,1,965,965,0
1057,1,1003,1003,0
1058,1,975,975,0
1059,1,931,931,0
1060,1,971,971,0
1061,1,997,997,0
1062,1,1121,1121,0
1064,1,1146,1146,0
1063,1,1458,1458,0
1065,1,1091,1091,0
1066,1,1051,1051,0
1067,1,1110,1110,0
1068,1,1070,1070,0
1069,1,998,998,0
1070,1,993,993,0
1071,1,978,978,0
1072,1,987,987,0
1073,1,1011,1011,0
1074,1,1163,1163,0
1075,1,916,916,0
1076,1,1300,1300,0
1081,1,962,962,0
1082,1,943,943,0
1083,1,955,955,0
1084,1,1073,1073,0
1129,1,966,966,0
1130,1,959,959,0
1131,1,940,940,0
1132,1,927,927,0
1113,1,1215,1215,0
1114,1,953,953,0
1115,1,969,969,0
1116,1,1011,1011,0
1313,1,958,958,0
1133,1,1068,1068,0
1134,1,988,988,0
1135,1,965,965,0
1136,1,1203,1203,0
1137,1,1021,1021,0
1151,1,986,986,0
1161,1,1231,1231,0
1162,1,1003,1003,0
1163,1,945,945,0
1164,1,1054,1054,0
1157,1,1027,1027,0
1158,1,1224,1224,0
1159,1,984,984,0
1173,1,934,934,0
1176,1,971,971,0
1165,1,1022,1022,0
1166,1,1042,1042,0
1167,1,1264,1264,0
1168,1,1039,1039,0
1169,1,962,962,0
1170,1,1128,1128,0
1171,1,1091,1091,0
1172,1,1083,1083,0
1177,1,1045,1045,0
1178,1,994,994,0
1174,1,1060,1060,0
1175,1,974,974,0
1233,1,1103,1103,0
1234,1,986,986,0
1235,1,958,958,0
1183,1,939,939,0
1189,1,968,968,0
1190,1,996,996,0
1191,1,1215,1215,0
1192,1,1055,1055,0
1193,1,1032,1032,0
1194,1,1139,1139,0
1195,1,1011,1011,0
1196,1,968,968,0
1201,1,964,964,0
1202,1,980,980,0
1203,1,988,988,0
1204,1,999,999,0
1209,1,1002,1002,0
1210,1,1053,1053,0
1211,1,1032,1032,0
1212,1,1217,1217,0
1217,1,1092,1092,0
1218,1,1216,1216,0
1219,1,1035,1035,0
1220,1,1032,1032,0
1221,1,1062,1062,0
1222,1,979,979,0
1223,1,1009,1009,0
1224,1,1102,1102,0
1225,1,985,985,0
1226,1,970,970,0
1227,1,1013,1013,0
1228,1,1028,1028,0
1232,1,1034,1034,0
1229,1,1013,1013,0
1230,1,1324,1324,0
1231,1,1039,1039,0
1245,1,967,967,0
1248,1,902,902,0
1246,1,970,970,0
1247,1,968,968,0
1249,1,1012,1012,0
1250,1,1111,1111,0
1251,1,1195,1195,0
1252,1,989,989,0
1253,1,973,973,0
1254,1,1041,1041,0
1255,1,1059,1059,0
1256,1,970,970,0
1261,1,1138,1138,0
1262,1,1079,1079,0
1263,1,984,984,0
1264,1,1015,1015,0
1265,1,991,991,0
1283,1,962,962,0
1284,1,1034,1034,0
1285,1,961,961,0
1286,1,1100,1100,0
1288,1,990,990,0
1287,1,996,996,0
1289,1,953,953,0
1290,1,1091,1091,0
1291,1,1096,1096,0
1292,1,969,969,0
1293,1,1006,1006,0
1294,1,989,989,0
1295,1,1016,1016,0
1296,1,1022,1022,0
1312,1,944,944,0
1309,1,1027,1027,0
1310,1,987,987,0
1311,1,1091,1091,0
1333,1,989,989,0
1336,1,1195,1195,0
1314,1,972,972,0
1315,1,992,992,0
1316,1,1040,1040,0
1325,1,942,942,0
1328,1,1075,1075,0
1326,1,985,985,0
1327,1,1134,1134,0
2257,1,1011,1011,0
2258,1,1172,1172,0
2259,1,1131,1131,0
1334,1,1088,1088,0
1335,1,1038,1038,0
1353,1,1039,1039,0
1354,1,1175,1175,0
1355,1,1060,1060,0
1356,1,996,996,0
1405,1,1148,1148,0
1406,1,973,973,0
1407,1,1112,1112,0
1408,1,1211,1211,0
1388,1,937,937,0
1441,1,1108,1108,0
1442,1,1234,1234,0
1443,1,949,949,0
1444,1,976,976,0
1489,1,1115,1115,0
1490,1,1085,1085,0
1491,1,1007,1007,0
1492,1,1087,1087,0
1513,1,1022,1022,0
1529,1,993,993,0
1530,1,1084,1084,0
1531,1,1251,1251,0
1532,1,1107,1107,0
1536,1,962,962,0
1533,1,987,987,0
1534,1,1108,1108,0
1535,1,1031,1031,0
1537,1,1038,1038,0
1538,1,996,996,0
1539,1,1003,1003,0
1540,1,994,994,0
1541,1,991,991,0
1542,1,1060,1060,0
1544,1,1008,1008,0
1573,1,1126,1126,0
1574,1,960,960,0
1575,1,984,984,0
1576,1,964,964,0
1577,1,993,993,0
1587,1,1043,1043,0
1588,1,935,935,0
1589,1,959,959,0
1590,1,1014,1014,0
1592,1,970,970,0
1591,1,1331,1331,0
1593,1,928,928,0
1594,1,1081,1081,0
1595,1,1003,1003,0
1596,1,977,977,0
1597,1,1177,1177,0
1598,1,1167,1167,0
1599,1,1089,1089,0
1600,1,958,958,0
1601,1,1038,1038,0
1602,1,968,968,0
1603,1,1032,1032,0
1604,1,1022,1022,0
1605,1,1132,1132,0
1608,1,1003,1003,0
1606,1,1043,1043,0
1607,1,994,994,0
1609,1,1172,1172,0
1610,1,1158,1158,0
1611,1,1376,1376,0
1612,1,981,981,0
1613,1,986,986,0
1614,1,1106,1106,0
1615,1,1173,1173,0
1616,1,1008,1008,0
1617,1,1151,1151,0
1618,1,1036,1036,0
1619,1,1000,1000,0
1620,1,1293,1293,0
1624,1,969,969,0
1627,1,970,970,0
1628,1,968,968,0
1629,1,1065,1065,0
1630,1,1210,1210,0
1632,1,990,990,0
1631,1,994,994,0
1633,1,1011,1011,0
1634,1,1022,1022,0
1635,1,953,953,0
1636,1,991,991,0
1637,1,980,980,0
1638,1,984,984,0
1639,1,1065,1065,0
1640,1,959,959,0
1641,1,1019,1019,0
1642,1,978,978,0
1643,1,1315,1315,0
1644,1,947,947,0
1645,1,1017,1017,0
1648,1,947,947,0
1646,1,987,987,0
1647,1,1002,1002,0
1649,1,1029,1029,0
1650,1,979,979,0
1651,1,1085,1085,0
1652,1,1080,1080,0
1653,1,986,986,0
1654,1,1006,1006,0
1655,1,1043,1043,0
1656,1,1052,1052,0
1670,1,953,953,0
1671,1,999,999,0
1701,1,1087,1087,0
1702,1,1044,1044,0
1704,1,983,983,0
1700,1,1009,1009,0
1777,1,948,948,0
1778,1,1396,1396,0
1779,1,1081,1081,0
1780,1,1252,1252,0
1911,1,1147,1147,0
1913,1,1060,1060,0
1914,1,1020,1020,0
1915,1,970,970,0
1916,1,1038,1038,0
1922,1,1076,1076,0
1923,1,906,906,0
1924,1,941,941,0
1925,1,1053,1053,0
1928,1,1051,1051,0
1926,1,1106,1106,0
1927,1,1070,1070,0
1929,1,983,983,0
1930,1,1001,1001,0
1931,1,943,943,0
1932,1,1042,1042,0
1933,1,973,973,0
1934,1,1047,1047,0
1935,1,1096,1096,0
1936,1,965,965,0
1941,1,1122,1122,0
1942,1,940,940,0
1943,1,979,979,0
1944,1,1098,1098,0
1945,1,1028,1028,0
1950,1,998,998,0
1951,1,1043,1043,0
1953,1,1227,1227,0
1954,1,1101,1101,0
1955,1,1025,1025,0
1956,1,1014,1014,0
1957,1,960,960,0
1958,1,1007,1007,0
1959,1,1048,1048,0
1960,1,1060,1060,0
1970,1,997,997,0
1971,1,1040,1040,0
1972,1,1012,1012,0
1973,1,983,983,0
1976,1,1161,1161,0
1974,1,1156,1156,0
1975,1,997,997,0
1977,1,1127,1127,0
1978,1,978,978,0
1979,1,996,996,0
1989,1,1016,1016,0
1990,1,1136,1136,0
1991,1,1068,1068,0
1992,1,997,997,0
1993,1,939,939,0
1994,1,1040,1040,0
1995,1,1079,1079,0
1996,1,976,976,0
1997,1,1000,1000,0
2000,1,1017,1017,0
2004,1,1016,1016,0
2005,1,957,957,0
2006,1,971,971,0
2007,1,1129,1129,0
2008,1,1083,1083,0
2021,1,1321,1321,0
2022,1,1127,1127,0
2023,1,1124,1124,0
2024,1,972,972,0
2025,1,976,976,0
2026,1,983,983,0
2027,1,1043,1043,0
2028,1,1145,1145,0
2073,1,1025,1025,0
2074,1,1090,1090,0
2075,1,1046,1046,0
2076,1,1180,1180,0
2261,1,1000,1000,0
2262,1,1124,1124,0
2264,1,956,956,0
2260,1,1040,1040,0
2277,1,976,976,0
2278,1,936,936,0
2279,1,1027,1027,0
2280,1,1073,1073,0
2263,1,956,956,0
2269,1,1153,1153,0
2270,1,1134,1134,0
2271,1,996,996,0
2272,1,997,997,0
2281,1,1009,1009,0
2282,1,1115,1115,0
2283,1,1095,1095,0
2284,1,1029,1029,0
2289,1,1115,1115,0
2290,1,953,953,0
2291,1,981,981,0
2292,1,1013,1013,0
2293,1,978,978,0
2296,1,1115,1115,0
2294,1,1309,1309,0
2295,1,986,986,0
2325,1,1049,1049,0
2326,1,1098,1098,0
2328,1,1068,1068,0
2306,1,968,968,0
2307,1,975,975,0
2308,1,1127,1127,0
2393,1,987,987,0
2394,1,970,970,0
2315,1,944,944,0
2316,1,927,927,0
2329,1,998,998,0
2330,1,977,977,0
2331,1,992,992,0
2327,1,962,962,0
2333,1,1090,1090,0
2334,1,1055,1055,0
2335,1,1248,1248,0
2336,1,1046,1046,0
2332,1,1139,1139,0
2337,1,1018,1018,0
2338,1,945,945,0
2339,1,979,979,0
2340,1,1074,1074,0
2385,1,980,980,0
2386,1,1214,1214,0
2387,1,1009,1009,0
2388,1,1325,1325,0
2392,1,958,958,0
2389,1,999,999,0
2390,1,1056,1056,0
2391,1,1135,1135,0
2401,1,976,976,0
2402,1,966,966,0
2395,1,1168,1168,0
2396,1,985,985,0
2397,1,1119,1119,0
2398,1,1053,1053,0
2400,1,918,918,0
2399,1,963,963,0
2477,1,1001,1001,0
2478,1,1056,1056,0
2479,1,1025,1025,0
2480,1,1046,1046,0
2420,1,947,947,0
2421,1,1032,1032,0
2422,1,993,993,0
2423,1,1378,1378,0
2424,1,1013,1013,0
2425,1,992,992,0
2426,1,1058,1058,0
2427,1,1008,1008,0
2428,1,1021,1021,0
2440,1,1050,1050,0
2446,1,1045,1045,0
2447,1,992,992,0
2449,1,1048,1048,0
2450,1,941,941,0
2451,1,1414,1414,0
2452,1,1235,1235,0
2453,1,965,965,0
2454,1,1059,1059,0
2455,1,1102,1102,0
2456,1,1231,1231,0
2470,1,984,984,0
2471,1,949,949,0
2473,1,1099,1099,0
2474,1,1081,1081,0
2475,1,1229,1229,0
2476,1,1050,1050,0
2481,1,1030,1030,0
2482,1,1004,1004,0
2483,1,953,953,0
2484,1,959,959,0
2489,1,985,985,0
2490,1,965,965,0
2491,1,1045,1045,0
2492,1,1213,1213,0
2496,1,1083,1083,0
2493,1,1195,1195,0
2494,1,961,961,0
2495,1,982,982,0
2497,1,963,963,0
2498,1,993,993,0
2501,1,1036,1036,0
2502,1,1130,1130,0
2503,1,1168,1168,0
2504,1,1024,1024,0
2528,1,1001,1001,0
2588,1,1020,1020,0
2717,1,1106,1106,0
2718,1,1131,1131,0
2719,1,964,964,0
2720,1,1070,1070,0
2697,1,1141,1141,0
2698,1,969,969,0
2699,1,982,982,0
2700,1,991,991,0
2712,1,1047,1047,0
2709,1,1049,1049,0
2710,1,940,940,0
2711,1,1271,1271,0
2813,1,1009,1009,0
2816,1,991,991,0
2715,1,977,977,0
2716,1,944,944,0
2749,1,1123,1123,0
2750,1,980,980,0
2752,1,984,984,0
2738,1,1025,1025,0
2739,1,1144,1144,0
2740,1,1033,1033,0
2741,1,1239,1239,0
2744,1,1018,1018,0
2742,1,947,947,0
2743,1,987,987,0
2745,1,965,965,0
2746,1,1070,1070,0
2747,1,1081,1081,0
2765,1,1210,1210,0
2766,1,1006,1006,0
2767,1,1035,1035,0
2768,1,952,952,0
2776,1,965,965,0
2773,1,1203,1203,0
2774,1,982,982,0
2775,1,1073,1073,0
2777,1,976,976,0
2778,1,975,975,0
2779,1,1027,1027,0
2780,1,1000,1000,0
2825,1,994,994,0
2826,1,983,983,0
2827,1,1134,1134,0
2814,1,1037,1037,0
2815,1,949,949,0
2833,1,1027,1027,0
2834,1,999,999,0
2835,1,945,945,0
4191,1,1159,1159,0
4193,1,975,975,0
4194,1,1007,1007,0
4195,1,926,926,0
4196,1,973,973,0
4197,1,983,983,0
4198,1,988,988,0
4199,1,1159,1159,0
4200,1,1010,1010,0
4249,1,989,989,0
4201,1,967,967,0
4202,1,1031,1031,0
4203,1,1011,1011,0
4204,1,1025,1025,0
4217,1,965,965,0
4218,1,980,980,0
4219,1,1057,1057,0
4220,1,1078,1078,0
4229,1,1116,1116,0
4232,1,975,975,0
4226,1,986,986,0
4227,1,1086,1086,0
4228,1,1091,1091,0
4237,1,1091,1091,0
4240,1,956,956,0
4230,1,1134,1134,0
4231,1,989,989,0
4529,1,1005,1005,0
4530,1,977,977,0
4531,1,977,977,0
4233,1,1020,1020,0
4234,1,951,951,0
4235,1,1061,1061,0
4236,1,1178,1178,0
4352,1,1090,1090,0
4238,1,1165,1165,0
4239,1,931,931,0
4569,1,971,971,0
4570,1,962,962,0
4571,1,983,983,0
4242,1,957,957,0
4243,1,955,955,0
4244,1,1238,1238,0
4245,1,943,943,0
4248,1,979,979,0
4246,1,1250,1250,0
4247,1,1034,1034,0
4793,1,1046,1046,0
4794,1,916,916,0
4795,1,966,966,0
4250,1,968,968,0
4251,1,934,934,0
4252,1,982,982,0
4253,1,1040,1040,0
4256,1,956,956,0
4254,1,1087,1087,0
4255,1,1024,1024,0
4349,1,1236,1236,0
4350,1,1033,1033,0
4351,1,977,977,0
4532,1,995,995,0
4649,1,1029,1029,0
4650,1,1011,1011,0
4651,1,1099,1099,0
4652,1,1066,1066,0
4572,1,956,956,0
4685,1,989,989,0
4686,1,1001,1001,0
4687,1,937,937,0
4688,1,1004,1004,0
4937,1,997,997,0
4869,1,1104,1104,0
4870,1,960,960,0
4871,1,1085,1085,0
4872,1,1073,1073,0
4938,1,996,996,0
4939,1,1000,1000,0
4940,1,1016,1016,0
2836,1,1124,1124,0
2841,1,1098,1098,0
2842,1,1014,1014,0
2843,1,1100,1100,0
2844,1,1058,1058,0
2859,1,974,974,0
2860,1,994,994,0
2869,1,1070,1070,0
2870,1,1071,1071,0
2872,1,997,997,0
2871,1,936,936,0
2873,1,1221,1221,0
2874,1,937,937,0
2875,1,977,977,0
2876,1,1082,1082,0
2877,1,1022,1022,0
2878,1,943,943,0
2879,1,987,987,0
2880,1,1213,1213,0
2888,1,988,988,0
2899,1,1079,1079,0
2900,1,1020,1020,0
2905,1,974,974,0
2906,1,978,978,0
2907,1,1400,1400,0
2908,1,1007,1007,0
2909,1,942,942,0
2910,1,954,954,0
2911,1,1061,1061,0
2912,1,1041,1041,0
2989,1,978,978,0
2990,1,1016,1016,0
2991,1,1000,1000,0
2992,1,982,982,0
3096,1,964,964,0
3117,1,1053,1053,0
3118,1,1002,1002,0
3119,1,956,956,0
3120,1,1009,1009,0
3121,1,975,975,0
3126,1,1091,1091,0
3127,1,1008,1008,0
3129,1,967,967,0
3130,1,1003,1003,0
3131,1,971,971,0
3132,1,932,932,0
3133,1,944,944,0
3134,1,979,979,0
3135,1,933,933,0
3136,1,1012,1012,0
3146,1,940,940,0
3147,1,1000,1000,0
3148,1,1082,1082,0
3161,1,1032,1032,0
3162,1,949,949,0
3163,1,965,965,0
3164,1,1021,1021,0
3165,1,973,973,0
3166,1,951,951,0
3168,1,1054,1054,0
3178,1,932,932,0
3179,1,954,954,0
3180,1,973,973,0
3185,1,1220,1220,0
3186,1,964,964,0
3210,1,1046,1046,0
3211,1,1001,1001,0
3212,1,995,995,0
3213,1,981,981,0
3216,1,1015,1015,0
3223,1,977,977,0
3229,1,986,986,0
3230,1,1099,1099,0
3231,1,992,992,0
3232,1,1002,1002,0
3243,1,1111,1111,0
3244,1,1166,1166,0
3245,1,931,931,0
3246,1,1017,1017,0
3248,1,1029,1029,0
3253,1,956,956,0
3254,1,993,993,0
3255,1,1009,1009,0
3256,1,1037,1037,0
3257,1,1370,1370,0
3441,1,920,920,0
3442,1,1021,1021,0
3443,1,988,988,0
3444,1,1000,1000,0
3449,1,1045,1045,0
179,1,1041,1041,0
180,1,1054,1054,0
185,1,1015,1015,0
186,1,1079,1079,0
187,1,994,994,0
181,1,1051,1051,0
182,1,1049,1049,0
183,1,1300,1300,0
221,1,1013,1013,0
224,1,986,986,0
207,1,1098,1098,0
217,1,1190,1190,0
218,1,1073,1073,0
219,1,1086,1086,0
220,1,1088,1088,0
209,1,1014,1014,0
210,1,1046,1046,0
211,1,1012,1012,0
212,1,1025,1025,0
233,1,1083,1083,0
222,1,1036,1036,0
223,1,1108,1108,0
265,1,1013,1013,0
266,1,1056,1056,0
267,1,987,987,0
225,1,999,999,0
226,1,997,997,0
227,1,968,968,0
228,1,1264,1264,0
280,1,929,929,0
229,1,995,995,0
230,1,997,997,0
231,1,1050,1050,0
232,1,1163,1163,0
1257,1,1023,1023,0
234,1,1058,1058,0
235,1,1022,1022,0
236,1,1269,1269,0
485,1,1030,1030,0
488,1,1083,1083,0
268,1,998,998,0
285,1,960,960,0
286,1,936,936,0
287,1,1215,1215,0
288,1,1087,1087,0
277,1,979,979,0
278,1,982,982,0
279,1,1066,1066,0
305,1,1085,1085,0
306,1,1146,1146,0
293,1,1098,1098,0
294,1,1012,1012,0
295,1,964,964,0
309,1,1031,1031,0
312,1,992,992,0
307,1,943,943,0
308,1,1115,1115,0
353,1,1000,1000,0
354,1,987,987,0
355,1,1040,1040,0
310,1,970,970,0
311,1,1337,1337,0
369,1,982,982,0
370,1,983,983,0
371,1,1014,1014,0
372,1,1005,1005,0
409,1,1034,1034,0
410,1,1053,1053,0
411,1,1068,1068,0
412,1,1092,1092,0
373,1,1140,1140,0
374,1,982,982,0
375,1,933,933,0
376,1,1058,1058,0
377,1,1032,1032,0
395,1,1073,1073,0
396,1,963,963,0
413,1,1105,1105,0
414,1,973,973,0
416,1,1000,1000,0
415,1,981,981,0
449,1,949,949,0
450,1,1050,1050,0
451,1,1145,1145,0
452,1,1077,1077,0
540,1,962,962,0
709,1,1152,1152,0
710,1,964,964,0
711,1,1011,1011,0
712,1,1012,1012,0
548,1,986,986,0
561,1,995,995,0
562,1,1318,1318,0
563,1,1059,1059,0
564,1,1019,1019,0
553,1,941,941,0
554,1,933,933,0
555,1,1029,1029,0
556,1,1082,1082,0
1400,1,1013,1013,0
597,1,983,983,0
598,1,977,977,0
599,1,1136,1136,0
600,1,1017,1017,0
601,1,936,936,0
615,1,1035,1035,0
657,1,993,993,0
658,1,1046,1046,0
659,1,1000,1000,0
660,1,1038,1038,0
697,1,1028,1028,0
698,1,1040,1040,0
699,1,942,942,0
700,1,960,960,0
937,1,1099,1099,0
725,1,1184,1184,0
726,1,980,980,0
727,1,954,954,0
728,1,1138,1138,0
737,1,962,962,0
729,1,1034,1034,0
730,1,955,955,0
731,1,1231,1231,0
732,1,975,975,0
744,1,1076,1076,0
738,1,1039,1039,0
739,1,1123,1123,0
740,1,1029,1029,0
753,1,923,923,0
754,1,973,973,0
745,1,979,979,0
746,1,1020,1020,0
747,1,1107,1107,0
748,1,948,948,0
769,1,1101,1101,0
755,1,1085,1085,0
756,1,957,957,0
761,1,999,999,0
762,1,1016,1016,0
763,1,1090,1090,0
764,1,1051,1051,0
777,1,1076,1076,0
778,1,1055,1055,0
779,1,915,915,0
780,1,989,989,0
781,1,1111,1111,0
782,1,992,992,0
783,1,1138,1138,0
784,1,1110,1110,0
816,1,1103,1103,0
804,1,977,977,0
833,1,1040,1040,0
834,1,954,954,0
835,1,1213,1213,0
836,1,1013,1013,0
813,1,1036,1036,0
814,1,1096,1096,0
815,1,1135,1135,0
865,1,1014,1014,0
866,1,1020,1020,0
844,1,1154,1154,0
941,1,1081,1081,0
942,1,971,971,0
943,1,1332,1332,0
944,1,968,968,0
895,1,986,986,0
925,1,1005,1005,0
926,1,988,988,0
927,1,962,962,0
928,1,1048,1048,0
938,1,1104,1104,0
939,1,1155,1155,0
940,1,984,984,0
1105,1,983,983,0
1106,1,1122,1122,0
949,1,1210,1210,0
950,1,1238,1238,0
951,1,1101,1101,0
952,1,1079,1079,0
1409,1,1087,1087,0
983,1,964,964,0
1029,1,1027,1027,0
1030,1,975,975,0
1031,1,1115,1115,0
1032,1,983,983,0
1021,1,1075,1075,0
1022,1,1074,1074,0
1023,1,1007,1007,0
1024,1,977,977,0
1033,1,1069,1069,0
1034,1,1013,1013,0
1035,1,935,935,0
1036,1,968,968,0
1093,1,1081,1081,0
1096,1,1193,1193,0
1099,1,989,989,0
1100,1,1283,1283,0
1117,1,993,993,0
1118,1,1038,1038,0
1120,1,990,990,0
1153,1,1053,1053,0
1154,1,1080,1080,0
1155,1,1039,1039,0
1156,1,1051,1051,0
1200,1,986,986,0
1197,1,1009,1009,0
1198,1,1009,1009,0
1199,1,986,986,0
1205,1,948,948,0
1208,1,1165,1165,0
1206,1,1006,1006,0
1207,1,984,984,0
1241,1,1339,1339,0
1242,1,958,958,0
1243,1,968,968,0
1321,1,1313,1313,0
1322,1,940,940,0
1323,1,957,957,0
1324,1,1032,1032,0
1369,1,965,965,0
1370,1,1032,1032,0
1371,1,944,944,0
1372,1,1162,1162,0
1413,1,1040,1040,0
1416,1,1024,1024,0
1410,1,1040,1040,0
1411,1,1077,1077,0
1412,1,944,944,0
2361,1,1085,1085,0
2362,1,1141,1141,0
1414,1,1073,1073,0
1415,1,1032,1032,0
1457,1,1026,1026,0
1458,1,980,980,0
1459,1,1256,1256,0
357,1,988,988,0
358,1,991,991,0
359,1,1033,1033,0
521,1,1036,1036,0
522,1,1059,1059,0
493,1,1050,1050,0
494,1,1036,1036,0
495,1,1146,1146,0
496,1,1152,1152,0
560,1,998,998,0
595,1,1073,1073,0
596,1,1100,1100,0
853,1,1013,1013,0
854,1,1029,1029,0
856,1,993,993,0
749,1,1195,1195,0
750,1,1035,1035,0
751,1,1027,1027,0
752,1,1121,1121,0
1760,1,1132,1132,0
867,1,1157,1157,0
868,1,1022,1022,0
893,1,1069,1069,0
894,1,1224,1224,0
896,1,1036,1036,0
1244,1,964,964,0
1301,1,937,937,0
1302,1,1032,1032,0
1303,1,978,978,0
1304,1,1080,1080,0
1681,1,1019,1019,0
1682,1,1106,1106,0
1683,1,995,995,0
1684,1,974,974,0
2729,1,974,974,0
2591,1,1043,1043,0
2669,1,987,987,0
2670,1,1056,1056,0
2671,1,1005,1005,0
2672,1,1009,1009,0
2685,1,1052,1052,0
2686,1,944,944,0
2687,1,1200,1200,0
2688,1,958,958,0
2785,1,959,959,0
2730,1,1024,1024,0
2731,1,1042,1042,0
2732,1,972,972,0
2757,1,1116,1116,0
2760,1,1011,1011,0
2753,1,993,993,0
2754,1,1097,1097,0
2755,1,1044,1044,0
2756,1,1026,1026,0
3025,1,1007,1007,0
3081,1,982,982,0
3082,1,1019,1019,0
3083,1,1249,1249,0
3084,1,1084,1084,0
3289,1,985,985,0
3085,1,1038,1038,0
3086,1,1012,1012,0
3087,1,1024,1024,0
3088,1,946,946,0
3089,1,1004,1004,0
3090,1,992,992,0
3091,1,1047,1047,0
3092,1,1115,1115,0
3097,1,1006,1006,0
3098,1,942,942,0
3099,1,1031,1031,0
3100,1,1174,1174,0
3101,1,1005,1005,0
3102,1,979,979,0
3104,1,995,995,0
3103,1,1046,1046,0
3113,1,949,949,0
3114,1,986,986,0
3115,1,1326,1326,0
3116,1,978,978,0
3122,1,1116,1116,0
3123,1,964,964,0
3124,1,971,971,0
3125,1,1044,1044,0
3128,1,1100,1100,0
3167,1,959,959,0
3169,1,999,999,0
3170,1,989,989,0
3171,1,1120,1120,0
3172,1,1000,1000,0
3191,1,1022,1022,0
3217,1,1015,1015,0
3218,1,1051,1051,0
3219,1,1065,1065,0
3220,1,1242,1242,0
3237,1,942,942,0
3238,1,1065,1065,0
3239,1,953,953,0
3241,1,1260,1260,0
3242,1,995,995,0
3247,1,1006,1006,0
3249,1,1058,1058,0
3250,1,1062,1062,0
3251,1,990,990,0
3252,1,965,965,0
3258,1,985,985,0
3259,1,1037,1037,0
3260,1,1017,1017,0
3261,1,1064,1064,0
3264,1,1025,1025,0
3262,1,975,975,0
3263,1,951,951,0
3265,1,967,967,0
3266,1,947,947,0
3267,1,976,976,0
3268,1,1176,1176,0
3269,1,977,977,0
3270,1,1112,1112,0
3271,1,1022,1022,0
3272,1,1054,1054,0
3297,1,950,950,0
3298,1,1007,1007,0
3299,1,1344,1344,0
3300,1,945,945,0
3305,1,963,963,0
3321,1,973,973,0
3322,1,1038,1038,0
3323,1,1044,1044,0
3324,1,1015,1015,0
3328,1,1146,1146,0
3325,1,1016,1016,0
3326,1,1100,1100,0
3327,1,1016,1016,0
3329,1,1007,1007,0
3330,1,1073,1073,0
3331,1,1054,1054,0
3332,1,1201,1201,0
3333,1,1035,1035,0
3334,1,986,986,0
3336,1,1019,1019,0
3335,1,931,931,0
3337,1,1316,1316,0
3338,1,1011,1011,0
3339,1,1041,1041,0
3340,1,1330,1330,0
3341,1,981,981,0
3342,1,1125,1125,0
3343,1,1275,1275,0
3344,1,972,972,0
3345,1,1001,1001,0
3346,1,1050,1050,0
3347,1,996,996,0
3348,1,1081,1081,0
3349,1,1017,1017,0
3352,1,1180,1180,0
3350,1,951,951,0
3351,1,1070,1070,0
3353,1,1000,1000,0
3354,1,981,981,0
3355,1,969,969,0
3371,1,976,976,0
3372,1,943,943,0
3373,1,1390,1390,0
3374,1,983,983,0
3376,1,1416,1416,0
3375,1,998,998,0
3377,1,1150,1150,0
3378,1,958,958,0
3379,1,1085,1085,0
3380,1,1000,1000,0
3386,1,1095,1095,0
3387,1,1035,1035,0
3388,1,1009,1009,0
3389,1,1032,1032,0
3392,1,1030,1030,0
3390,1,1012,1012,0
3391,1,957,957,0
3393,1,1019,1019,0
3394,1,934,934,0
3395,1,1063,1063,0
3396,1,1187,1187,0
3397,1,987,987,0
3398,1,1107,1107,0
3399,1,949,949,0
3400,1,1050,1050,0
3401,1,987,987,0
3402,1,1024,1024,0
3403,1,1217,1217,0
3404,1,961,961,0
3408,1,977,977,0
3411,1,980,980,0
3412,1,1146,1146,0
3413,1,1090,1090,0
3414,1,1013,1013,0
3416,1,980,980,0
3415,1,1141,1141,0
3417,1,972,972,0
3418,1,1172,1172,0
3419,1,1043,1043,0
3420,1,983,983,0
3430,1,1073,1073,0
3431,1,934,934,0
3433,1,984,984,0
3434,1,989,989,0
3435,1,1164,1164,0
3436,1,1018,1018,0
3437,1,993,993,0
3438,1,1024,1024,0
3439,1,1028,1028,0
3440,1,1004,1004,0
3450,1,1136,1136,0
3451,1,998,998,0
3452,1,1166,1166,0
3453,1,1352,1352,0
3456,1,1087,1087,0
3454,1,1091,1091,0
3455,1,968,968,0
3457,1,976,976,0
3458,1,991,991,0
3459,1,1077,1077,0
3460,1,900,900,0
3465,1,976,976,0
3466,1,1154,1154,0
3467,1,1079,1079,0
3468,1,1072,1072,0
3469,1,991,991,0
3470,1,988,988,0
3471,1,953,953,0
3472,1,1125,1125,0
3473,1,951,951,0
3492,1,1053,1053,0
3497,1,1040,1040,0
3498,1,984,984,0
3499,1,1042,1042,0
3500,1,986,986,0
3513,1,994,994,0
3514,1,1047,1047,0
3515,1,1023,1023,0
3516,1,1008,1008,0
3528,1,944,944,0
3525,1,939,939,0
3526,1,1003,1003,0
3527,1,970,970,0
3541,1,970,970,0
3544,1,1072,1072,0
3531,1,951,951,0
3532,1,1012,1012,0
3533,1,955,955,0
3534,1,941,941,0
3536,1,1036,1036,0
3535,1,990,990,0
3537,1,1034,1034,0
3538,1,1026,1026,0
3539,1,973,973,0
3540,1,949,949,0
3553,1,1132,1132,0
3554,1,973,973,0
3555,1,938,938,0
3556,1,952,952,0
3561,1,930,930,0
199,1,1285,1285,0
237,1,961,961,0
238,1,997,997,0
239,1,1289,1289,0
240,1,991,991,0
855,1,994,994,0
885,1,976,976,0
886,1,1267,1267,0
887,1,1019,1019,0
888,1,1072,1072,0
1185,1,1097,1097,0
1186,1,1014,1014,0
1187,1,1024,1024,0
1188,1,976,976,0
1545,1,1094,1094,0
1546,1,1082,1082,0
1547,1,1008,1008,0
1548,1,1039,1039,0
1829,1,1178,1178,0
1832,1,967,967,0
1733,1,1003,1003,0
1734,1,1072,1072,0
1735,1,996,996,0
1736,1,1018,1018,0
2017,1,1257,1257,0
1830,1,1001,1001,0
1831,1,1289,1289,0
2065,1,985,985,0
2066,1,962,962,0
2067,1,965,965,0
2018,1,945,945,0
2019,1,1093,1093,0
2020,1,1036,1036,0
2381,1,1414,1414,0
2384,1,985,985,0
2068,1,974,974,0
2093,1,1183,1183,0
2094,1,957,957,0
2095,1,1010,1010,0
2096,1,980,980,0
2382,1,1086,1086,0
2383,1,997,997,0
2405,1,952,952,0
2406,1,1034,1034,0
2408,1,1052,1052,0
2819,1,1025,1025,0
2820,1,1012,1012,0
2829,1,1017,1017,0
2830,1,980,980,0
2832,1,1059,1059,0
2831,1,1124,1124,0
2961,1,984,984,0
2962,1,956,956,0
2963,1,1120,1120,0
2964,1,985,985,0
3501,1,1014,1014,0
3502,1,973,973,0
3503,1,1070,1070,0
3504,1,989,989,0
3521,1,1003,1003,0
3787,1,1089,1089,0
3788,1,985,985,0
3793,1,1169,1169,0
3794,1,952,952,0
3795,1,960,960,0
831,1,1008,1008,0
997,1,956,956,0
998,1,962,962,0
999,1,1073,1073,0
1000,1,1220,1220,0
1037,1,1054,1054,0
1038,1,1308,1308,0
1039,1,1009,1009,0
1040,1,955,955,0
1121,1,986,986,0
1122,1,1044,1044,0
1123,1,941,941,0
1124,1,1254,1254,0
1213,1,1088,1088,0
1216,1,976,976,0
1366,1,1134,1134,0
1367,1,994,994,0
1465,1,1063,1063,0
1466,1,1063,1063,0
1467,1,1014,1014,0
1468,1,1046,1046,0
1485,1,1232,1232,0
1486,1,1168,1168,0
1487,1,958,958,0
1488,1,966,966,0
1553,1,997,997,0
1554,1,1098,1098,0
1555,1,1097,1097,0
1556,1,1408,1408,0
2089,1,1021,1021,0
1757,1,1033,1033,0
1758,1,970,970,0
1759,1,937,937,0
1769,1,971,971,0
1770,1,945,945,0
1771,1,1357,1357,0
1772,1,1004,1004,0
3509,1,957,957,0
3510,1,977,977,0
3512,1,988,988,0
2090,1,1105,1105,0
2091,1,1065,1065,0
2092,1,1319,1319,0
2273,1,980,980,0
2274,1,984,984,0
2275,1,965,965,0
2276,1,1325,1325,0
2573,1,1052,1052,0
2574,1,944,944,0
2576,1,1136,1136,0
2733,1,1153,1153,0
2734,1,954,954,0
2735,1,1102,1102,0
2817,1,1011,1011,0
2818,1,990,990,0
2894,1,1145,1145,0
2895,1,1156,1156,0
2997,1,1083,1083,0
2998,1,992,992,0
3000,1,1028,1028,0
2985,1,1132,1132,0
2986,1,1083,1083,0
2987,1,962,962,0
2988,1,1000,1000,0
3080,1,1075,1075,0
2999,1,1290,1290,0
3021,1,997,997,0
3022,1,1012,1012,0
3023,1,1185,1185,0
3024,1,1186,1186,0
3045,1,998,998,0
3046,1,947,947,0
3047,1,1136,1136,0
3048,1,957,957,0
3105,1,961,961,0
3077,1,1068,1068,0
3078,1,1093,1093,0
3079,1,987,987,0
3549,1,1087,1087,0
3552,1,1017,1017,0
3106,1,1162,1162,0
3107,1,1118,1118,0
3108,1,1104,1104,0
3181,1,1019,1019,0
3184,1,976,976,0
3201,1,1147,1147,0
3202,1,990,990,0
3203,1,1136,1136,0
3204,1,1057,1057,0
3505,1,1005,1005,0
3301,1,923,923,0
3302,1,1105,1105,0
3303,1,1140,1140,0
3304,1,997,997,0
3480,1,997,997,0
3477,1,1082,1082,0
3478,1,1042,1042,0
3479,1,947,947,0
3493,1,1007,1007,0
3496,1,1061,1061,0
3494,1,961,961,0
3495,1,991,991,0
3517,1,1032,1032,0
3518,1,1228,1228,0
3520,1,1061,1061,0
3506,1,1033,1033,0
3507,1,1115,1115,0
3508,1,985,985,0
3845,1,1199,1199,0
3848,1,925,925,0
3519,1,990,990,0
3609,1,988,988,0
3610,1,1037,1037,0
3611,1,1024,1024,0
3612,1,1013,1013,0
3548,1,984,984,0
3557,1,1112,1112,0
3558,1,1010,1010,0
3559,1,1083,1083,0
3560,1,1067,1067,0
3550,1,1083,1083,0
3551,1,1073,1073,0
3613,1,1288,1288,0
3614,1,951,951,0
3616,1,1044,1044,0
3623,1,1011,1011,0
3625,1,981,981,0
3626,1,1253,1253,0
3627,1,1055,1055,0
3628,1,1001,1001,0
3637,1,953,953,0
3638,1,1040,1040,0
3639,1,1172,1172,0
3777,1,1000,1000,0
3778,1,1039,1039,0
3649,1,946,946,0
3650,1,995,995,0
3651,1,1041,1041,0
3652,1,1033,1033,0
3873,1,1127,1127,0
3874,1,990,990,0
3875,1,983,983,0
3876,1,1011,1011,0
3889,1,1051,1051,0
3890,1,1067,1067,0
3891,1,1004,1004,0
3892,1,995,995,0
3901,1,987,987,0
3902,1,1066,1066,0
3904,1,985,985,0
3965,1,941,941,0
3966,1,1284,1284,0
3967,1,1031,1031,0
3968,1,1346,1346,0
3984,1,1031,1031,0
4001,1,1103,1103,0
4002,1,1095,1095,0
4003,1,1007,1007,0
4004,1,1003,1003,0
4032,1,1010,1010,0
4005,1,988,988,0
4006,1,1029,1029,0
4007,1,1092,1092,0
4008,1,1173,1173,0
4017,1,1035,1035,0
4018,1,974,974,0
4019,1,1025,1025,0
4020,1,971,971,0
4033,1,980,980,0
4034,1,1042,1042,0
4035,1,1268,1268,0
4036,1,956,956,0
4045,1,1067,1067,0
4046,1,986,986,0
4048,1,986,986,0
4037,1,934,934,0
4038,1,1008,1008,0
4039,1,987,987,0
4040,1,962,962,0
4112,1,1178,1178,0
4042,1,961,961,0
4043,1,938,938,0
4044,1,965,965,0
4049,1,949,949,0
4050,1,977,977,0
4047,1,1050,1050,0
4073,1,997,997,0
4074,1,1017,1017,0
4075,1,971,971,0
4076,1,993,993,0
4091,1,981,981,0
4092,1,1071,1071,0
4093,1,985,985,0
4094,1,994,994,0
4096,1,991,991,0
4105,1,975,975,0
4106,1,983,983,0
4107,1,992,992,0
4108,1,1021,1021,0
4128,1,1254,1254,0
4109,1,986,986,0
4110,1,1164,1164,0
4111,1,1276,1276,0
4121,1,1140,1140,0
4122,1,960,960,0
4123,1,1007,1007,0
4124,1,1076,1076,0
4137,1,950,950,0
4138,1,1026,1026,0
4139,1,943,943,0
4125,1,1006,1006,0
4126,1,1014,1014,0
4127,1,981,981,0
4165,1,1036,1036,0
4168,1,1077,1077,0
4130,1,1008,1008,0
4131,1,1032,1032,0
4132,1,1053,1053,0
4145,1,957,957,0
4146,1,1358,1358,0
4140,1,1093,1093,0
4141,1,977,977,0
4142,1,995,995,0
4143,1,979,979,0
4144,1,1138,1138,0
4147,1,1121,1121,0
4148,1,1088,1088,0
4205,1,993,993,0
4206,1,1022,1022,0
4208,1,982,982,0
4157,1,1012,1012,0
4158,1,1234,1234,0
4159,1,953,953,0
4160,1,1034,1034,0
4161,1,1096,1096,0
4166,1,1105,1105,0
4167,1,998,998,0
4189,1,1022,1022,0
4190,1,996,996,0
4192,1,1031,1031,0
4185,1,952,952,0
4186,1,1162,1162,0
4187,1,1221,1221,0
4188,1,1028,1028,0
4225,1,1071,1071,0
1389,1,1046,1046,0
1390,1,988,988,0
1391,1,1058,1058,0
1392,1,1182,1182,0
2016,1,980,980,0
2603,1,1039,1039,0
2604,1,1009,1009,0
3073,1,979,979,0
3074,1,1223,1223,0
3075,1,993,993,0
3037,1,989,989,0
3038,1,1026,1026,0
3039,1,917,917,0
3040,1,1089,1089,0
3833,1,1020,1020,0
3076,1,1025,1025,0
3109,1,1190,1190,0
3110,1,969,969,0
3111,1,990,990,0
3112,1,923,923,0
3834,1,993,993,0
3835,1,963,963,0
3836,1,965,965,0
3981,1,1002,1002,0
3982,1,1060,1060,0
3983,1,996,996,0
3985,1,1016,1016,0
3986,1,1185,1185,0
3987,1,1037,1037,0
3988,1,967,967,0
3997,1,1133,1133,0
3998,1,997,997,0
4000,1,1137,1137,0
1009,1,954,954,0
1010,1,1045,1045,0
1011,1,1009,1009,0
1012,1,1019,1019,0
3672,1,1037,1037,0
3669,1,1031,1031,0
3670,1,1097,1097,0
3671,1,981,981,0
3677,1,989,989,0
3680,1,1231,1231,0
3678,1,979,979,0
3679,1,1111,1111,0
3697,1,1094,1094,0
3698,1,954,954,0
3699,1,949,949,0
3700,1,940,940,0
3701,1,1014,1014,0
3702,1,1168,1168,0
3703,1,1012,1012,0
3704,1,1064,1064,0
3713,1,1021,1021,0
3714,1,1155,1155,0
3715,1,1066,1066,0
3716,1,1000,1000,0
3721,1,979,979,0
3722,1,1087,1087,0
3723,1,1032,1032,0
3724,1,960,960,0
3841,1,957,957,0
3842,1,978,978,0
3843,1,972,972,0
3844,1,1091,1091,0
1745,1,984,984,0
1746,1,932,932,0
1747,1,1240,1240,0
1748,1,980,980,0
1961,1,987,987,0
1962,1,945,945,0
1963,1,966,966,0
1964,1,950,950,0
2889,1,941,941,0
2890,1,925,925,0
2891,1,956,956,0
2892,1,1008,1008,0
3773,1,1053,1053,0
3774,1,977,977,0
3775,1,963,963,0
3776,1,1097,1097,0
3149,1,983,983,0
3150,1,1011,1011,0
3151,1,1047,1047,0
3152,1,956,956,0
3800,1,1024,1024,0
3797,1,978,978,0
3798,1,1037,1037,0
3799,1,1129,1129,0
3825,1,1019,1019,0
3826,1,1023,1023,0
3827,1,984,984,0
3828,1,1151,1151,0
3992,1,992,992,0
3989,1,1037,1037,0
3990,1,955,955,0
3991,1,950,950,0
2033,1,960,960,0
2034,1,893,893,0
2035,1,1289,1289,0
2036,1,1047,1047,0
4965,1,1030,1030,0
4966,1,1002,1002,0
4967,1,1017,1017,0
4968,1,972,972,0
69,1,1028,1028,0
70,1,1102,1102,0
71,1,977,977,0
72,1,968,968,0
96,1,1000,1000,0
93,1,1024,1024,0
94,1,989,989,0
95,1,1149,1149,0
49,1,972,972,0
50,1,1011,1011,0
51,1,1037,1037,0
52,1,1064,1064,0
840,1,1036,1036,0
837,1,1094,1094,0
838,1,930,930,0
839,1,1031,1031,0
1145,1,1007,1007,0
1146,1,986,986,0
1147,1,1035,1035,0
1148,1,1038,1038,0
3673,1,996,996,0
13,1,1008,1008,0
14,1,978,978,0
15,1,964,964,0
16,1,922,922,0
4133,1,952,952,0
4134,1,1028,1028,0
4135,1,987,987,0
4136,1,1122,1122,0
5096,1,1024,1024,0
4417,1,965,965,0
4418,1,990,990,0
4419,1,1000,1000,0
4420,1,1010,1010,0
5216,1,898,898,0
4737,1,984,984,0
4738,1,923,923,0
4739,1,949,949,0
4740,1,986,986,0
5409,1,1286,1286,0
4941,1,971,971,0
4942,1,923,923,0
4943,1,972,972,0
4944,1,973,973,0
4949,1,1072,1072,0
4950,1,1236,1236,0
4951,1,1040,1040,0
4952,1,1121,1121,0
5384,1,1243,1243,0
5093,1,946,946,0
5094,1,1187,1187,0
5095,1,984,984,0
5213,1,997,997,0
5214,1,972,972,0
5215,1,1006,1006,0
5381,1,996,996,0
5382,1,961,961,0
5383,1,1054,1054,0
5410,1,1102,1102,0
5411,1,1001,1001,0
5412,1,977,977,0
45,1,1074,1074,0
46,1,1210,1210,0
47,1,1115,1115,0
48,1,1023,1023,0
137,1,921,921,0
138,1,1067,1067,0
139,1,968,968,0
140,1,1107,1107,0
517,1,995,995,0
518,1,1075,1075,0
519,1,1019,1019,0
520,1,990,990,0
5401,1,1031,1031,0
5402,1,1022,1022,0
5403,1,1064,1064,0
5404,1,989,989,0
685,1,1007,1007,0
686,1,976,976,0
687,1,1128,1128,0
688,1,1007,1007,0
2928,1,1085,1085,0
2925,1,1050,1050,0
2926,1,1162,1162,0
2927,1,987,987,0
3805,1,1058,1058,0
3808,1,958,958,0
3806,1,1223,1223,0
3807,1,1037,1037,0
733,1,1184,1184,0
734,1,1000,1000,0
735,1,936,936,0
736,1,976,976,0
1464,1,993,993,0
1461,1,1038,1038,0
1462,1,1179,1179,0
1463,1,994,994,0
1497,1,1227,1227,0
1498,1,963,963,0
1499,1,964,964,0
1500,1,957,957,0
1505,1,983,983,0
1506,1,994,994,0
1507,1,1106,1106,0
1508,1,984,984,0
1509,1,1059,1059,0
1510,1,983,983,0
1511,1,970,970,0
1512,1,1033,1033,0
1561,1,987,987,0
1562,1,946,946,0
1563,1,1114,1114,0
1564,1,1211,1211,0
1568,1,1157,1157,0
1565,1,960,960,0
1566,1,951,951,0
1567,1,1171,1171,0
1805,1,1009,1009,0
1806,1,1053,1053,0
1807,1,1020,1020,0
1808,1,1059,1059,0
2977,1,1047,1047,0
2978,1,1034,1034,0
2979,1,964,964,0
2980,1,959,959,0
3066,1,1005,1005,0
3067,1,1029,1029,0
3068,1,1020,1020,0
3657,1,1078,1078,0
3658,1,1220,1220,0
3709,1,1067,1067,0
3710,1,980,980,0
3711,1,976,976,0
3717,1,1006,1006,0
3720,1,961,961,0
3741,1,1067,1067,0
3742,1,957,957,0
3743,1,980,980,0
3744,1,959,959,0
3745,1,1068,1068,0
3746,1,1019,1019,0
3747,1,1012,1012,0
3748,1,960,960,0
3753,1,1034,1034,0
3754,1,975,975,0
3820,1,964,964,0
3885,1,1045,1045,0
3886,1,964,964,0
3887,1,969,969,0
3888,1,986,986,0
3930,1,973,973,0
3931,1,1013,1013,0
3932,1,987,987,0
589,1,990,990,0
590,1,1144,1144,0
591,1,958,958,0
592,1,1017,1017,0
3065,1,963,963,0
3659,1,1046,1046,0
3660,1,949,949,0
3661,1,997,997,0
3662,1,987,987,0
3664,1,999,999,0
3663,1,1111,1111,0
3665,1,1252,1252,0
3666,1,1014,1014,0
3667,1,1237,1237,0
3668,1,953,953,0
3685,1,1055,1055,0
3686,1,967,967,0
3687,1,1085,1085,0
3688,1,1429,1429,0
3712,1,969,969,0
3718,1,1156,1156,0
3719,1,920,920,0
3725,1,1196,1196,0
3726,1,977,977,0
3728,1,1061,1061,0
3727,1,1156,1156,0
3729,1,1072,1072,0
3730,1,998,998,0
3731,1,988,988,0
3732,1,968,968,0
3755,1,982,982,0
3756,1,990,990,0
3817,1,1074,1074,0
3818,1,1087,1087,0
3819,1,989,989,0
3905,1,1305,1305,0
3906,1,940,940,0
3907,1,964,964,0
3908,1,1024,1024,0
3929,1,1206,1206,0
5033,1,1012,1012,0
5034,1,1002,1002,0
5035,1,929,929,0
5036,1,920,920,0
5392,1,937,937,0
5389,1,1181,1181,0
5390,1,1034,1034,0
5391,1,952,952,0
4021,1,1003,1003,0
4022,1,1027,1027,0
4023,1,1030,1030,0
4024,1,1258,1258,0
4416,1,950,950,0
4169,1,979,979,0
4170,1,1051,1051,0
4171,1,1031,1031,0
4172,1,1228,1228,0
5008,1,1036,1036,0
4413,1,1150,1150,0
4414,1,995,995,0
4415,1,990,990,0
4769,1,987,987,0
4770,1,1251,1251,0
4771,1,1050,1050,0
4772,1,1072,1072,0
5000,1,964,964,0
4901,1,1022,1022,0
4902,1,1018,1018,0
4903,1,963,963,0
4904,1,974,974,0
5184,1,1030,1030,0
4997,1,988,988,0
4998,1,989,989,0
4999,1,1081,1081,0
5413,1,1111,1111,0
5416,1,957,957,0
5005,1,1118,1118,0
5006,1,973,973,0
5007,1,948,948,0
5181,1,1033,1033,0
5182,1,940,940,0
5183,1,1010,1010,0
5193,1,1011,1011,0
5194,1,1046,1046,0
5195,1,966,966,0
5196,1,985,985,0
5414,1,941,941,0
5415,1,992,992,0
4929,1,945,945,0
4930,1,957,957,0
4931,1,1277,1277,0
4932,1,1018,1018,0
4441,1,1081,1081,0
4442,1,951,951,0
4443,1,1158,1158,0
4444,1,1114,1114,0
4945,1,1000,1000,0
4461,1,993,993,0
4462,1,997,997,0
4463,1,1092,1092,0
4464,1,1046,1046,0
5056,1,1003,1003,0
4601,1,1033,1033,0
4602,1,1369,1369,0
4603,1,949,949,0
4604,1,1045,1045,0
4833,1,939,939,0
4709,1,997,997,0
4710,1,1010,1010,0
4711,1,909,909,0
4712,1,995,995,0
4825,1,961,961,0
4826,1,980,980,0
4827,1,1062,1062,0
4828,1,1000,1000,0
4834,1,1177,1177,0
4835,1,1141,1141,0
4836,1,995,995,0
5029,1,999,999,0
5032,1,1054,1054,0
4853,1,1024,1024,0
4854,1,989,989,0
4855,1,945,945,0
4856,1,952,952,0
4976,1,1001,1001,0
4946,1,1177,1177,0
4947,1,996,996,0
4948,1,1125,1125,0
4973,1,1023,1023,0
4974,1,1039,1039,0
4975,1,1070,1070,0
5030,1,964,964,0
5031,1,1020,1020,0
5053,1,1033,1033,0
5054,1,1024,1024,0
5055,1,1052,1052,0
5297,1,980,980,0
5298,1,1283,1283,0
5299,1,1037,1037,0
5300,1,1023,1023,0
4509,1,1053,1053,0
4510,1,990,990,0
4511,1,1061,1061,0
4512,1,1007,1007,0
4365,1,1033,1033,0
4366,1,1108,1108,0
4367,1,983,983,0
4368,1,1306,1306,0
4405,1,970,970,0
4406,1,1071,1071,0
4407,1,952,952,0
4408,1,1034,1034,0
4513,1,985,985,0
4514,1,998,998,0
4515,1,983,983,0
4516,1,994,994,0
5376,1,944,944,0
5373,1,996,996,0
5374,1,1012,1012,0
5375,1,1066,1066,0
5425,1,968,968,0
5426,1,455,455,0
4493,1,1138,1138,0
4494,1,952,952,0
4495,1,928,928,0
4496,1,978,978,0
4969,1,1205,1205,0
4970,1,961,961,0
4971,1,1031,1031,0
4972,1,966,966,0
4069,1,1010,1010,0
4070,1,1137,1137,0
4071,1,977,977,0
4072,1,998,998,0
4928,1,1255,1255,0
4925,1,948,948,0
4926,1,958,958,0
4927,1,1140,1140,0
5013,1,1006,1006,0
5016,1,1062,1062,0
5014,1,981,981,0
5015,1,1103,1103,0
5377,1,983,983,0
5378,1,964,964,0
5379,1,944,944,0
5369,1,1015,1015,0
5370,1,959,959,0
5371,1,1012,1012,0
5372,1,940,940,0
5408,1,956,956,0
5380,1,934,934,0
5405,1,1053,1053,0
5406,1,1023,1023,0
5407,1,1016,1016,0
4313,1,978,978,0
4314,1,1166,1166,0
4315,1,1010,1010,0
4316,1,967,967,0
4761,1,1128,1128,0
4762,1,1006,1006,0
4763,1,1043,1043,0
4764,1,948,948,0
5097,1,985,985,0
5098,1,1023,1023,0
5099,1,1008,1008,0
5100,1,1022,1022,0
4009,1,974,974,0
4010,1,996,996,0
4011,1,966,966,0
4012,1,990,990,0
4153,1,971,971,0
4281,1,980,980,0
4282,1,926,926,0
4283,1,965,965,0
4284,1,937,937,0
4337,1,1272,1272,0
4297,1,979,979,0
4298,1,968,968,0
4299,1,1042,1042,0
4300,1,1276,1276,0
4321,1,934,934,0
4302,1,1003,1003,0
4303,1,1010,1010,0
4521,1,973,973,0
4522,1,960,960,0
4523,1,957,957,0
4373,1,963,963,0
4374,1,980,980,0
4375,1,979,979,0
4453,1,1030,1030,0
4456,1,986,986,0
4454,1,995,995,0
4455,1,1128,1128,0
4733,1,1097,1097,0
4734,1,1154,1154,0
4736,1,1228,1228,0
4524,1,1011,1011,0
4553,1,1007,1007,0
4554,1,980,980,0
4555,1,970,970,0
4556,1,968,968,0
4525,1,932,932,0
4526,1,960,960,0
4527,1,1000,1000,0
4541,1,990,990,0
4544,1,1050,1050,0
4548,1,989,989,0
4645,1,1028,1028,0
4646,1,941,941,0
4647,1,938,938,0
4648,1,992,992,0
4596,1,990,990,0
4653,1,1071,1071,0
4654,1,937,937,0
4655,1,945,945,0
4656,1,949,949,0
4625,1,971,971,0
4626,1,970,970,0
4627,1,923,923,0
4628,1,1070,1070,0
4640,1,970,970,0
4637,1,931,931,0
4638,1,1015,1015,0
4639,1,964,964,0
4749,1,952,952,0
4752,1,998,998,0
4681,1,965,965,0
4682,1,977,977,0
4683,1,985,985,0
4684,1,1100,1100,0
4713,1,990,990,0
4714,1,981,981,0
4715,1,1008,1008,0
4716,1,997,997,0
4785,1,991,991,0
4786,1,996,996,0
4735,1,1066,1066,0
4750,1,927,927,0
4751,1,1010,1010,0
4953,1,1122,1122,0
4954,1,981,981,0
4955,1,1058,1058,0
4868,1,981,981,0
4885,1,1132,1132,0
4886,1,965,965,0
4887,1,936,936,0
4956,1,965,965,0
4977,1,984,984,0
4978,1,1039,1039,0
4979,1,1019,1019,0
4980,1,1072,1072,0
5001,1,968,968,0
5366,1,1103,1103,0
5367,1,959,959,0
5396,1,975,975,0
4154,1,1047,1047,0
4155,1,963,963,0
4156,1,956,956,0
5365,1,1025,1025,0
5368,1,1177,1177,0
4257,1,959,959,0
4258,1,1163,1163,0
4259,1,1264,1264,0
4260,1,948,948,0
4265,1,1110,1110,0
4266,1,1030,1030,0
4267,1,937,937,0
4268,1,993,993,0
4301,1,1338,1338,0
4304,1,1029,1029,0
4277,1,982,982,0
4278,1,1114,1114,0
4279,1,1030,1030,0
4280,1,943,943,0
4449,1,966,966,0
4322,1,984,984,0
4323,1,1036,1036,0
4324,1,1047,1047,0
4341,1,1136,1136,0
4344,1,1010,1010,0
4333,1,992,992,0
4334,1,1010,1010,0
4335,1,1147,1147,0
4336,1,1020,1020,0
4376,1,1018,1018,0
4338,1,900,900,0
4339,1,954,954,0
4340,1,964,964,0
4585,1,1047,1047,0
4586,1,1030,1030,0
4342,1,976,976,0
4343,1,1397,1397,0
4381,1,943,943,0
4382,1,992,992,0
4384,1,960,960,0
4383,1,1203,1203,0
4401,1,1199,1199,0
4402,1,991,991,0
4403,1,1009,1009,0
4404,1,948,948,0
4450,1,971,971,0
4451,1,977,977,0
4452,1,1143,1143,0
4497,1,985,985,0
4498,1,1297,1297,0
4499,1,1015,1015,0
4500,1,1342,1342,0
4545,1,993,993,0
4546,1,1303,1303,0
4547,1,1048,1048,0
4517,1,972,972,0
4518,1,1159,1159,0
4519,1,1109,1109,0
4520,1,975,975,0
4528,1,1106,1106,0
4542,1,1051,1051,0
4543,1,961,961,0
4593,1,962,962,0
4594,1,978,978,0
4595,1,1018,1018,0
4587,1,984,984,0
4588,1,978,978,0
4865,1,1186,1186,0
4866,1,1001,1001,0
4867,1,1037,1037,0
4677,1,1050,1050,0
4678,1,997,997,0
4679,1,977,977,0
4680,1,1007,1007,0
4696,1,969,969,0
4693,1,979,979,0
4694,1,1269,1269,0
4695,1,1018,1018,0
4881,1,1070,1070,0
4882,1,1003,1003,0
4787,1,1197,1197,0
4788,1,960,960,0
4789,1,972,972,0
4790,1,1058,1058,0
4792,1,971,971,0
4791,1,1153,1153,0
4801,1,918,918,0
4802,1,940,940,0
4803,1,1415,1415,0
4804,1,989,989,0
4841,1,1075,1075,0
4842,1,1019,1019,0
4843,1,990,990,0
4844,1,1000,1000,0
4888,1,969,969,0
4883,1,1112,1112,0
4884,1,1002,1002,0
4909,1,1001,1001,0
4910,1,1096,1096,0
4912,1,1170,1170,0
4911,1,917,917,0
4985,1,990,990,0
4986,1,984,984,0
4987,1,991,991,0
4988,1,1042,1042,0
5027,1,1047,1047,0
5028,1,953,953,0
5393,1,1132,1132,0
5394,1,969,969,0
5395,1,1077,1077,0
4385,1,1099,1099,0
4386,1,1121,1121,0
4387,1,998,998,0
4388,1,999,999,0
4889,1,1094,1094,0
4890,1,972,972,0
4891,1,966,966,0
4892,1,1024,1024,0
4393,1,948,948,0
4394,1,1168,1168,0
4395,1,993,993,0
4396,1,986,986,0
4317,1,955,955,0
4318,1,952,952,0
4319,1,949,949,0
4320,1,1020,1020,0
4664,1,1233,1233,0
4661,1,1047,1047,0
4662,1,946,946,0
4663,1,1024,1024,0
5357,1,1004,1004,0
5358,1,1034,1034,0
5359,1,967,967,0
5360,1,952,952,0
5385,1,1060,1060,0
5386,1,1005,1005,0
5387,1,939,939,0
5388,1,1330,1330,0
4173,1,1020,1020,0
4174,1,1013,1013,0
4175,1,973,973,0
4176,1,953,953,0
4633,1,1016,1016,0
4634,1,970,970,0
4635,1,937,937,0
4636,1,973,973,0
65,1,1019,1019,0
66,1,989,989,0
67,1,1109,1109,0
68,1,955,955,0
3801,1,994,994,0
3802,1,943,943,0
3803,1,1084,1084,0
3804,1,992,992,0
5041,1,1015,1015,0
5042,1,968,968,0
5043,1,974,974,0
5044,1,989,989,0
5073,1,966,966,0
5045,1,1067,1067,0
5046,1,1049,1049,0
5047,1,992,992,0
5048,1,951,951,0
5065,1,989,989,0
5049,1,1034,1034,0
5050,1,937,937,0
5051,1,990,990,0
5052,1,1015,1015,0
5089,1,1103,1103,0
5061,1,1002,1002,0
5062,1,998,998,0
5063,1,1010,1010,0
5109,1,1059,1059,0
5112,1,969,969,0
5066,1,1337,1337,0
5067,1,970,970,0
5068,1,1045,1045,0
5101,1,973,973,0
5104,1,1366,1366,0
5074,1,1007,1007,0
5075,1,958,958,0
5076,1,984,984,0
5125,1,932,932,0
5128,1,1034,1034,0
5090,1,1014,1014,0
5091,1,936,936,0
5092,1,1008,1008,0
5108,1,1078,1078,0
5117,1,965,965,0
5118,1,1027,1027,0
5119,1,1035,1035,0
5120,1,1174,1174,0
5110,1,1005,1005,0
5111,1,965,965,0
5253,1,951,951,0
5254,1,1129,1129,0
5256,1,912,912,0
5126,1,1030,1030,0
5127,1,996,996,0
5141,1,1039,1039,0
5142,1,966,966,0
5144,1,1079,1079,0
5143,1,979,979,0
5229,1,1001,1001,0
5230,1,920,920,0
5231,1,1019,1019,0
5232,1,968,968,0
5178,1,1054,1054,0
5179,1,1006,1006,0
5180,1,976,976,0
5201,1,1028,1028,0
5202,1,1009,1009,0
5228,1,1116,1116,0
5237,1,1055,1055,0
5238,1,948,948,0
5239,1,1091,1091,0
5240,1,1005,1005,0
5241,1,988,988,0
5242,1,965,965,0
5243,1,976,976,0
5244,1,933,933,0
5255,1,951,951,0
4357,1,957,957,0
4358,1,1080,1080,0
4359,1,963,963,0
4438,1,1097,1097,0
4439,1,1342,1342,0
4551,1,973,973,0
4610,1,1020,1020,0
4611,1,937,937,0
4612,1,946,946,0
4861,1,1000,1000,0
4862,1,959,959,0
4863,1,1042,1042,0
4876,1,1005,1005,0
4995,1,1229,1229,0
4996,1,963,963,0
5037,1,943,943,0
5038,1,999,999,0
5039,1,1009,1009,0
5040,1,1051,1051,0
5248,1,969,969,0
5057,1,974,974,0
5058,1,956,956,0
5059,1,1201,1201,0
5060,1,985,985,0
5064,1,946,946,0
5102,1,957,957,0
5103,1,961,961,0
5105,1,1145,1145,0
5106,1,1020,1020,0
5107,1,1026,1026,0
5133,1,946,946,0
5134,1,967,967,0
5135,1,994,994,0
5145,1,1040,1040,0
5146,1,961,961,0
5147,1,971,971,0
5148,1,992,992,0
5177,1,1004,1004,0
5203,1,1045,1045,0
5204,1,1275,1275,0
5225,1,930,930,0
5226,1,1081,1081,0
5227,1,1231,1231,0
5245,1,1000,1000,0
5246,1,1093,1093,0
5247,1,1048,1048,0
4097,1,1039,1039,0
4098,1,955,955,0
4099,1,950,950,0
4100,1,952,952,0
4864,1,1034,1034,0
4285,1,966,966,0
4286,1,1259,1259,0
4287,1,1013,1013,0
4288,1,1181,1181,0
4400,1,999,999,0
4325,1,946,946,0
4326,1,995,995,0
4327,1,1006,1006,0
4328,1,1028,1028,0
4377,1,1025,1025,0
4378,1,979,979,0
4379,1,968,968,0
4380,1,961,961,0
4437,1,1159,1159,0
4440,1,971,971,0
4397,1,950,950,0
4398,1,1146,1146,0
4399,1,978,978,0
4501,1,937,937,0
4504,1,919,919,0
4473,1,1000,1000,0
4474,1,988,988,0
4475,1,913,913,0
4476,1,961,961,0
4609,1,1167,1167,0
4502,1,1010,1010,0
4503,1,1178,1178,0
4549,1,960,960,0
4550,1,972,972,0
4552,1,1028,1028,0
4561,1,980,980,0
4562,1,1003,1003,0
4563,1,1193,1193,0
4564,1,1001,1001,0
4745,1,957,957,0
4613,1,994,994,0
4614,1,988,988,0
4615,1,1074,1074,0
4616,1,1029,1029,0
5136,1,1038,1038,0
4741,1,964,964,0
4742,1,993,993,0
4743,1,1023,1023,0
4744,1,1112,1112,0
4784,1,1102,1102,0
4746,1,962,962,0
4747,1,958,958,0
4748,1,980,980,0
4993,1,977,977,0
4994,1,1104,1104,0
4781,1,941,941,0
4782,1,1077,1077,0
4783,1,1136,1136,0
4797,1,959,959,0
4800,1,990,990,0
4798,1,949,949,0
4799,1,975,975,0
4873,1,972,972,0
4874,1,1005,1005,0
4875,1,961,961,0
121,1,1002,1002,0
122,1,1064,1064,0
123,1,1291,1291,0
124,1,1078,1078,0
1440,1,983,983,0
1437,1,963,963,0
1438,1,1045,1045,0
1439,1,987,987,0
4113,1,1032,1032,0
4114,1,979,979,0
4115,1,999,999,0
4116,1,1159,1159,0
5264,1,991,991,0
5170,1,1023,1023,0
5171,1,1150,1150,0
5172,1,1008,1008,0
5185,1,1000,1000,0
5186,1,1003,1003,0
5187,1,1041,1041,0
5188,1,950,950,0
5217,1,1061,1061,0
5218,1,955,955,0
5219,1,1003,1003,0
5266,1,933,933,0
5267,1,1096,1096,0
5268,1,1340,1340,0
5333,1,1216,1216,0
5336,1,1126,1126,0
5279,1,1010,1010,0
5341,1,1001,1001,0
5342,1,1028,1028,0
5343,1,1195,1195,0
5344,1,1110,1110,0
5313,1,1071,1071,0
5314,1,1063,1063,0
5315,1,963,963,0
5316,1,998,998,0
5321,1,1025,1025,0
5326,1,998,998,0
5327,1,944,944,0
5329,1,975,975,0
5330,1,942,942,0
5331,1,1022,1022,0
5334,1,1000,1000,0
5335,1,980,980,0
5421,1,1082,1082,0
5422,1,1418,1418,0
5424,1,1012,1012,0
5345,1,1001,1001,0
5346,1,996,996,0
5347,1,999,999,0
5348,1,987,987,0
5417,1,966,966,0
5349,1,1120,1120,0
5350,1,1065,1065,0
5351,1,1060,1060,0
5352,1,992,992,0
5361,1,939,939,0
5234,1,998,998,0
5235,1,1121,1121,0
5236,1,1140,1140,0
4329,1,982,982,0
4330,1,980,980,0
4331,1,1002,1002,0
4332,1,983,983,0
4488,1,959,959,0
4485,1,938,938,0
4486,1,1111,1111,0
4487,1,1017,1017,0
5189,1,974,974,0
5190,1,980,980,0
5191,1,1009,1009,0
5192,1,955,955,0
5233,1,1149,1149,0
4657,1,1019,1019,0
4658,1,985,985,0
4659,1,975,975,0
4660,1,1104,1104,0
4920,1,1056,1056,0
4917,1,943,943,0
4918,1,1068,1068,0
4919,1,956,956,0
125,1,989,989,0
126,1,1033,1033,0
127,1,964,964,0
3973,1,986,986,0
3974,1,1079,1079,0
3975,1,1298,1298,0
4025,1,1004,1004,0
4026,1,992,992,0
4027,1,969,969,0
4028,1,1058,1058,0
4896,1,1101,1101,0
4445,1,1061,1061,0
4446,1,978,978,0
4447,1,957,957,0
4448,1,989,989,0
4673,1,1011,1011,0
4665,1,1094,1094,0
4666,1,1007,1007,0
4667,1,1127,1127,0
4668,1,991,991,0
4840,1,940,940,0
4674,1,1005,1005,0
4675,1,955,955,0
4676,1,992,992,0
5081,1,964,964,0
5082,1,1054,1054,0
4837,1,1032,1032,0
4838,1,1250,1250,0
4839,1,985,985,0
4893,1,1030,1030,0
4894,1,954,954,0
4895,1,1007,1007,0
5083,1,1012,1012,0
5084,1,1131,1131,0
53,1,1050,1050,0
54,1,975,975,0
55,1,946,946,0
56,1,1133,1133,0
3976,1,967,967,0
101,1,1136,1136,0
102,1,975,975,0
103,1,1105,1105,0
104,1,1067,1067,0
128,1,1017,1017,0
4433,1,931,931,0
4434,1,972,972,0
4435,1,993,993,0
4436,1,1011,1011,0
4472,1,1190,1190,0
4469,1,921,921,0
4470,1,1021,1021,0
4471,1,1103,1103,0
4505,1,1176,1176,0
4506,1,1014,1014,0
4507,1,1019,1019,0
4508,1,1186,1186,0
4857,1,994,994,0
4858,1,1102,1102,0
4859,1,955,955,0
4641,1,933,933,0
4642,1,1026,1026,0
4643,1,984,984,0
4644,1,969,969,0
4705,1,984,984,0
4706,1,971,971,0
4707,1,987,987,0
4708,1,1061,1061,0
4860,1,1012,1012,0
4905,1,1065,1065,0
4906,1,948,948,0
4907,1,929,929,0
4908,1,1035,1035,0
4924,1,942,942,0
5020,1,945,945,0
5115,1,936,936,0
5116,1,1041,1041,0
5121,1,942,942,0
5122,1,1058,1058,0
5123,1,958,958,0
5124,1,1023,1023,0
5137,1,929,929,0
5129,1,1159,1159,0
5130,1,965,965,0
5131,1,891,891,0
5132,1,1000,1000,0
5169,1,978,978,0
5157,1,979,979,0
5158,1,1058,1058,0
5159,1,1103,1103,0
5160,1,1290,1290,0
5168,1,962,962,0
5165,1,1278,1278,0
5166,1,943,943,0
5167,1,969,969,0
5206,1,980,980,0
5207,1,965,965,0
5281,1,964,964,0
5282,1,955,955,0
5283,1,1003,1003,0
5209,1,1325,1325,0
5210,1,1024,1024,0
5211,1,913,913,0
5212,1,1045,1045,0
5332,1,953,953,0
5362,1,1025,1025,0
5363,1,1073,1073,0
5364,1,1377,1377,0
5399,1,1111,1111,0
5418,1,1029,1029,0
5419,1,1157,1157,0
5420,1,978,978,0
5423,1,1086,1086,0
4221,1,1146,1146,0
4222,1,1022,1022,0
4223,1,1020,1020,0
4224,1,1216,1216,0
4960,1,1040,1040,0
4421,1,923,923,0
4422,1,979,979,0
4423,1,1021,1021,0
4424,1,1086,1086,0
4481,1,1004,1004,0
4429,1,1004,1004,0
4430,1,1025,1025,0
4431,1,1425,1425,0
4432,1,950,950,0
4568,1,1049,1049,0
4482,1,1063,1063,0
4483,1,983,983,0
4484,1,981,981,0
4597,1,941,941,0
4600,1,978,978,0
4565,1,957,957,0
4566,1,1289,1289,0
4567,1,1058,1058,0
4573,1,1065,1065,0
4576,1,983,983,0
4574,1,1047,1047,0
4575,1,963,963,0
4629,1,988,988,0
4630,1,938,938,0
4632,1,994,994,0
4631,1,1088,1088,0
4729,1,924,924,0
4730,1,996,996,0
4731,1,945,945,0
4732,1,951,951,0
4757,1,1106,1106,0
4758,1,1059,1059,0
4759,1,961,961,0
4760,1,1000,1000,0
4824,1,949,949,0
4821,1,979,979,0
4822,1,1077,1077,0
4823,1,981,981,0
4989,1,983,983,0
4992,1,1020,1020,0
4957,1,953,953,0
4958,1,988,988,0
4959,1,1267,1267,0
5113,1,1073,1073,0
5114,1,1020,1020,0
4990,1,1017,1017,0
4991,1,1105,1105,0
5017,1,968,968,0
5018,1,983,983,0
5019,1,954,954,0
5284,1,954,954,0
5301,1,961,961,0
5302,1,1042,1042,0
5303,1,1009,1009,0
5304,1,1048,1048,0
4598,1,1069,1069,0
4599,1,963,963,0
4921,1,969,969,0
4922,1,1029,1029,0
4923,1,1398,1398,0
5069,1,1255,1255,0
5070,1,992,992,0
5071,1,937,937,0
5072,1,972,972,0
5088,1,1423,1423,0
5077,1,1003,1003,0
5078,1,1123,1123,0
5079,1,1001,1001,0
5080,1,960,960,0
5152,1,1001,1001,0
5085,1,1024,1024,0
5086,1,913,913,0
5087,1,1025,1025,0
5257,1,1116,1116,0
5258,1,1014,1014,0
5138,1,1008,1008,0
5139,1,1053,1053,0
5140,1,1107,1107,0
5205,1,1101,1101,0
5208,1,979,979,0
5149,1,950,950,0
5150,1,961,961,0
5151,1,1085,1085,0
5221,1,1074,1074,0
5224,1,957,957,0
5173,1,963,963,0
5174,1,950,950,0
5175,1,981,981,0
5176,1,1005,1005,0
5265,1,1028,1028,0
5220,1,1308,1308,0
5269,1,1073,1073,0
5270,1,1040,1040,0
5271,1,1153,1153,0
5272,1,1015,1015,0
5222,1,1026,1026,0
5223,1,951,951,0
5397,1,1065,1065,0
5398,1,1144,1144,0
5400,1,942,942,0
5259,1,970,970,0
5260,1,1030,1030,0
5285,1,995,995,0
5286,1,921,921,0
5288,1,1045,1045,0
5261,1,1010,1010,0
5262,1,1004,1004,0
5263,1,1014,1014,0
5273,1,977,977,0
5274,1,984,984,0
5275,1,1071,1071,0
5276,1,979,979,0
5277,1,1188,1188,0
5278,1,993,993,0
5280,1,1125,1125,0
5287,1,992,992,0
5309,1,950,950,0
5310,1,1048,1048,0
5311,1,967,967,0
5312,1,1020,1020,0
5289,1,999,999,0
5290,1,975,975,0
5291,1,973,973,0
5292,1,1053,1053,0
5296,1,979,979,0
5293,1,987,987,0
5294,1,939,939,0
5295,1,979,979,0
5305,1,999,999,0
5306,1,1003,1003,0
5307,1,970,970,0
5308,1,972,972,0
5317,1,972,972,0
5318,1,951,951,0
5320,1,969,969,0
5319,1,976,976,0
5337,1,935,935,0
5338,1,1029,1029,0
5339,1,979,979,0
5340,1,1012,1012,0
5322,1,971,971,0
5323,1,926,926,0
5324,1,1057,1057,0
5325,1,987,987,0
5328,1,1151,1151,0
4053,1,1000,1000,0
4054,1,953,953,0
4055,1,925,925,0
4056,1,1009,1009,0
4809,1,1017,1017,0
4810,1,958,958,0
4811,1,963,963,0
4812,1,1022,1022,0
73,1,992,992,0
74,1,959,959,0
75,1,1074,1074,0
76,1,1223,1223,0
112,1,1005,1005,0
109,1,969,969,0
110,1,998,998,0
111,1,976,976,0
1273,1,988,988,0
1274,1,984,984,0
1275,1,1152,1152,0
1276,1,916,916,0
2125,1,1006,1006,0
2126,1,1050,1050,0
2127,1,1143,1143,0
2128,1,966,966,0
2160,1,979,979,0
2157,1,946,946,0
2158,1,979,979,0
2159,1,970,970,0
4457,1,1007,1007,0
4458,1,931,931,0
4459,1,1058,1058,0
4460,1,1010,1010,0
4489,1,1070,1070,0
4490,1,1077,1077,0
4491,1,970,970,0
4492,1,1242,1242,0
4269,1,961,961,0
4270,1,1004,1004,0
4271,1,978,978,0
4272,1,975,975,0
4592,1,959,959,0
4589,1,939,939,0
4590,1,945,945,0
4591,1,956,956,0
4065,1,971,971,0
4066,1,972,972,0
4067,1,1134,1134,0
4068,1,974,974,0
4353,1,929,929,0
4345,1,1092,1092,0
4346,1,1022,1022,0
4347,1,1039,1039,0
4348,1,1009,1009,0
4817,1,1119,1119,0
4354,1,963,963,0
4355,1,954,954,0
4356,1,1085,1085,0
4617,1,1235,1235,0
4618,1,990,990,0
4619,1,1055,1055,0
4620,1,954,954,0
4704,1,1194,1194,0
4701,1,946,946,0
4702,1,974,974,0
4703,1,1270,1270,0
4818,1,975,975,0
4819,1,975,975,0
4820,1,1004,1004,0
5153,1,991,991,0
5154,1,1007,1007,0
5155,1,986,986,0
5156,1,996,996,0
5161,1,956,956,0
5162,1,943,943,0
5163,1,996,996,0
5164,1,1223,1223,0
5353,1,1006,1006,0
5354,1,1002,1002,0
5355,1,983,983,0
5356,1,965,965,0
85,1,968,968,0
86,1,1007,1007,0
87,1,1045,1045,0
88,1,936,936,0
97,1,946,946,0
98,1,1221,1221,0
99,1,929,929,0
100,1,982,982,0
4717,1,1090,1090,0
4718,1,1004,1004,0
4719,1,967,967,0
4720,1,1052,1052,0
2921,1,955,955,0
2922,1,967,967,0
2923,1,1018,1018,0
2924,1,1119,1119,0
2945,1,1150,1150,0
2946,1,952,952,0
2947,1,1205,1205,0
2948,1,989,989,0
4289,1,1030,1030,0
4290,1,1046,1046,0
4291,1,1188,1188,0
4292,1,968,968,0
4360,1,1109,1109,0
4389,1,1000,1000,0
4390,1,924,924,0
4391,1,999,999,0
4392,1,1108,1108,0
5024,1,955,955,0
5021,1,994,994,0
5022,1,1011,1011,0
5023,1,942,942,0
5197,1,924,924,0
5200,1,1067,1067,0
5198,1,962,962,0
5199,1,1170,1170,0
1269,1,984,984,0
1270,1,960,960,0
1271,1,975,975,0
1272,1,1015,1015,0
3041,1,966,966,0
3042,1,953,953,0
3043,1,981,981,0
3044,1,1354,1354,0
3061,1,966,966,0
3064,1,1068,1068,0
3062,1,1022,1022,0
3063,1,1052,1052,0
4293,1,951,951,0
4294,1,1023,1023,0
4295,1,1067,1067,0
4296,1,998,998,0
1837,1,1042,1042,0
1838,1,1147,1147,0
1839,1,1052,1052,0
1840,1,973,973,0
1841,1,1236,1236,0
1842,1,1111,1111,0
1843,1,1030,1030,0
1844,1,977,977,0
1845,1,930,930,0
1848,1,1007,1007,0
1846,1,993,993,0
1847,1,1147,1147,0
2949,1,925,925,0
2950,1,1027,1027,0
2951,1,1236,1236,0
2952,1,1161,1161,0
2969,1,1131,1131,0
2970,1,1014,1014,0
2971,1,991,991,0
2972,1,1068,1068,0
89,1,968,968,0
90,1,1211,1211,0
91,1,945,945,0
92,1,1035,1035,0
825,1,1007,1007,0
826,1,943,943,0
827,1,1128,1128,0
828,1,997,997,0
3969,1,1020,1020,0
3970,1,1056,1056,0
3971,1,908,908,0
3972,1,1233,1233,0
1685,1,946,946,0
1686,1,1104,1104,0
1687,1,923,923,0
1688,1,986,986,0
1816,1,956,956,0
1754,1,1043,1043,0
1755,1,988,988,0
1756,1,1037,1037,0
1817,1,1088,1088,0
1818,1,1040,1040,0
1773,1,943,943,0
1774,1,970,970,0
1775,1,951,951,0
1781,1,1009,1009,0
1784,1,999,999,0
1804,1,1028,1028,0
1825,1,1049,1049,0
1826,1,949,949,0
1827,1,1011,1011,0
1828,1,978,978,0
1809,1,979,979,0
1810,1,1015,1015,0
1811,1,963,963,0
1812,1,943,943,0
1849,1,1078,1078,0
1861,1,931,931,0
1862,1,948,948,0
1863,1,927,927,0
1864,1,1118,1118,0
2049,1,1089,1089,0
2117,1,1020,1020,0
2118,1,1006,1006,0
2119,1,1040,1040,0
2120,1,943,943,0
2121,1,967,967,0
2145,1,916,916,0
2146,1,1014,1014,0
2147,1,968,968,0
2148,1,1013,1013,0
2152,1,970,970,0
2164,1,992,992,0
2169,1,1010,1010,0
2170,1,983,983,0
2171,1,968,968,0
2172,1,1017,1017,0
2166,1,986,986,0
2167,1,1138,1138,0
1713,1,1085,1085,0
1714,1,1022,1022,0
1715,1,992,992,0
1716,1,933,933,0
1753,1,967,967,0
1729,1,1059,1059,0
1730,1,1107,1107,0
1731,1,981,981,0
1732,1,1147,1147,0
1776,1,964,964,0
1791,1,1036,1036,0
1797,1,1096,1096,0
1798,1,964,964,0
1799,1,948,948,0
1800,1,1025,1025,0
1854,1,974,974,0
1855,1,1076,1076,0
1857,1,1009,1009,0
1858,1,1084,1084,0
1859,1,1023,1023,0
1860,1,1011,1011,0
1865,1,970,970,0
1866,1,1237,1237,0
1867,1,1067,1067,0
1868,1,934,934,0
2108,1,934,934,0
2129,1,1075,1075,0
2130,1,1003,1003,0
2131,1,1008,1008,0
2132,1,1119,1119,0
2173,1,1067,1067,0
2174,1,1052,1052,0
2175,1,1162,1162,0
2176,1,1016,1016,0
2177,1,941,941,0
1761,1,943,943,0
1762,1,1000,1000,0
1763,1,1185,1185,0
1764,1,966,966,0
1824,1,957,957,0
1813,1,933,933,0
1814,1,1081,1081,0
1815,1,1014,1014,0
2133,1,1425,1425,0
2136,1,1010,1010,0
1850,1,932,932,0
1851,1,1230,1230,0
1852,1,945,945,0
1853,1,1143,1143,0
1856,1,1001,1001,0
2043,1,1068,1068,0
2044,1,1058,1058,0
2053,1,979,979,0
2054,1,985,985,0
2056,1,1044,1044,0
2062,1,969,969,0
2063,1,1245,1245,0
2105,1,1380,1380,0
2106,1,1053,1053,0
2107,1,1026,1026,0
2122,1,969,969,0
2123,1,1033,1033,0
2124,1,996,996,0
2137,1,1122,1122,0
2138,1,1021,1021,0
2139,1,1114,1114,0
2140,1,1008,1008,0
2161,1,1013,1013,0
2162,1,991,991,0
2163,1,1000,1000,0
4533,1,1061,1061,0
4534,1,1025,1025,0
4535,1,1000,1000,0
4536,1,976,976,0
4560,1,1040,1040,0
4557,1,997,997,0
4558,1,958,958,0
4559,1,1046,1046,0
1689,1,1014,1014,0
1690,1,1120,1120,0
1691,1,1045,1045,0
1692,1,1170,1170,0
1696,1,975,975,0
1693,1,1028,1028,0
1694,1,1047,1047,0
1695,1,961,961,0
1705,1,993,993,0
1706,1,1074,1074,0
1707,1,1155,1155,0
1708,1,972,972,0
1709,1,1007,1007,0
1710,1,1009,1009,0
1712,1,1056,1056,0
1711,1,1050,1050,0
1721,1,941,941,0
1722,1,1038,1038,0
1723,1,1094,1094,0
1724,1,990,990,0
1725,1,940,940,0
1726,1,1026,1026,0
1727,1,924,924,0
1728,1,945,945,0
1744,1,1039,1039,0
1741,1,989,989,0
1742,1,1137,1137,0
1743,1,976,976,0
1765,1,977,977,0
1768,1,989,989,0
1766,1,1035,1035,0
1767,1,1010,1010,0
1801,1,973,973,0
1802,1,960,960,0
1803,1,1145,1145,0
1782,1,1004,1004,0
1783,1,1208,1208,0
1789,1,1010,1010,0
1790,1,1065,1065,0
1792,1,971,971,0
1819,1,917,917,0
1820,1,959,959,0
1821,1,1066,1066,0
1822,1,1011,1011,0
1823,1,993,993,0
1869,1,983,983,0
1870,1,1279,1279,0
1871,1,972,972,0
1872,1,997,997,0
2040,1,996,996,0
2037,1,989,989,0
2038,1,1084,1084,0
2039,1,972,972,0
2041,1,974,974,0
2042,1,1006,1006,0
2050,1,1035,1035,0
2051,1,999,999,0
2052,1,965,965,0
2061,1,951,951,0
2064,1,1000,1000,0
2055,1,1028,1028,0
2057,1,1061,1061,0
2058,1,1135,1135,0
2059,1,1155,1155,0
2060,1,1235,1235,0
2134,1,1128,1128,0
2135,1,1046,1046,0
2149,1,1000,1000,0
2150,1,930,930,0
2151,1,1195,1195,0
2165,1,1066,1066,0
2168,1,984,984,0
2178,1,991,991,0
2179,1,952,952,0
2180,1,1029,1029,0
3674,1,917,917,0
3675,1,1445,1445,0
3676,1,1001,1001,0
3693,1,938,938,0
3694,1,993,993,0
3695,1,1038,1038,0
3696,1,975,975,0
3809,1,951,951,0
3810,1,976,976,0
3811,1,969,969,0
3812,1,996,996,0
3922,1,966,966,0
3923,1,1097,1097,0
3924,1,1011,1011,0
3705,1,1005,1005,0
3706,1,956,956,0
3707,1,961,961,0
3708,1,1120,1120,0
3921,1,1037,1037,0
805,1,982,982,0
806,1,1034,1034,0
807,1,1174,1174,0
808,1,996,996,0
3761,1,963,963,0
3762,1,1012,1012,0
3763,1,1109,1109,0
3764,1,1120,1120,0
3781,1,1089,1089,0
3784,1,1165,1165,0
3782,1,1148,1148,0
3783,1,1029,1029,0
2201,1,1040,1040,0
2202,1,970,970,0
2203,1,1051,1051,0
2204,1,1025,1025,0
2208,1,1028,1028,0
2205,1,978,978,0
2206,1,1050,1050,0
2207,1,961,961,0
2213,1,969,969,0
2216,1,1010,1010,0
2214,1,922,922,0
2215,1,1267,1267,0
2221,1,982,982,0
2222,1,948,948,0
2224,1,1008,1008,0
2223,1,1006,1006,0
2229,1,1026,1026,0
2230,1,1006,1006,0
2231,1,941,941,0
2232,1,1079,1079,0
2233,1,1105,1105,0
2234,1,989,989,0
2235,1,1062,1062,0
2236,1,993,993,0
2937,1,952,952,0
2237,1,961,961,0
2238,1,966,966,0
2239,1,989,989,0
2240,1,986,986,0
2249,1,929,929,0
2250,1,984,984,0
2251,1,1039,1039,0
2252,1,950,950,0
2929,1,952,952,0
2930,1,1053,1053,0
2931,1,1026,1026,0
2932,1,950,950,0
2933,1,983,983,0
2934,1,1180,1180,0
2936,1,952,952,0
2938,1,1037,1037,0
2939,1,1025,1025,0
2940,1,1058,1058,0
2954,1,1110,1110,0
2955,1,1094,1094,0
2956,1,942,942,0
2974,1,1096,1096,0
2975,1,975,975,0
2209,1,975,975,0
2210,1,974,974,0
2211,1,1117,1117,0
2212,1,1010,1010,0
2217,1,974,974,0
2218,1,1338,1338,0
2219,1,1105,1105,0
2220,1,1052,1052,0
2225,1,982,982,0
2226,1,1003,1003,0
2227,1,951,951,0
2228,1,1089,1089,0
2241,1,1424,1424,0
2242,1,995,995,0
2243,1,1088,1088,0
2244,1,981,981,0
2245,1,1135,1135,0
2246,1,1060,1060,0
2247,1,1036,1036,0
2248,1,1047,1047,0
2253,1,1103,1103,0
2254,1,1015,1015,0
2255,1,1016,1016,0
2256,1,1037,1037,0
2953,1,981,981,0
2917,1,1031,1031,0
2918,1,1047,1047,0
2919,1,970,970,0
2920,1,1018,1018,0
2960,1,985,985,0
2935,1,969,969,0
2965,1,972,972,0
2966,1,971,971,0
2967,1,968,968,0
2968,1,1162,1162,0
2957,1,941,941,0
2958,1,1005,1005,0
2959,1,1001,1001,0
2973,1,1107,1107,0
2976,1,1218,1218,0
165,1,955,955,0
166,1,966,966,0
167,1,973,973,0
168,1,1015,1015,0
184,1,1010,1010,0
289,1,921,921,0
290,1,995,995,0
291,1,951,951,0
292,1,972,972,0
296,1,1003,1003,0
501,1,1050,1050,0
502,1,1029,1029,0
503,1,1006,1006,0
505,1,966,966,0
506,1,1001,1001,0
627,1,971,971,0
628,1,991,991,0
645,1,961,961,0
646,1,1030,1030,0
648,1,955,955,0
741,1,1020,1020,0
742,1,951,951,0
743,1,1019,1019,0
817,1,941,941,0
818,1,987,987,0
790,1,1010,1010,0
791,1,980,980,0
801,1,961,961,0
802,1,950,950,0
803,1,956,956,0
881,1,968,968,0
882,1,1042,1042,0
883,1,996,996,0
884,1,971,971,0
921,1,1010,1010,0
963,1,995,995,0
964,1,932,932,0
981,1,980,980,0
982,1,934,934,0
984,1,952,952,0
1101,1,958,958,0
1102,1,1054,1054,0
1103,1,997,997,0
1277,1,994,994,0
1280,1,939,939,0
1278,1,951,951,0
1279,1,1021,1021,0
1345,1,1031,1031,0
1346,1,956,956,0
1347,1,959,959,0
1348,1,967,967,0
1421,1,972,972,0
1422,1,996,996,0
1423,1,998,998,0
1424,1,974,974,0
150,1,1214,1214,0
151,1,1020,1020,0
153,1,1020,1020,0
154,1,1123,1123,0
155,1,1109,1109,0
391,1,979,979,0
397,1,962,962,0
398,1,995,995,0
399,1,976,976,0
400,1,1072,1072,0
637,1,962,962,0
638,1,1064,1064,0
639,1,958,958,0
640,1,1071,1071,0
641,1,981,981,0
642,1,998,998,0
643,1,1026,1026,0
644,1,1076,1076,0
649,1,987,987,0
650,1,985,985,0
651,1,1041,1041,0
652,1,1010,1010,0
653,1,961,961,0
654,1,1110,1110,0
656,1,1014,1014,0
655,1,1145,1145,0
661,1,913,913,0
662,1,994,994,0
663,1,1360,1360,0
664,1,935,935,0
796,1,979,979,0
797,1,1060,1060,0
798,1,1022,1022,0
799,1,997,997,0
800,1,1015,1015,0
809,1,991,991,0
810,1,1079,1079,0
811,1,1058,1058,0
812,1,1046,1046,0
824,1,1042,1042,0
903,1,1012,1012,0
909,1,1017,1017,0
910,1,1113,1113,0
911,1,1033,1033,0
912,1,1258,1258,0
913,1,998,998,0
914,1,1037,1037,0
915,1,1011,1011,0
916,1,991,991,0
920,1,965,965,0
917,1,1121,1121,0
918,1,989,989,0
919,1,980,980,0
929,1,952,952,0
930,1,958,958,0
931,1,1199,1199,0
932,1,1105,1105,0
933,1,972,972,0
934,1,1015,1015,0
936,1,1061,1061,0
1013,1,1017,1017,0
1014,1,1062,1062,0
1015,1,935,935,0
1016,1,941,941,0
1017,1,1050,1050,0
1341,1,978,978,0
1342,1,974,974,0
1343,1,1129,1129,0
1349,1,1076,1076,0
1352,1,1007,1007,0
1395,1,1033,1033,0
1396,1,1287,1287,0
1401,1,992,992,0
1402,1,957,957,0
1403,1,1331,1331,0
1450,1,979,979,0
1451,1,1029,1029,0
1452,1,992,992,0
1453,1,969,969,0
1456,1,976,976,0
1454,1,1057,1057,0
1455,1,951,951,0
1481,1,984,984,0
1482,1,1057,1057,0
1483,1,1039,1039,0
77,1,999,999,0
78,1,982,982,0
79,1,958,958,0
157,1,1009,1009,0
158,1,1034,1034,0
159,1,937,937,0
160,1,967,967,0
273,1,992,992,0
587,1,994,994,0
588,1,966,966,0
673,1,964,964,0
674,1,1032,1032,0
675,1,978,978,0
676,1,1001,1001,0
877,1,957,957,0
878,1,993,993,0
879,1,1022,1022,0
880,1,947,947,0
957,1,1037,1037,0
958,1,951,951,0
959,1,1033,1033,0
960,1,898,898,0
1001,1,1001,1001,0
1002,1,946,946,0
1003,1,1004,1004,0
1004,1,1017,1017,0
1005,1,912,912,0
1008,1,988,988,0
1043,1,1090,1090,0
1044,1,927,927,0
1339,1,982,982,0
1340,1,1080,1080,0
1397,1,1219,1219,0
1398,1,1012,1012,0
1399,1,1032,1032,0
1429,1,997,997,0
1430,1,981,981,0
1431,1,930,930,0
1432,1,968,968,0
1445,1,930,930,0
1446,1,1083,1083,0
1447,1,1204,1204,0
1476,1,993,993,0
1484,1,939,939,0
2345,1,967,967,0
2346,1,1017,1017,0
2347,1,995,995,0
2348,1,996,996,0
2363,1,969,969,0
2364,1,960,960,0
2365,1,979,979,0
2366,1,1003,1003,0
2367,1,936,936,0
2368,1,965,965,0
188,1,1176,1176,0
213,1,1019,1019,0
214,1,983,983,0
215,1,941,941,0
216,1,945,945,0
356,1,977,977,0
365,1,996,996,0
366,1,1017,1017,0
367,1,945,945,0
368,1,993,993,0
378,1,1057,1057,0
379,1,958,958,0
380,1,956,956,0
393,1,1051,1051,0
394,1,945,945,0
477,1,1020,1020,0
478,1,1142,1142,0
479,1,931,931,0
541,1,980,980,0
544,1,955,955,0
542,1,950,950,0
543,1,1002,1002,0
545,1,976,976,0
546,1,1146,1146,0
547,1,953,953,0
602,1,944,944,0
603,1,986,986,0
604,1,994,994,0
625,1,995,995,0
626,1,1199,1199,0
647,1,979,979,0
717,1,985,985,0
718,1,1035,1035,0
719,1,963,963,0
720,1,1010,1010,0
770,1,980,980,0
771,1,938,938,0
772,1,949,949,0
789,1,955,955,0
792,1,975,975,0
1006,1,1127,1127,0
1007,1,968,968,0
1109,1,957,957,0
1110,1,971,971,0
1112,1,1042,1042,0
1111,1,939,939,0
1329,1,980,980,0
1330,1,999,999,0
1331,1,985,985,0
1332,1,1005,1005,0
4013,1,1020,1020,0
4014,1,1085,1085,0
4015,1,1061,1061,0
4016,1,938,938,0
4041,1,985,985,0
4029,1,952,952,0
4030,1,1061,1061,0
4031,1,1016,1016,0
4089,1,1087,1087,0
4090,1,1022,1022,0
4051,1,1059,1059,0
4052,1,1230,1230,0
4057,1,1002,1002,0
4058,1,949,949,0
4059,1,1179,1179,0
4060,1,1014,1014,0
4101,1,1039,1039,0
4102,1,996,996,0
4103,1,1017,1017,0
4104,1,1068,1068,0
4061,1,959,959,0
4062,1,970,970,0
4063,1,1042,1042,0
4064,1,991,991,0
4080,1,1119,1119,0
4077,1,982,982,0
4078,1,1078,1078,0
4079,1,980,980,0
4081,1,975,975,0
4082,1,1017,1017,0
4083,1,1287,1287,0
4084,1,1050,1050,0
4117,1,995,995,0
4118,1,914,914,0
4120,1,1002,1002,0
4085,1,1232,1232,0
4086,1,1047,1047,0
4087,1,1021,1021,0
4088,1,981,981,0
4129,1,1019,1019,0
4095,1,975,975,0
4149,1,1095,1095,0
4150,1,1083,1083,0
4151,1,1005,1005,0
4152,1,951,951,0
4119,1,1008,1008,0
4162,1,968,968,0
4163,1,969,969,0
4164,1,963,963,0
4207,1,1019,1019,0
4209,1,960,960,0
4210,1,956,956,0
4211,1,931,931,0
4212,1,1083,1083,0
4213,1,980,980,0
4214,1,1041,1041,0
4215,1,986,986,0
4216,1,1158,1158,0
4241,1,996,996,0
4796,1,1085,1085,0
421,1,979,979,0
422,1,967,967,0
423,1,1031,1031,0
424,1,1058,1058,0
481,1,999,999,0
482,1,1110,1110,0
483,1,959,959,0
484,1,922,922,0
529,1,1007,1007,0
530,1,966,966,0
531,1,950,950,0
532,1,1010,1010,0
537,1,978,978,0
538,1,1023,1023,0
539,1,940,940,0
665,1,992,992,0
666,1,980,980,0
667,1,968,968,0
668,1,1001,1001,0
672,1,1031,1031,0
669,1,998,998,0
670,1,1071,1071,0
671,1,925,925,0
677,1,974,974,0
680,1,1054,1054,0
678,1,972,972,0
679,1,997,997,0
681,1,991,991,0
682,1,983,983,0
683,1,976,976,0
684,1,944,944,0
689,1,974,974,0
690,1,975,975,0
691,1,943,943,0
692,1,967,967,0
701,1,956,956,0
702,1,943,943,0
703,1,957,957,0
705,1,955,955,0
706,1,1131,1131,0
765,1,912,912,0
766,1,1079,1079,0
767,1,935,935,0
768,1,942,942,0
776,1,972,972,0
773,1,955,955,0
774,1,963,963,0
775,1,1002,1002,0
785,1,1015,1015,0
786,1,1047,1047,0
787,1,1104,1104,0
788,1,971,971,0
793,1,972,972,0
794,1,999,999,0
795,1,946,946,0
819,1,1013,1013,0
820,1,938,938,0
841,1,981,981,0
842,1,968,968,0
843,1,987,987,0
1094,1,1209,1209,0
1095,1,1074,1074,0
1097,1,1006,1006,0
1098,1,1389,1389,0
1107,1,1006,1006,0
1108,1,925,925,0
1473,1,944,944,0
1474,1,984,984,0
1475,1,1045,1045,0
1119,1,938,938,0
1125,1,943,943,0
1126,1,965,965,0
1127,1,1069,1069,0
1128,1,1010,1010,0
1258,1,909,909,0
1259,1,1024,1024,0
1260,1,962,962,0
1337,1,975,975,0
1338,1,1030,1030,0
1373,1,990,990,0
1374,1,986,986,0
1375,1,970,970,0
1376,1,974,974,0
1377,1,982,982,0
1460,1,1012,1012,0
1469,1,970,970,0
1470,1,1002,1002,0
1471,1,978,978,0
1472,1,1013,1013,0
29,1,1261,1261,0
30,1,990,990,0
31,1,1006,1006,0
32,1,977,977,0
144,1,1061,1061,0
61,1,1008,1008,0
62,1,1102,1102,0
63,1,1110,1110,0
64,1,983,983,0
80,1,1045,1045,0
105,1,1032,1032,0
106,1,1030,1030,0
107,1,1035,1035,0
108,1,1001,1001,0
1448,1,1227,1227,0
141,1,1025,1025,0
142,1,951,951,0
143,1,985,985,0
149,1,1125,1125,0
152,1,981,981,0
169,1,1004,1004,0
170,1,1083,1083,0
171,1,942,942,0
172,1,956,956,0
192,1,1071,1071,0
274,1,1157,1157,0
275,1,987,987,0
276,1,1011,1011,0
585,1,950,950,0
586,1,1040,1040,0
321,1,938,938,0
322,1,1039,1039,0
323,1,1001,1001,0
324,1,972,972,0
328,1,969,969,0
567,1,1077,1077,0
569,1,972,972,0
570,1,977,977,0
571,1,957,957,0
572,1,972,972,0
707,1,967,967,0
708,1,1112,1112,0
713,1,1115,1115,0
714,1,1039,1039,0
715,1,1038,1038,0
716,1,954,954,0
721,1,1041,1041,0
722,1,1079,1079,0
723,1,1257,1257,0
724,1,983,983,0
852,1,1061,1061,0
861,1,1006,1006,0
862,1,917,917,0
863,1,1110,1110,0
864,1,990,990,0
869,1,1028,1028,0
870,1,1245,1245,0
871,1,937,937,0
872,1,1045,1045,0
873,1,1121,1121,0
874,1,1053,1053,0
875,1,976,976,0
876,1,1142,1142,0
897,1,1017,1017,0
898,1,945,945,0
899,1,1011,1011,0
900,1,1052,1052,0
901,1,943,943,0
902,1,994,994,0
904,1,979,979,0
1317,1,1351,1351,0
1318,1,1009,1009,0
1319,1,962,962,0
1320,1,1102,1102,0
1344,1,1034,1034,0
1350,1,1152,1152,0
1351,1,1008,1008,0
1357,1,936,936,0
1358,1,1262,1262,0
1360,1,983,983,0
1359,1,986,986,0
1361,1,1003,1003,0
1362,1,1123,1123,0
1363,1,1005,1005,0
1364,1,1059,1059,0
1378,1,1060,1060,0
1379,1,1000,1000,0
1380,1,956,956,0
1393,1,1056,1056,0
1394,1,954,954,0
57,1,1021,1021,0
58,1,971,971,0
59,1,1110,1110,0
60,1,1306,1306,0
1449,1,1002,1002,0
443,1,1002,1002,0
444,1,988,988,0
445,1,1082,1082,0
446,1,978,978,0
448,1,1020,1020,0
447,1,997,997,0
453,1,1152,1152,0
454,1,960,960,0
455,1,1011,1011,0
456,1,923,923,0
457,1,1004,1004,0
458,1,1027,1027,0
459,1,1114,1114,0
460,1,1055,1055,0
465,1,1008,1008,0
466,1,1066,1066,0
467,1,983,983,0
468,1,1146,1146,0
469,1,1019,1019,0
472,1,1089,1089,0
470,1,1083,1083,0
471,1,982,982,0
473,1,958,958,0
474,1,1045,1045,0
475,1,989,989,0
476,1,958,958,0
489,1,1027,1027,0
490,1,1087,1087,0
491,1,1067,1067,0
492,1,1097,1097,0
497,1,1045,1045,0
498,1,998,998,0
499,1,963,963,0
500,1,1092,1092,0
504,1,965,965,0
507,1,1088,1088,0
508,1,936,936,0
509,1,951,951,0
510,1,1055,1055,0
512,1,1244,1244,0
511,1,982,982,0
513,1,1006,1006,0
514,1,990,990,0
515,1,1238,1238,0
516,1,966,966,0
525,1,1005,1005,0
526,1,944,944,0
527,1,1084,1084,0
528,1,986,986,0
536,1,953,953,0
533,1,957,957,0
534,1,995,995,0
535,1,1246,1246,0
549,1,1409,1409,0
552,1,950,950,0
550,1,983,983,0
551,1,1045,1045,0
565,1,978,978,0
566,1,1036,1036,0
568,1,1006,1006,0
577,1,1060,1060,0
578,1,1031,1031,0
579,1,968,968,0
580,1,1158,1158,0
608,1,979,979,0
605,1,1140,1140,0
606,1,1050,1050,0
607,1,971,971,0
609,1,1019,1019,0
610,1,991,991,0
611,1,1112,1112,0
612,1,1174,1174,0
617,1,989,989,0
618,1,975,975,0
619,1,1001,1001,0
620,1,1053,1053,0
621,1,1094,1094,0
622,1,1098,1098,0
623,1,1021,1021,0
624,1,1007,1007,0
156,1,958,958,0
161,1,957,957,0
162,1,1022,1022,0
163,1,1002,1002,0
164,1,1077,1077,0
189,1,1039,1039,0
190,1,1022,1022,0
191,1,1024,1024,0
193,1,1262,1262,0
194,1,921,921,0
195,1,994,994,0
196,1,1015,1015,0
205,1,945,945,0
206,1,959,959,0
208,1,966,966,0
241,1,1057,1057,0
242,1,999,999,0
243,1,1000,1000,0
244,1,989,989,0
248,1,1151,1151,0
245,1,1287,1287,0
246,1,1002,1002,0
247,1,1006,1006,0
249,1,1014,1014,0
250,1,1022,1022,0
251,1,972,972,0
252,1,1344,1344,0
257,1,1207,1207,0
258,1,1157,1157,0
259,1,1077,1077,0
260,1,981,981,0
261,1,1058,1058,0
262,1,1068,1068,0
263,1,995,995,0
264,1,948,948,0
269,1,1153,1153,0
270,1,1008,1008,0
271,1,977,977,0
272,1,1011,1011,0
281,1,1046,1046,0
282,1,1007,1007,0
283,1,1035,1035,0
284,1,986,986,0
301,1,1153,1153,0
304,1,1012,1012,0
302,1,946,946,0
303,1,976,976,0
313,1,1015,1015,0
314,1,956,956,0
315,1,1125,1125,0
316,1,1028,1028,0
317,1,1287,1287,0
318,1,1388,1388,0
319,1,961,961,0
320,1,942,942,0
325,1,1131,1131,0
326,1,984,984,0
327,1,1188,1188,0
329,1,965,965,0
330,1,973,973,0
331,1,1062,1062,0
332,1,1134,1134,0
333,1,1031,1031,0
334,1,1086,1086,0
336,1,1029,1029,0
335,1,1084,1084,0
337,1,1196,1196,0
338,1,1007,1007,0
339,1,1019,1019,0
340,1,1081,1081,0
349,1,972,972,0
350,1,1172,1172,0
351,1,955,955,0
352,1,996,996,0
361,1,1408,1408,0
362,1,1117,1117,0
363,1,932,932,0
364,1,989,989,0
381,1,998,998,0
384,1,1183,1183,0
382,1,1017,1017,0
383,1,1245,1245,0
389,1,997,997,0
390,1,988,988,0
392,1,1026,1026,0
401,1,1094,1094,0
402,1,980,980,0
403,1,967,967,0
404,1,966,966,0
408,1,997,997,0
405,1,1064,1064,0
406,1,1080,1080,0
407,1,1089,1089,0
417,1,1227,1227,0
418,1,948,948,0
419,1,1076,1076,0
420,1,963,963,0
425,1,1012,1012,0
426,1,1032,1032,0
427,1,1019,1019,0
428,1,977,977,0
429,1,993,993,0
430,1,1111,1111,0
431,1,977,977,0
432,1,955,955,0
433,1,1021,1021,0
434,1,1030,1030,0
435,1,1063,1063,0
436,1,1045,1045,0
440,1,1162,1162,0
437,1,1013,1013,0
438,1,1011,1011,0
439,1,1148,1148,0
441,1,1201,1201,0
442,1,1006,1006,0
693,1,1020,1020,0
694,1,962,962,0
695,1,1201,1201,0
696,1,954,954,0
704,1,1055,1055,0
821,1,1077,1077,0
822,1,1028,1028,0
823,1,1013,1013,0
845,1,1065,1065,0
848,1,1260,1260,0
846,1,1150,1150,0
847,1,946,946,0
849,1,965,965,0
850,1,1025,1025,0
851,1,1005,1005,0
935,1,972,972,0
945,1,1086,1086,0
946,1,991,991,0
947,1,1040,1040,0
948,1,1101,1101,0
953,1,1022,1022,0
954,1,1193,1193,0
955,1,966,966,0
956,1,1174,1174,0
976,1,995,995,0
973,1,971,971,0
974,1,1216,1216,0
975,1,1059,1059,0
977,1,1008,1008,0
978,1,1066,1066,0
979,1,989,989,0
980,1,1058,1058,0
985,1,1066,1066,0
986,1,1062,1062,0
987,1,1008,1008,0
988,1,1081,1081,0
989,1,1015,1015,0
990,1,1001,1001,0
991,1,1034,1034,0
992,1,993,993,0
1018,1,981,981,0
1019,1,1261,1261,0
1020,1,1007,1007,0
1041,1,981,981,0
1042,1,987,987,0
629,1,1113,1113,0
630,1,963,963,0
631,1,1053,1053,0
632,1,989,989,0
633,1,971,971,0
634,1,1159,1159,0
635,1,943,943,0
636,1,942,942,0
2349,1,1050,1050,0
2352,1,1022,1022,0
1404,1,1017,1017,0
1425,1,966,966,0
1426,1,1112,1112,0
1427,1,986,986,0
1428,1,1182,1182,0
2350,1,1023,1023,0
2351,1,1095,1095,0
2353,1,1062,1062,0
2354,1,1016,1016,0
2355,1,1034,1034,0
2356,1,1054,1054,0
2357,1,1166,1166,0
2358,1,964,964,0
2359,1,1108,1108,0
2360,1,1053,1053,0
1717,1,1018,1018,0
1718,1,1033,1033,0
1719,1,1018,1018,0
1720,1,953,953,0
1793,1,1013,1013,0
1794,1,1075,1075,0
1795,1,1128,1128,0
1796,1,1033,1033,0
2101,1,967,967,0
2102,1,968,968,0
2103,1,971,971,0
2104,1,959,959,0
2113,1,987,987,0
2114,1,1056,1056,0
2115,1,968,968,0
2116,1,979,979,0
1737,1,1127,1127,0
1738,1,1011,1011,0
1739,1,1005,1005,0
1740,1,985,985,0
2081,1,987,987,0
2082,1,1034,1034,0
2083,1,972,972,0
2084,1,1033,1033,0
2197,1,1187,1187,0
2198,1,1106,1106,0
2199,1,1102,1102,0
2200,1,1103,1103,0
2537,1,1147,1147,0
2538,1,1297,1297,0
2539,1,995,995,0
2540,1,959,959,0
2637,1,1022,1022,0
2640,1,1188,1188,0
2638,1,980,980,0
2639,1,988,988,0
2705,1,989,989,0
2706,1,992,992,0
2707,1,987,987,0
2701,1,971,971,0
2702,1,951,951,0
2703,1,939,939,0
2704,1,1000,1000,0
2801,1,981,981,0
2708,1,1116,1116,0
2781,1,938,938,0
2782,1,965,965,0
2783,1,1109,1109,0
2784,1,1015,1015,0
2789,1,989,989,0
2790,1,1005,1005,0
2791,1,995,995,0
2792,1,1067,1067,0
2793,1,977,977,0
2794,1,1013,1013,0
2795,1,1065,1065,0
2796,1,957,957,0
2797,1,1065,1065,0
2800,1,949,949,0
2798,1,1159,1159,0
2799,1,1123,1123,0
2821,1,979,979,0
2822,1,1141,1141,0
2824,1,934,934,0
2802,1,980,980,0
2803,1,1026,1026,0
2804,1,974,974,0
2809,1,985,985,0
2810,1,921,921,0
2811,1,979,979,0
2812,1,1249,1249,0
2823,1,972,972,0
3005,1,902,902,0
3006,1,1043,1043,0
3007,1,977,977,0
3008,1,1102,1102,0
3593,1,947,947,0
3594,1,1014,1014,0
3595,1,1022,1022,0
3596,1,969,969,0
3597,1,1085,1085,0
3600,1,1293,1293,0
3598,1,1113,1113,0
3599,1,1045,1045,0
4409,1,1014,1014,0
4410,1,981,981,0
4411,1,982,982,0
4412,1,958,958,0
3751,1,951,951,0
2029,1,932,932,0
2030,1,1074,1074,0
2031,1,1025,1025,0
2032,1,938,938,0
2088,1,1175,1175,0
2085,1,1073,1073,0
2086,1,979,979,0
2087,1,1006,1006,0
1305,1,997,997,0
1306,1,986,986,0
1307,1,975,975,0
1308,1,1036,1036,0
3072,1,1128,1128,0
1417,1,1063,1063,0
1418,1,1015,1015,0
1419,1,1016,1016,0
1420,1,1009,1009,0
2048,1,1364,1364,0
2045,1,1121,1121,0
2046,1,1053,1053,0
2047,1,1150,1150,0
2077,1,960,960,0
2078,1,947,947,0
2079,1,969,969,0
2080,1,981,981,0
2288,1,943,943,0
2285,1,1053,1053,0
2286,1,1140,1140,0
2287,1,1013,1013,0
2373,1,1101,1101,0
2376,1,975,975,0
2374,1,1063,1063,0
2375,1,957,957,0
2513,1,1017,1017,0
2514,1,1066,1066,0
2515,1,963,963,0
2516,1,943,943,0
2633,1,992,992,0
2634,1,1102,1102,0
2635,1,1115,1115,0
2636,1,968,968,0
2577,1,1055,1055,0
2578,1,982,982,0
2579,1,1396,1396,0
2580,1,979,979,0
2680,1,1421,1421,0
2677,1,1014,1014,0
2678,1,1235,1235,0
2679,1,970,970,0
3069,1,988,988,0
3070,1,1123,1123,0
3071,1,1101,1101,0
3789,1,1039,1039,0
3792,1,1001,1001,0
3790,1,1218,1218,0
3791,1,959,959,0
3829,1,980,980,0
3830,1,1006,1006,0
3832,1,966,966,0
3831,1,967,967,0
3857,1,1326,1326,0
3858,1,1109,1109,0
3859,1,1040,1040,0
3860,1,1073,1073,0
1501,1,1052,1052,0
1502,1,987,987,0
1503,1,1005,1005,0
2324,1,995,995,0
2529,1,948,948,0
2530,1,1141,1141,0
2531,1,980,980,0
2532,1,931,931,0
2696,1,1049,1049,0
2605,1,986,986,0
2606,1,990,990,0
2607,1,1084,1084,0
2608,1,952,952,0
2616,1,1073,1073,0
2613,1,942,942,0
2614,1,948,948,0
2615,1,990,990,0
2617,1,995,995,0
2618,1,1020,1020,0
2631,1,1041,1041,0
3009,1,993,993,0
3010,1,968,968,0
3011,1,1005,1005,0
3012,1,1024,1024,0
2653,1,984,984,0
2654,1,964,964,0
2655,1,987,987,0
2656,1,904,904,0
2664,1,951,951,0
2683,1,1094,1094,0
2684,1,1181,1181,0
2692,1,1118,1118,0
2693,1,973,973,0
2694,1,989,989,0
2695,1,988,988,0
2981,1,1013,1013,0
2984,1,994,994,0
2982,1,935,935,0
2983,1,1002,1002,0
3029,1,1038,1038,0
3030,1,1050,1050,0
3031,1,1017,1017,0
3139,1,996,996,0
3140,1,978,978,0
3227,1,965,965,0
3228,1,964,964,0
81,1,1131,1131,0
82,1,1009,1009,0
83,1,1002,1002,0
84,1,941,941,0
1504,1,965,965,0
2069,1,1196,1196,0
2070,1,926,926,0
2071,1,1071,1071,0
2072,1,1163,1163,0
2521,1,966,966,0
2097,1,1021,1021,0
2098,1,995,995,0
2099,1,1114,1114,0
2100,1,1111,1111,0
2185,1,1039,1039,0
2109,1,1026,1026,0
2110,1,1249,1249,0
2111,1,964,964,0
2112,1,972,972,0
2184,1,1093,1093,0
2153,1,953,953,0
2154,1,975,975,0
2155,1,995,995,0
2156,1,1106,1106,0
2552,1,1051,1051,0
2181,1,1010,1010,0
2182,1,965,965,0
2183,1,971,971,0
2317,1,939,939,0
2320,1,1024,1024,0
2186,1,970,970,0
2187,1,992,992,0
2188,1,1155,1155,0
2621,1,1068,1068,0
2624,1,1027,1027,0
2189,1,997,997,0
2190,1,1006,1006,0
2191,1,1178,1178,0
2192,1,979,979,0
2193,1,963,963,0
2194,1,1225,1225,0
2195,1,978,978,0
2196,1,973,973,0
2505,1,980,980,0
2506,1,1097,1097,0
2318,1,1183,1183,0
2319,1,1018,1018,0
2321,1,1030,1030,0
2322,1,977,977,0
2323,1,1025,1025,0
2507,1,992,992,0
2508,1,999,999,0
2509,1,1069,1069,0
2510,1,1006,1006,0
2512,1,1267,1267,0
2511,1,1007,1007,0
2517,1,991,991,0
2518,1,1098,1098,0
2519,1,981,981,0
2520,1,976,976,0
2522,1,972,972,0
2523,1,964,964,0
2524,1,1088,1088,0
2581,1,1332,1332,0
2584,1,981,981,0
2541,1,984,984,0
2542,1,953,953,0
2543,1,939,939,0
2544,1,962,962,0
2545,1,961,961,0
2546,1,962,962,0
2547,1,1044,1044,0
2548,1,961,961,0
2553,1,1027,1027,0
2554,1,986,986,0
2549,1,1058,1058,0
2550,1,964,964,0
2551,1,1025,1025,0
2941,1,1080,1080,0
2944,1,1049,1049,0
2555,1,940,940,0
2556,1,1209,1209,0
2593,1,1003,1003,0
2594,1,1047,1047,0
2595,1,1127,1127,0
2557,1,1038,1038,0
2558,1,1017,1017,0
2559,1,968,968,0
2560,1,1081,1081,0
2561,1,1038,1038,0
2562,1,1181,1181,0
2563,1,993,993,0
2564,1,1030,1030,0
2565,1,1024,1024,0
2568,1,965,965,0
2566,1,1026,1026,0
2567,1,964,964,0
2569,1,989,989,0
2570,1,1162,1162,0
2571,1,993,993,0
2572,1,932,932,0
2641,1,1035,1035,0
2642,1,1026,1026,0
2643,1,1069,1069,0
2644,1,981,981,0
2582,1,995,995,0
2583,1,1017,1017,0
2629,1,995,995,0
2630,1,986,986,0
2632,1,1059,1059,0
2596,1,923,923,0
2597,1,1042,1042,0
2598,1,928,928,0
2599,1,1025,1025,0
2600,1,943,943,0
2619,1,1021,1021,0
2620,1,944,944,0
2645,1,955,955,0
2646,1,995,995,0
2648,1,1005,1005,0
2622,1,942,942,0
2623,1,980,980,0
2689,1,1048,1048,0
2690,1,1034,1034,0
2691,1,1179,1179,0
2647,1,1141,1141,0
2649,1,966,966,0
2650,1,1078,1078,0
2651,1,962,962,0
2652,1,1123,1123,0
2661,1,1096,1096,0
2662,1,1245,1245,0
2663,1,1037,1037,0
2681,1,1009,1009,0
2682,1,931,931,0
2665,1,959,959,0
2666,1,982,982,0
2667,1,931,931,0
2668,1,1046,1046,0
3057,1,1089,1089,0
2942,1,954,954,0
2943,1,997,997,0
2993,1,957,957,0
2994,1,1124,1124,0
2995,1,981,981,0
2996,1,954,954,0
3001,1,1047,1047,0
3002,1,1313,1313,0
3003,1,988,988,0
3004,1,981,981,0
3013,1,980,980,0
3014,1,1091,1091,0
3015,1,1048,1048,0
3016,1,1003,1003,0
3049,1,1015,1015,0
3017,1,1090,1090,0
3018,1,920,920,0
3019,1,1041,1041,0
3020,1,1051,1051,0
3032,1,1039,1039,0
3050,1,947,947,0
3051,1,937,937,0
3052,1,975,975,0
3225,1,1046,1046,0
3226,1,1145,1145,0
3058,1,974,974,0
3059,1,1005,1005,0
3060,1,1300,1300,0
3137,1,979,979,0
3138,1,1038,1038,0
2805,1,1002,1002,0
2806,1,1080,1080,0
2807,1,973,973,0
2808,1,955,955,0
1053,1,984,984,0
1054,1,968,968,0
1055,1,1056,1056,0
1056,1,949,949,0
3056,1,1046,1046,0
3053,1,1191,1191,0
3054,1,981,981,0
3055,1,1033,1033,0
117,1,986,986,0
118,1,1056,1056,0
119,1,1118,1118,0
120,1,975,975,0
968,1,964,964,0
965,1,935,935,0
966,1,1113,1113,0
967,1,963,963,0
133,1,1032,1032,0
134,1,1016,1016,0
135,1,1150,1150,0
136,1,949,949,0
581,1,964,964,0
582,1,1008,1008,0
583,1,1000,1000,0
593,1,1049,1049,0
594,1,965,965,0
1493,1,982,982,0
1494,1,1015,1015,0
1495,1,1023,1023,0
1665,1,943,943,0
1666,1,953,953,0
1676,1,1238,1238,0
1677,1,1045,1045,0
1678,1,990,990,0
1679,1,996,996,0
1680,1,943,943,0
2657,1,937,937,0
2658,1,1022,1022,0
2659,1,1039,1039,0
2660,1,981,981,0
2728,1,980,980,0
3619,1,982,982,0
3620,1,1023,1023,0
3621,1,1013,1013,0
3622,1,966,966,0
3624,1,1316,1316,0
3770,1,1106,1106,0
3771,1,1023,1023,0
3772,1,1131,1131,0
3785,1,974,974,0
3786,1,1021,1021,0
3796,1,1035,1035,0
3853,1,962,962,0
3854,1,933,933,0
3855,1,952,952,0
3856,1,977,977,0
3821,1,975,975,0
3822,1,1010,1010,0
3823,1,1078,1078,0
3881,1,965,965,0
3882,1,1107,1107,0
3852,1,1026,1026,0
3865,1,970,970,0
3866,1,924,924,0
3867,1,992,992,0
3868,1,976,976,0
3916,1,988,988,0
3941,1,1036,1036,0
3942,1,1004,1004,0
3943,1,1119,1119,0
3944,1,960,960,0
3961,1,1030,1030,0
3962,1,1056,1056,0
3963,1,955,955,0
3964,1,976,976,0
5,1,977,977,0
6,1,934,934,0
7,1,1088,1088,0
8,1,1005,1005,0
17,1,1054,1054,0
18,1,966,966,0
19,1,999,999,0
20,1,1156,1156,0
21,1,962,962,0
24,1,975,975,0
22,1,1029,1029,0
23,1,946,946,0
3749,1,1230,1230,0
3750,1,961,961,0
3752,1,1046,1046,0
253,1,959,959,0
254,1,1128,1128,0
255,1,1000,1000,0
256,1,1041,1041,0
760,1,1038,1038,0
757,1,938,938,0
758,1,1017,1017,0
759,1,988,988,0
33,1,996,996,0
34,1,1190,1190,0
35,1,1004,1004,0
36,1,980,980,0
1089,1,949,949,0
37,1,996,996,0
38,1,933,933,0
39,1,1030,1030,0
129,1,1141,1141,0
130,1,1017,1017,0
297,1,982,982,0
298,1,969,969,0
299,1,945,945,0
300,1,1037,1037,0
360,1,1021,1021,0
970,1,1063,1063,0
971,1,942,942,0
972,1,1041,1041,0
1433,1,969,969,0
1434,1,1079,1079,0
1214,1,1096,1096,0
1215,1,1000,1000,0
1385,1,969,969,0
1386,1,992,992,0
1387,1,945,945,0
1477,1,941,941,0
1478,1,961,961,0
1479,1,952,952,0
1480,1,996,996,0
1496,1,1001,1001,0
1583,1,958,958,0
1749,1,1110,1110,0
1750,1,957,957,0
1751,1,987,987,0
1752,1,953,953,0
1667,1,941,941,0
1668,1,1029,1029,0
1673,1,984,984,0
1674,1,946,946,0
1675,1,1293,1293,0
2407,1,1114,1114,0
2625,1,1046,1046,0
2626,1,968,968,0
2627,1,975,975,0
2628,1,962,962,0
2457,1,943,943,0
2458,1,1011,1011,0
2459,1,931,931,0
2460,1,948,948,0
2488,1,928,928,0
2485,1,984,984,0
2486,1,1404,1404,0
2487,1,1146,1146,0
2533,1,992,992,0
2536,1,974,974,0
2534,1,1071,1071,0
2535,1,996,996,0
2589,1,957,957,0
2590,1,946,946,0
2592,1,994,994,0
2838,1,1018,1018,0
2839,1,969,969,0
3153,1,992,992,0
3154,1,1035,1035,0
3155,1,1047,1047,0
3445,1,994,994,0
3446,1,957,957,0
3447,1,1004,1004,0
3448,1,1081,1081,0
3640,1,1023,1023,0
3605,1,947,947,0
3606,1,1075,1075,0
3607,1,1047,1047,0
3617,1,957,957,0
3618,1,980,980,0
3653,1,1008,1008,0
3654,1,994,994,0
3655,1,948,948,0
3656,1,1187,1187,0
3824,1,958,958,0
3737,1,968,968,0
3738,1,954,954,0
3739,1,1130,1130,0
3740,1,1092,1092,0
3769,1,1009,1009,0
3779,1,1023,1023,0
3780,1,995,995,0
3849,1,938,938,0
3850,1,988,988,0
3851,1,952,952,0
1138,1,948,948,0
1139,1,1075,1075,0
1140,1,953,953,0
1141,1,996,996,0
1144,1,979,979,0
1142,1,969,969,0
1143,1,1062,1062,0
1149,1,964,964,0
1150,1,979,979,0
1152,1,982,982,0
1179,1,1050,1050,0
1180,1,968,968,0
1181,1,1003,1003,0
1182,1,1019,1019,0
1184,1,984,984,0
1986,1,1017,1017,0
1987,1,1071,1071,0
1988,1,1010,1010,0
2525,1,1010,1010,0
2526,1,951,951,0
2527,1,982,982,0
2884,1,999,999,0
2902,1,916,916,0
2903,1,991,991,0
3026,1,1013,1013,0
3027,1,1042,1042,0
3028,1,1051,1051,0
3290,1,1012,1012,0
3291,1,996,996,0
3292,1,996,996,0
3511,1,955,955,0
3634,1,906,906,0
3635,1,1016,1016,0
3636,1,1030,1030,0
3767,1,988,988,0
3846,1,998,998,0
3847,1,1020,1020,0
3893,1,1014,1014,0
3894,1,1021,1021,0
3895,1,983,983,0
3949,1,968,968,0
3950,1,984,984,0
3951,1,999,999,0
3977,1,1009,1009,0
3978,1,978,978,0
3979,1,973,973,0
3980,1,919,919,0
3999,1,1008,1008,0
857,1,946,946,0
858,1,922,922,0
859,1,1060,1060,0
860,1,948,948,0
889,1,953,953,0
1266,1,1018,1018,0
1267,1,981,981,0
1268,1,951,951,0
1281,1,1083,1083,0
1282,1,1026,1026,0
1297,1,1002,1002,0
1298,1,970,970,0
1299,1,968,968,0
1300,1,1036,1036,0
1985,1,997,997,0
1578,1,1000,1000,0
1579,1,1055,1055,0
1580,1,998,998,0
1585,1,1017,1017,0
1586,1,956,956,0
1703,1,940,940,0
1785,1,1005,1005,0
1786,1,936,936,0
1787,1,1017,1017,0
1788,1,963,963,0
1980,1,949,949,0
1981,1,973,973,0
1982,1,1058,1058,0
1983,1,987,987,0
1984,1,1002,1002,0
1998,1,1061,1061,0
1999,1,1038,1038,0
2001,1,994,994,0
2002,1,967,967,0
2003,1,963,963,0
2415,1,959,959,0
2429,1,990,990,0
2430,1,1014,1014,0
2431,1,999,999,0
2432,1,972,972,0
2466,1,906,906,0
2467,1,941,941,0
2468,1,1022,1022,0
2469,1,1012,1012,0
2472,1,915,915,0
2721,1,984,984,0
2722,1,929,929,0
2723,1,983,983,0
2724,1,921,921,0
2737,1,1015,1015,0
2913,1,1001,1001,0
2914,1,1093,1093,0
2915,1,1026,1026,0
2916,1,1186,1186,0
3093,1,987,987,0
3094,1,941,941,0
3095,1,1006,1006,0
3590,1,961,961,0
3591,1,1091,1091,0
1,1,1006,1006,0
2,1,939,939,0
3,1,994,994,0
4,1,963,963,0
344,1,1229,1229,0
25,1,959,959,0
26,1,1027,1027,0
27,1,995,995,0
28,1,1057,1057,0
40,1,950,950,0
385,1,973,973,0
386,1,983,983,0
387,1,954,954,0
388,1,1042,1042,0
969,1,996,996,0
890,1,1019,1019,0
891,1,982,982,0
892,1,1054,1054,0
905,1,976,976,0
906,1,932,932,0
907,1,926,926,0
908,1,985,985,0
993,1,1108,1108,0
994,1,952,952,0
995,1,960,960,0
996,1,974,974,0
1025,1,1041,1041,0
1026,1,997,997,0
1027,1,967,967,0
1028,1,970,970,0
1077,1,980,980,0
1078,1,1036,1036,0
1079,1,973,973,0
1080,1,930,930,0
1160,1,968,968,0
1514,1,1021,1021,0
1515,1,979,979,0
1516,1,992,992,0
1517,1,1141,1141,0
1520,1,1001,1001,0
1518,1,902,902,0
1519,1,961,961,0
1521,1,988,988,0
1522,1,937,937,0
1523,1,1134,1134,0
1543,1,1032,1032,0
1557,1,965,965,0
1558,1,993,993,0
1559,1,1056,1056,0
1560,1,985,985,0
1621,1,1041,1041,0
1622,1,1054,1054,0
1623,1,993,993,0
1625,1,1010,1010,0
1626,1,942,942,0
1657,1,953,953,0
1658,1,984,984,0
1659,1,959,959,0
1660,1,1142,1142,0
1664,1,928,928,0
1873,1,1102,1102,0
1874,1,978,978,0
1875,1,944,944,0
1876,1,1021,1021,0
1880,1,977,977,0
1877,1,994,994,0
1878,1,953,953,0
1879,1,962,962,0
1885,1,944,944,0
1888,1,985,985,0
1907,1,986,986,0
1908,1,955,955,0
1909,1,946,946,0
1910,1,990,990,0
1912,1,985,985,0
1917,1,982,982,0
1918,1,938,938,0
1919,1,1011,1011,0
1920,1,1031,1031,0
1921,1,963,963,0
1946,1,947,947,0
1947,1,953,953,0
1948,1,971,971,0
1949,1,1017,1017,0
1952,1,991,991,0
1965,1,982,982,0
1966,1,964,964,0
1967,1,941,941,0
1968,1,1049,1049,0
1969,1,1022,1022,0
2009,1,973,973,0
2010,1,1037,1037,0
2011,1,1185,1185,0
2012,1,1436,1436,0
2297,1,960,960,0
2298,1,966,966,0
2299,1,938,938,0
2300,1,1067,1067,0
2312,1,991,991,0
2341,1,1097,1097,0
2342,1,957,957,0
2343,1,972,972,0
2344,1,990,990,0
2369,1,1000,1000,0
2370,1,920,920,0
2371,1,999,999,0
2372,1,964,964,0
2409,1,1011,1011,0
2410,1,1003,1003,0
2433,1,961,961,0
2434,1,967,967,0
2435,1,945,945,0
2436,1,950,950,0
2441,1,932,932,0
2437,1,1050,1050,0
2438,1,951,951,0
2439,1,981,981,0
2713,1,989,989,0
2714,1,1059,1059,0
2499,1,976,976,0
2500,1,941,941,0
2585,1,1007,1007,0
2586,1,959,959,0
2587,1,985,985,0
2575,1,953,953,0
2609,1,952,952,0
2610,1,1009,1009,0
2611,1,1074,1074,0
2612,1,973,973,0
2748,1,969,969,0
2761,1,1011,1011,0
2762,1,919,919,0
2763,1,943,943,0
2764,1,1143,1143,0
2751,1,1013,1013,0
2769,1,996,996,0
2770,1,971,971,0
2771,1,993,993,0
2772,1,942,942,0
3156,1,1159,1159,0
3461,1,1039,1039,0
3462,1,981,981,0
3463,1,980,980,0
3464,1,931,931,0
3615,1,979,979,0
3641,1,953,953,0
3642,1,998,998,0
3643,1,940,940,0
3644,1,1019,1019,0
3629,1,1051,1051,0
3630,1,997,997,0
3631,1,979,979,0
3632,1,1004,1004,0
3633,1,1064,1064,0
3861,1,953,953,0
3862,1,1033,1033,0
3863,1,963,963,0
3864,1,914,914,0
3880,1,976,976,0
9,1,957,957,0
10,1,1169,1169,0
11,1,1399,1399,0
12,1,1015,1015,0
41,1,956,956,0
131,1,1085,1085,0
132,1,1034,1034,0
197,1,982,982,0
198,1,1032,1032,0
200,1,1024,1024,0
523,1,1034,1034,0
524,1,1047,1047,0
829,1,965,965,0
830,1,951,951,0
832,1,1050,1050,0
574,1,978,978,0
575,1,1016,1016,0
2265,1,1106,1106,0
2266,1,1109,1109,0
2267,1,1011,1011,0
1090,1,1056,1056,0
1091,1,1133,1133,0
1092,1,941,941,0
1365,1,1421,1421,0
1368,1,1055,1055,0
1382,1,1010,1010,0
1383,1,1070,1070,0
3765,1,993,993,0
3766,1,1101,1101,0
3768,1,995,995,0
1435,1,1289,1289,0
1436,1,1020,1020,0
1581,1,1012,1012,0
1582,1,982,982,0
1584,1,986,986,0
2268,1,1060,1060,0
3033,1,950,950,0
3034,1,1290,1290,0
3035,1,1150,1150,0
3036,1,1179,1179,0
2673,1,1004,1004,0
2674,1,944,944,0
2675,1,1030,1030,0
2676,1,1190,1190,0
2736,1,1104,1104,0
2786,1,1040,1040,0
2787,1,962,962,0
2788,1,1134,1134,0
2893,1,1017,1017,0
2896,1,957,957,0
3141,1,1121,1121,0
3142,1,976,976,0
3143,1,989,989,0
3144,1,1287,1287,0
3145,1,952,952,0
3426,1,1023,1023,0
3427,1,1023,1023,0
3428,1,1052,1052,0
3429,1,965,965,0
3432,1,1110,1110,0
3474,1,1018,1018,0
3475,1,1046,1046,0
3476,1,975,975,0
3481,1,951,951,0
3482,1,1095,1095,0
3483,1,958,958,0
3484,1,1122,1122,0
3489,1,973,973,0
3490,1,998,998,0
3491,1,977,977,0
3522,1,980,980,0
3523,1,1057,1057,0
3524,1,1060,1060,0
3529,1,1190,1190,0
3530,1,981,981,0
3542,1,1023,1023,0
3543,1,1175,1175,0
3545,1,980,980,0
3546,1,1017,1017,0
3547,1,954,954,0
3562,1,1042,1042,0
3563,1,1174,1174,0
3564,1,963,963,0
3565,1,1179,1179,0
3568,1,965,965,0
3566,1,969,969,0
3567,1,978,978,0
3573,1,1059,1059,0
3574,1,948,948,0
3576,1,1129,1129,0
3575,1,977,977,0
3577,1,931,931,0
3578,1,972,972,0
3579,1,1128,1128,0
3580,1,988,988,0
3581,1,1012,1012,0
3582,1,994,994,0
3583,1,1017,1017,0
3584,1,1038,1038,0
3585,1,1052,1052,0
3586,1,1054,1054,0
3587,1,1083,1083,0
3588,1,1018,1018,0
3589,1,1003,1003,0
3592,1,1085,1085,0
3601,1,1081,1081,0
3602,1,982,982,0
3603,1,1034,1034,0
3604,1,1139,1139,0
3608,1,1102,1102,0
3681,1,1136,1136,0
3682,1,1008,1008,0
3683,1,1010,1010,0
3684,1,1103,1103,0
3689,1,986,986,0
3734,1,1143,1143,0
3735,1,982,982,0
3757,1,987,987,0
3758,1,1169,1169,0
3760,1,962,962,0
3759,1,1054,1054,0
3897,1,994,994,0
3898,1,973,973,0
3899,1,1101,1101,0
3900,1,1071,1071,0
3838,1,1016,1016,0
3839,1,1098,1098,0
3917,1,965,965,0
3918,1,1192,1192,0
3920,1,1002,1002,0
3910,1,1011,1011,0
3911,1,967,967,0
3913,1,991,991,0
3914,1,1069,1069,0
3915,1,997,997,0
3927,1,961,961,0
3933,1,1071,1071,0
3934,1,1081,1081,0
3935,1,970,970,0
3936,1,1008,1008,0
2377,1,1016,1016,0
2378,1,956,956,0
2379,1,937,937,0
2380,1,982,982,0
113,1,1017,1017,0
114,1,948,948,0
115,1,949,949,0
116,1,1076,1076,0
1569,1,1068,1068,0
1570,1,998,998,0
1571,1,1082,1082,0
1572,1,990,990,0
3937,1,1178,1178,0
3938,1,977,977,0
3939,1,980,980,0
3940,1,975,975,0
