8307,1,1091,1091,0
8308,1,1067,1067,0
8427,1,1013,1013,0
8428,1,1062,1062,0
8593,1,1072,1072,0
8594,1,1041,1041,0
8645,1,1028,1028,0
8646,1,1062,1062,0
8761,1,1069,1069,0
8762,1,1081,1081,0
8821,1,1088,1088,0
8822,1,1147,1147,0
9059,1,1019,1019,0
9060,1,1045,1045,0
9147,1,1059,1059,0
9148,1,1008,1008,0
8691,1,1004,1004,0
8692,1,1042,1042,0
8897,1,1089,1089,0
8898,1,1046,1046,0
9305,1,1061,1061,0
9306,1,1063,1063,0
9373,1,1031,1031,0
9374,1,1047,1047,0
9375,1,1086,1086,0
9376,1,1005,1005,0
9377,1,1066,1066,0
9378,1,1079,1079,0
9411,1,1013,1013,0
9412,1,1085,1085,0
9415,1,1024,1024,0
9416,1,981,981,0
9417,1,1082,1082,0
9418,1,1038,1038,0
9439,1,1039,1039,0
9440,1,1016,1016,0
9443,1,1028,1028,0
9444,1,1115,1115,0
9457,1,1021,1021,0
9458,1,1116,1116,0
9517,1,1066,1066,0
9518,1,1049,1049,0
9563,1,1029,1029,0
9564,1,1059,1059,0
9591,1,1072,1072,0
9592,1,1025,1025,0
9767,1,1083,1083,0
9768,1,1085,1085,0
9771,1,983,983,0
9772,1,1008,1008,0
9785,1,1080,1080,0
9786,1,1032,1032,0
1547,1,1113,1113,0
1548,1,1074,1074,0
1627,1,1060,1060,0
1628,1,1063,1063,0
1707,1,1026,1026,0
1708,1,1039,1039,0
4987,1,1070,1070,0
4988,1,1125,1125,0
5583,1,1112,1112,0
5584,1,1069,1069,0
8113,1,1013,1013,0
8114,1,1025,1025,0
8605,1,1006,1006,0
8606,1,1017,1017,0
8607,1,1095,1095,0
8608,1,1026,1026,0
8641,1,1088,1088,0
8642,1,1043,1043,0
8657,1,1093,1093,0
8658,1,1053,1053,0
10891,1,1082,1082,0
10892,1,1047,1047,0
10923,1,1036,1036,0
10924,1,1021,1021,0
10939,1,1038,1038,0
10940,1,1078,1078,0
10945,1,1048,1048,0
10946,1,1070,1070,0
10951,1,1049,1049,0
10952,1,1003,1003,0
10979,1,1043,1043,0
10980,1,1026,1026,0
11007,1,1038,1038,0
11008,1,1061,1061,0
11029,1,1088,1088,0
11030,1,1068,1068,0
11033,1,1018,1018,0
11034,1,1093,1093,0
11039,1,1063,1063,0
11040,1,1116,1116,0
8629,1,1016,1016,0
8630,1,1107,1107,0
8651,1,1051,1051,0
8652,1,1076,1076,0
8667,1,1099,1099,0
8668,1,1036,1036,0
8671,1,1003,1003,0
8672,1,994,994,0
8683,1,1055,1055,0
8684,1,1038,1038,0
8689,1,1108,1108,0
8690,1,1027,1027,0
8719,1,1033,1033,0
8720,1,968,968,0
8743,1,1071,1071,0
8744,1,1017,1017,0
8807,1,1106,1106,0
8808,1,1110,1110,0
8905,1,996,996,0
8906,1,1032,1032,0
8911,1,1023,1023,0
8912,1,1061,1061,0
8969,1,1081,1081,0
8970,1,1074,1074,0
8981,1,1047,1047,0
8982,1,1074,1074,0
9069,1,1048,1048,0
9070,1,1013,1013,0
9151,1,1032,1032,0
9152,1,1081,1081,0
9159,1,994,994,0
9160,1,1002,1002,0
9229,1,1015,1015,0
9230,1,1052,1052,0
9247,1,1020,1020,0
9248,1,1073,1073,0
9261,1,1018,1018,0
9262,1,970,970,0
9269,1,1083,1083,0
9270,1,1026,1026,0
9273,1,1080,1080,0
9274,1,1009,1009,0
9291,1,1043,1043,0
9292,1,1066,1066,0
9301,1,1041,1041,0
9302,1,1037,1037,0
9341,1,1010,1010,0
9342,1,1097,1097,0
9371,1,1084,1084,0
9372,1,1036,1036,0
9381,1,1009,1009,0
9382,1,1065,1065,0
9407,1,972,972,0
9408,1,991,991,0
9421,1,1047,1047,0
9422,1,1044,1044,0
9441,1,1051,1051,0
9442,1,1057,1057,0
9459,1,1087,1087,0
9460,1,1071,1071,0
9673,1,1098,1098,0
9674,1,996,996,0
45,1,1011,1011,0
46,1,1068,1068,0
53,1,1047,1047,0
54,1,998,998,0
2593,1,1034,1034,0
2594,1,1070,1070,0
3127,1,1074,1074,0
3128,1,1109,1109,0
3403,1,1020,1020,0
3404,1,1038,1038,0
4167,1,1027,1027,0
4168,1,1068,1068,0
4761,1,1080,1080,0
4762,1,1130,1130,0
4889,1,1096,1096,0
4890,1,1112,1112,0
4937,1,1115,1115,0
4938,1,1026,1026,0
5055,1,1064,1064,0
5056,1,989,989,0
5435,1,1041,1041,0
5436,1,1045,1045,0
5599,1,1008,1008,0
5600,1,1030,1030,0
8231,1,1028,1028,0
8232,1,1064,1064,0
8375,1,1054,1054,0
8376,1,1098,1098,0
10217,1,1046,1046,0
10218,1,1080,1080,0
10315,1,1035,1035,0
10316,1,1047,1047,0
10503,1,1007,1007,0
10504,1,1110,1110,0
10643,1,1046,1046,0
10644,1,1098,1098,0
10711,1,1124,1124,0
10712,1,1072,1072,0
10815,1,1026,1026,0
10816,1,1096,1096,0
10957,1,1042,1042,0
10958,1,1123,1123,0
11073,1,1056,1056,0
11074,1,1000,1000,0
1521,1,1017,1017,0
1522,1,1007,1007,0
8227,1,1003,1003,0
8228,1,1039,1039,0
10477,1,1078,1078,0
10478,1,1015,1015,0
8553,1,1013,1013,0
8554,1,1082,1082,0
9507,1,1058,1058,0
9508,1,1036,1036,0
9519,1,1001,1001,0
9520,1,1071,1071,0
9557,1,1084,1084,0
9558,1,1055,1055,0
9629,1,1077,1077,0
9630,1,1129,1129,0
41,1,1085,1085,0
42,1,1026,1026,0
619,1,1060,1060,0
620,1,1000,1000,0
6151,1,1007,1007,0
6152,1,1094,1094,0
9993,1,1086,1086,0
9994,1,1074,1074,0
1361,1,1056,1056,0
1362,1,1112,1112,0
4061,1,1060,1060,0
4062,1,1044,1044,0
4079,1,1052,1052,0
4080,1,1014,1014,0
4081,1,1144,1144,0
4082,1,1089,1089,0
4147,1,1032,1032,0
4148,1,1049,1049,0
4283,1,1026,1026,0
4284,1,1077,1077,0
4299,1,1107,1107,0
4300,1,1032,1032,0
4525,1,1020,1020,0
4526,1,992,992,0
5385,1,1099,1099,0
5386,1,1089,1089,0
5461,1,1030,1030,0
5462,1,1116,1116,0
5475,1,1078,1078,0
5476,1,1091,1091,0
5481,1,982,982,0
5482,1,1073,1073,0
5487,1,1044,1044,0
5488,1,1076,1076,0
5499,1,1056,1056,0
5500,1,999,999,0
7135,1,1029,1029,0
7136,1,993,993,0
7691,1,1072,1072,0
7692,1,1059,1059,0
7843,1,1101,1101,0
7844,1,1012,1012,0
7917,1,1058,1058,0
7918,1,1039,1039,0
8069,1,1115,1115,0
8070,1,1012,1012,0
9057,1,1057,1057,0
9058,1,1085,1085,0
9077,1,1041,1041,0
9078,1,1110,1110,0
10373,1,1118,1118,0
10374,1,1073,1073,0
10385,1,1055,1055,0
10386,1,1042,1042,0
281,1,1017,1017,0
282,1,1034,1034,0
4033,1,1074,1074,0
4034,1,1069,1069,0
4213,1,1051,1051,0
4214,1,1077,1077,0
6971,1,1043,1043,0
6972,1,1023,1023,0
6975,1,1099,1099,0
6976,1,938,938,0
6979,1,1109,1109,0
6980,1,1107,1107,0
6991,1,1022,1022,0
6992,1,1046,1046,0
7051,1,1132,1132,0
7052,1,1108,1108,0
7065,1,1050,1050,0
7066,1,1045,1045,0
7179,1,1038,1038,0
7180,1,1039,1039,0
7299,1,1059,1059,0
7300,1,1050,1050,0
7301,1,982,982,0
7302,1,1032,1032,0
7479,1,1078,1078,0
7480,1,1043,1043,0
7545,1,1025,1025,0
7546,1,1065,1065,0
7547,1,1027,1027,0
7548,1,1092,1092,0
7565,1,1051,1051,0
7566,1,1058,1058,0
7613,1,1027,1027,0
7614,1,988,988,0
7617,1,1033,1033,0
7618,1,1014,1014,0
7623,1,1073,1073,0
7624,1,1063,1063,0
7635,1,996,996,0
7636,1,1010,1010,0
7677,1,1011,1011,0
7678,1,1072,1072,0
7689,1,1016,1016,0
7690,1,1053,1053,0
7697,1,1007,1007,0
7698,1,1038,1038,0
7713,1,1081,1081,0
7714,1,1112,1112,0
7757,1,991,991,0
7758,1,1057,1057,0
7773,1,1037,1037,0
7774,1,1080,1080,0
7775,1,1085,1085,0
7776,1,1036,1036,0
7785,1,1006,1006,0
7786,1,964,964,0
7853,1,1057,1057,0
7854,1,1059,1059,0
7889,1,1023,1023,0
7890,1,1114,1114,0
7893,1,1024,1024,0
7894,1,1034,1034,0
7895,1,1002,1002,0
7896,1,978,978,0
7911,1,1008,1008,0
7912,1,1074,1074,0
7965,1,1106,1106,0
7966,1,1025,1025,0
7967,1,1045,1045,0
7968,1,1011,1011,0
9995,1,1055,1055,0
9996,1,1095,1095,0
517,1,998,998,0
518,1,1113,1113,0
3087,1,1091,1091,0
3088,1,1114,1114,0
3797,1,1066,1066,0
3798,1,1086,1086,0
4059,1,1067,1067,0
4060,1,1077,1077,0
4253,1,1059,1059,0
4254,1,1074,1074,0
4409,1,1101,1101,0
4410,1,1002,1002,0
4413,1,1090,1090,0
4414,1,1064,1064,0
4515,1,1048,1048,0
4516,1,1047,1047,0
4555,1,1018,1018,0
4556,1,1056,1056,0
4561,1,989,989,0
4562,1,1037,1037,0
4577,1,1020,1020,0
4578,1,1012,1012,0
4593,1,1076,1076,0
4594,1,1094,1094,0
4655,1,1103,1103,0
4656,1,1069,1069,0
4661,1,1059,1059,0
4662,1,1064,1064,0
4741,1,1057,1057,0
4742,1,1029,1029,0
4821,1,1059,1059,0
4822,1,1098,1098,0
4923,1,1110,1110,0
4924,1,1085,1085,0
5373,1,1146,1146,0
5374,1,1053,1053,0
8063,1,1035,1035,0
8064,1,1005,1005,0
9073,1,1072,1072,0
9074,1,1080,1080,0
10365,1,1073,1073,0
10366,1,1015,1015,0
4453,1,1001,1001,0
4454,1,1053,1053,0
4523,1,997,997,0
4524,1,1040,1040,0
4535,1,1024,1024,0
4536,1,1095,1095,0
4645,1,1007,1007,0
4646,1,1047,1047,0
4657,1,1011,1011,0
4658,1,1087,1087,0
4729,1,1012,1012,0
4730,1,1104,1104,0
4731,1,976,976,0
4732,1,1016,1016,0
4751,1,1007,1007,0
4752,1,1040,1040,0
4781,1,1083,1083,0
4782,1,1083,1083,0
4803,1,1042,1042,0
4804,1,1062,1062,0
4853,1,1099,1099,0
4854,1,1023,1023,0
4901,1,975,975,0
4902,1,1086,1086,0
5117,1,1039,1039,0
5118,1,1017,1017,0
5183,1,1059,1059,0
5184,1,1080,1080,0
5223,1,1010,1010,0
5224,1,1046,1046,0
5297,1,1080,1080,0
5298,1,1004,1004,0
5305,1,1001,1001,0
5306,1,1068,1068,0
5307,1,1085,1085,0
5308,1,1018,1018,0
5345,1,1033,1033,0
5346,1,1059,1059,0
5387,1,1022,1022,0
5388,1,1110,1110,0
5403,1,1044,1044,0
5404,1,1020,1020,0
5443,1,1067,1067,0
5444,1,1030,1030,0
5659,1,1059,1059,0
5660,1,971,971,0
5719,1,1032,1032,0
5720,1,1020,1020,0
5783,1,1013,1013,0
5784,1,1053,1053,0
5837,1,1036,1036,0
5838,1,1109,1109,0
10387,1,1064,1064,0
10388,1,1102,1102,0
261,1,1079,1079,0
262,1,1033,1033,0
541,1,994,994,0
542,1,1056,1056,0
2065,1,1002,1002,0
2066,1,1116,1116,0
2393,1,1007,1007,0
2394,1,1097,1097,0
2431,1,1067,1067,0
2432,1,1054,1054,0
2543,1,1023,1023,0
2544,1,996,996,0
2591,1,1049,1049,0
2592,1,1096,1096,0
3299,1,1047,1047,0
3300,1,1098,1098,0
3353,1,1034,1034,0
3354,1,1032,1032,0
3373,1,1006,1006,0
3374,1,1084,1084,0
3451,1,1019,1019,0
3452,1,995,995,0
3519,1,993,993,0
3520,1,1101,1101,0
3521,1,1068,1068,0
3522,1,1001,1001,0
3595,1,1045,1045,0
3596,1,1051,1051,0
6439,1,1055,1055,0
6440,1,1109,1109,0
6727,1,989,989,0
6728,1,1072,1072,0
7423,1,1058,1058,0
7424,1,1034,1034,0
8031,1,978,978,0
8032,1,980,980,0
8035,1,1086,1086,0
8036,1,961,961,0
4713,1,1122,1122,0
4714,1,1030,1030,0
4867,1,1061,1061,0
4868,1,1100,1100,0
4913,1,1085,1085,0
4914,1,1082,1082,0
4915,1,1064,1064,0
4916,1,997,997,0
5203,1,1021,1021,0
5204,1,1099,1099,0
5205,1,1100,1100,0
5206,1,1003,1003,0
5241,1,1057,1057,0
5242,1,1092,1092,0
5293,1,1016,1016,0
5294,1,1066,1066,0
5309,1,1115,1115,0
5310,1,1019,1019,0
5575,1,1031,1031,0
5576,1,1066,1066,0
5749,1,1074,1074,0
5750,1,1021,1021,0
5927,1,1019,1019,0
5928,1,1105,1105,0
10043,1,1044,1044,0
10044,1,1100,1100,0
10277,1,1017,1017,0
10278,1,1021,1021,0
10459,1,1060,1060,0
10460,1,1076,1076,0
10469,1,1015,1015,0
10470,1,1050,1050,0
10505,1,1095,1095,0
10506,1,1045,1045,0
10577,1,1068,1068,0
10578,1,1043,1043,0
10581,1,1077,1077,0
10582,1,1025,1025,0
10583,1,1022,1022,0
10584,1,1085,1085,0
859,1,1024,1024,0
860,1,1097,1097,0
2753,1,1105,1105,0
2754,1,1091,1091,0
3031,1,1050,1050,0
3032,1,1112,1112,0
4999,1,991,991,0
5000,1,1041,1041,0
6819,1,984,984,0
6820,1,1016,1016,0
8573,1,1125,1125,0
8574,1,1093,1093,0
8575,1,1019,1019,0
8576,1,1009,1009,0
8587,1,1078,1078,0
8588,1,1014,1014,0
2063,1,998,998,0
2064,1,1053,1053,0
2069,1,1020,1020,0
2070,1,1102,1102,0
2079,1,1035,1035,0
2080,1,1077,1077,0
2081,1,1021,1021,0
2082,1,1049,1049,0
2087,1,1092,1092,0
2088,1,1042,1042,0
2093,1,1073,1073,0
2094,1,1076,1076,0
2097,1,1062,1062,0
2098,1,1069,1069,0
2103,1,956,956,0
2104,1,1058,1058,0
3841,1,1004,1004,0
3842,1,1066,1066,0
3945,1,1005,1005,0
3946,1,1051,1051,0
3947,1,991,991,0
3948,1,1075,1075,0
3951,1,1091,1091,0
3952,1,1033,1033,0
3959,1,973,973,0
3960,1,1091,1091,0
3961,1,1063,1063,0
3962,1,976,976,0
3963,1,985,985,0
3964,1,1045,1045,0
3965,1,1062,1062,0
3966,1,1060,1060,0
3967,1,1026,1026,0
3968,1,1005,1005,0
3973,1,1031,1031,0
3974,1,1043,1043,0
3991,1,1012,1012,0
3992,1,987,987,0
3993,1,1017,1017,0
3994,1,1056,1056,0
3995,1,1002,1002,0
3996,1,1078,1078,0
6453,1,1014,1014,0
6454,1,1063,1063,0
9739,1,974,974,0
9740,1,1117,1117,0
9865,1,1076,1076,0
9866,1,1074,1074,0
3257,1,1056,1056,0
3258,1,1032,1032,0
1523,1,1001,1001,0
1524,1,1017,1017,0
5249,1,1090,1090,0
5250,1,1031,1031,0
5721,1,1119,1119,0
5722,1,1147,1147,0
6281,1,1064,1064,0
6282,1,1097,1097,0
6679,1,1054,1054,0
6680,1,1158,1158,0
7883,1,1090,1090,0
7884,1,1073,1073,0
10319,1,987,987,0
10320,1,1052,1052,0
10613,1,1044,1044,0
10614,1,1110,1110,0
10625,1,1022,1022,0
10626,1,1056,1056,0
10689,1,980,980,0
10690,1,1064,1064,0
10695,1,1030,1030,0
10696,1,1058,1058,0
10713,1,1003,1003,0
10714,1,1035,1035,0
10803,1,1104,1104,0
10804,1,1054,1054,0
10825,1,1058,1058,0
10826,1,1062,1062,0
10935,1,1018,1018,0
10936,1,1036,1036,0
10989,1,1033,1033,0
10990,1,1094,1094,0
11051,1,1086,1086,0
11052,1,1012,1012,0
11099,1,1011,1011,0
11100,1,1041,1041,0
11129,1,1096,1096,0
11130,1,1085,1085,0
11169,1,1129,1129,0
11170,1,1059,1059,0
11183,1,1031,1031,0
11184,1,982,982,0
11195,1,1060,1060,0
11196,1,1095,1095,0
11197,1,1047,1047,0
11198,1,1132,1132,0
11223,1,1061,1061,0
11224,1,1038,1038,0
1581,1,1030,1030,0
1582,1,1055,1055,0
4897,1,1071,1071,0
4898,1,981,981,0
5119,1,1120,1120,0
5120,1,1068,1068,0
5173,1,1089,1089,0
5174,1,989,989,0
5337,1,1031,1031,0
5338,1,1091,1091,0
5357,1,1104,1104,0
5358,1,999,999,0
5369,1,1065,1065,0
5370,1,982,982,0
5417,1,1048,1048,0
5418,1,1015,1015,0
5569,1,1044,1044,0
5570,1,1041,1041,0
5579,1,1061,1061,0
5580,1,1027,1027,0
5671,1,1081,1081,0
5672,1,1036,1036,0
5693,1,962,962,0
5694,1,1019,1019,0
5699,1,1109,1109,0
5700,1,1080,1080,0
5809,1,995,995,0
5810,1,980,980,0
5849,1,1022,1022,0
5850,1,1056,1056,0
5933,1,1092,1092,0
5934,1,1042,1042,0
8079,1,999,999,0
8080,1,1108,1108,0
10223,1,1070,1070,0
10224,1,1039,1039,0
10259,1,1089,1089,0
10260,1,1055,1055,0
10281,1,1015,1015,0
10282,1,1048,1048,0
10289,1,1085,1085,0
10290,1,1087,1087,0
10303,1,1069,1069,0
10304,1,1091,1091,0
10431,1,1080,1080,0
10432,1,1043,1043,0
10475,1,1057,1057,0
10476,1,971,971,0
10513,1,1047,1047,0
10514,1,1013,1013,0
10557,1,1085,1085,0
10558,1,1038,1038,0
10615,1,1055,1055,0
10616,1,1010,1010,0
10635,1,1031,1031,0
10636,1,1089,1089,0
10667,1,1071,1071,0
10668,1,1113,1113,0
10675,1,1089,1089,0
10676,1,1053,1053,0
10703,1,1089,1089,0
10704,1,1055,1055,0
10715,1,1084,1084,0
10716,1,1010,1010,0
10769,1,998,998,0
10770,1,1026,1026,0
10789,1,1094,1094,0
10790,1,1009,1009,0
10797,1,1110,1110,0
10798,1,1033,1033,0
10959,1,1036,1036,0
10960,1,1063,1063,0
1161,1,1041,1041,0
1162,1,1090,1090,0
1619,1,1007,1007,0
1620,1,1061,1061,0
8461,1,1089,1089,0
8462,1,1089,1089,0
8471,1,968,968,0
8472,1,1033,1033,0
8475,1,979,979,0
8476,1,1080,1080,0
8477,1,1068,1068,0
8478,1,1001,1001,0
8483,1,1019,1019,0
8484,1,1115,1115,0
8493,1,1013,1013,0
8494,1,1084,1084,0
8495,1,1061,1061,0
8496,1,1009,1009,0
8519,1,1053,1053,0
8520,1,1029,1029,0
8549,1,1079,1079,0
8550,1,1021,1021,0
8569,1,1040,1040,0
8570,1,1109,1109,0
8595,1,1095,1095,0
8596,1,1058,1058,0
8599,1,1026,1026,0
8600,1,1043,1043,0
8601,1,1053,1053,0
8602,1,992,992,0
8615,1,1061,1061,0
8616,1,1008,1008,0
8617,1,1090,1090,0
8618,1,1028,1028,0
8619,1,1089,1089,0
8620,1,1029,1029,0
8631,1,1076,1076,0
8632,1,1041,1041,0
8637,1,1100,1100,0
8638,1,1062,1062,0
1583,1,1080,1080,0
1584,1,1102,1102,0
5447,1,1074,1074,0
5448,1,1089,1089,0
5701,1,1012,1012,0
5702,1,1026,1026,0
5727,1,1085,1085,0
5728,1,1009,1009,0
8859,1,1072,1072,0
8860,1,1035,1035,0
8881,1,1119,1119,0
8882,1,1097,1097,0
8939,1,1034,1034,0
8940,1,1068,1068,0
8983,1,1091,1091,0
8984,1,1035,1035,0
9285,1,1038,1038,0
9286,1,1086,1086,0
9585,1,1014,1014,0
9586,1,1062,1062,0
9717,1,978,978,0
9718,1,1044,1044,0
9719,1,1052,1052,0
9720,1,1030,1030,0
9737,1,1052,1052,0
9738,1,1111,1111,0
8589,1,1093,1093,0
8590,1,1011,1011,0
8621,1,990,990,0
8622,1,1001,1001,0
8739,1,1075,1075,0
8740,1,1130,1130,0
9003,1,1030,1030,0
9004,1,1079,1079,0
9137,1,1065,1065,0
9138,1,1051,1051,0
8579,1,1115,1115,0
8580,1,1062,1062,0
8655,1,1035,1035,0
8656,1,1029,1029,0
8693,1,1115,1115,0
8694,1,1023,1023,0
8697,1,1027,1027,0
8698,1,1122,1122,0
8707,1,1094,1094,0
8708,1,1060,1060,0
8711,1,1110,1110,0
8712,1,999,999,0
8729,1,1059,1059,0
8730,1,1049,1049,0
8733,1,969,969,0
8734,1,1024,1024,0
9005,1,1087,1087,0
9006,1,1068,1068,0
9149,1,1030,1030,0
9150,1,987,987,0
9153,1,1040,1040,0
9154,1,1056,1056,0
9163,1,1058,1058,0
9164,1,1007,1007,0
9165,1,1022,1022,0
9166,1,1087,1087,0
9169,1,1062,1062,0
9170,1,1074,1074,0
9181,1,1024,1024,0
9182,1,996,996,0
9183,1,994,994,0
9184,1,1082,1082,0
9187,1,1017,1017,0
9188,1,1088,1088,0
9193,1,972,972,0
9194,1,1081,1081,0
9195,1,995,995,0
9196,1,1069,1069,0
9201,1,1021,1021,0
9202,1,1097,1097,0
9203,1,1073,1073,0
9204,1,1052,1052,0
8695,1,962,962,0
8696,1,1074,1074,0
8699,1,1060,1060,0
8700,1,1099,1099,0
8755,1,1065,1065,0
8756,1,1103,1103,0
8769,1,1029,1029,0
8770,1,997,997,0
8771,1,1021,1021,0
8772,1,995,995,0
8777,1,1074,1074,0
8778,1,1015,1015,0
8785,1,1015,1015,0
8786,1,1055,1055,0
8789,1,1035,1035,0
8790,1,994,994,0
8799,1,1056,1056,0
8800,1,1049,1049,0
8801,1,1070,1070,0
8802,1,973,973,0
8805,1,1091,1091,0
8806,1,1081,1081,0
8811,1,1038,1038,0
8812,1,1028,1028,0
8843,1,1088,1088,0
8844,1,1028,1028,0
8851,1,1057,1057,0
8852,1,1020,1020,0
8853,1,1088,1088,0
8854,1,1051,1051,0
8857,1,965,965,0
8858,1,1057,1057,0
8861,1,970,970,0
8862,1,1039,1039,0
8867,1,1037,1037,0
8868,1,1061,1061,0
8883,1,1032,1032,0
8884,1,1033,1033,0
8903,1,1087,1087,0
8904,1,982,982,0
8813,1,1053,1053,0
8814,1,995,995,0
8825,1,1097,1097,0
8826,1,1060,1060,0
8871,1,1100,1100,0
8872,1,1051,1051,0
8907,1,1096,1096,0
8908,1,1059,1059,0
8913,1,1040,1040,0
8914,1,1039,1039,0
8917,1,1008,1008,0
8918,1,1079,1079,0
8921,1,1044,1044,0
8922,1,1065,1065,0
8923,1,1064,1064,0
8924,1,1047,1047,0
8925,1,1060,1060,0
8926,1,1042,1042,0
8927,1,1070,1070,0
8928,1,1077,1077,0
8935,1,992,992,0
8936,1,1081,1081,0
8941,1,1038,1038,0
8942,1,1010,1010,0
8943,1,1092,1092,0
8944,1,1035,1035,0
8945,1,1093,1093,0
8946,1,1077,1077,0
8947,1,1052,1052,0
8948,1,965,965,0
8951,1,1044,1044,0
8952,1,1041,1041,0
8953,1,1054,1054,0
8954,1,1053,1053,0
8955,1,1102,1102,0
8956,1,1068,1068,0
8957,1,1036,1036,0
8958,1,1032,1032,0
8959,1,1018,1018,0
8960,1,1056,1056,0
8335,1,1080,1080,0
8336,1,1062,1062,0
8687,1,995,995,0
8688,1,1016,1016,0
8885,1,1005,1005,0
8886,1,1064,1064,0
8915,1,1082,1082,0
8916,1,1033,1033,0
8975,1,981,981,0
8976,1,1005,1005,0
8977,1,981,981,0
8978,1,1037,1037,0
8979,1,1045,1045,0
8980,1,1026,1026,0
8985,1,997,997,0
8986,1,1073,1073,0
9233,1,1022,1022,0
9234,1,1096,1096,0
9239,1,1051,1051,0
9240,1,1144,1144,0
9241,1,1025,1025,0
9242,1,1037,1037,0
9253,1,1063,1063,0
9254,1,1085,1085,0
9257,1,1045,1045,0
9258,1,983,983,0
9267,1,1004,1004,0
9268,1,1027,1027,0
9271,1,1079,1079,0
9272,1,979,979,0
9275,1,1045,1045,0
9276,1,1042,1042,0
9281,1,969,969,0
9282,1,990,990,0
9283,1,1067,1067,0
9284,1,1010,1010,0
9287,1,1032,1032,0
9288,1,1006,1006,0
9289,1,994,994,0
9290,1,1061,1061,0
9293,1,1095,1095,0
9294,1,1041,1041,0
5239,1,1020,1020,0
5240,1,1021,1021,0
5557,1,1070,1070,0
5558,1,1072,1072,0
7915,1,977,977,0
7916,1,1057,1057,0
1051,1,993,993,0
1052,1,997,997,0
3155,1,1021,1021,0
3156,1,1068,1068,0
5685,1,1008,1008,0
5686,1,1000,1000,0
5765,1,952,952,0
5766,1,995,995,0
5825,1,1021,1021,0
5826,1,986,986,0
5831,1,1008,1008,0
5832,1,1057,1057,0
5835,1,1057,1057,0
5836,1,1010,1010,0
5941,1,1055,1055,0
5942,1,1025,1025,0
5943,1,1016,1016,0
5944,1,1021,1021,0
5945,1,1085,1085,0
5946,1,1064,1064,0
6221,1,992,992,0
6222,1,1034,1034,0
6227,1,1070,1070,0
6228,1,1013,1013,0
9795,1,1062,1062,0
9796,1,1056,1056,0
9811,1,1026,1026,0
9812,1,1040,1040,0
9899,1,1046,1046,0
9900,1,1012,1012,0
9909,1,1023,1023,0
9910,1,1052,1052,0
9917,1,1116,1116,0
9918,1,1114,1114,0
9925,1,1083,1083,0
9926,1,1014,1014,0
10039,1,1067,1067,0
10040,1,1084,1084,0
10241,1,1067,1067,0
10242,1,1054,1054,0
10247,1,1043,1043,0
10248,1,1062,1062,0
6179,1,1070,1070,0
6180,1,1045,1045,0
6233,1,1099,1099,0
6234,1,1036,1036,0
7131,1,1049,1049,0
7132,1,1115,1115,0
8783,1,1068,1068,0
8784,1,1027,1027,0
8809,1,1086,1086,0
8810,1,1044,1044,0
8835,1,1117,1117,0
8836,1,1005,1005,0
8971,1,1047,1047,0
8972,1,1083,1083,0
8987,1,1103,1103,0
8988,1,1001,1001,0
9177,1,1080,1080,0
9178,1,1002,1002,0
9215,1,1087,1087,0
9216,1,1038,1038,0
9235,1,1048,1048,0
9236,1,978,978,0
9295,1,1030,1030,0
9296,1,1026,1026,0
9383,1,1046,1046,0
9384,1,1094,1094,0
9423,1,1082,1082,0
9424,1,1083,1083,0
9561,1,1056,1056,0
9562,1,1067,1067,0
9627,1,1070,1070,0
9628,1,1071,1071,0
9693,1,1013,1013,0
9694,1,1092,1092,0
10183,1,1039,1039,0
10184,1,1030,1030,0
4877,1,1040,1040,0
4878,1,1074,1074,0
6019,1,1088,1088,0
6020,1,1028,1028,0
8643,1,1023,1023,0
8644,1,1037,1037,0
10885,1,1013,1013,0
10886,1,970,970,0
10947,1,1028,1028,0
10948,1,1113,1113,0
11219,1,1000,1000,0
11220,1,999,999,0
8115,1,1116,1116,0
8116,1,1008,1008,0
8117,1,1048,1048,0
8118,1,1057,1057,0
8129,1,1031,1031,0
8130,1,1027,1027,0
8159,1,1096,1096,0
8160,1,1033,1033,0
8179,1,1025,1025,0
8180,1,963,963,0
8223,1,1047,1047,0
8224,1,1150,1150,0
8229,1,998,998,0
8230,1,992,992,0
8245,1,1105,1105,0
8246,1,1057,1057,0
8257,1,1080,1080,0
8258,1,1086,1086,0
8273,1,1101,1101,0
8274,1,1043,1043,0
8315,1,1065,1065,0
8316,1,1006,1006,0
8377,1,1074,1074,0
8378,1,1084,1084,0
8393,1,1021,1021,0
8394,1,1086,1086,0
8397,1,1031,1031,0
8398,1,1060,1060,0
8407,1,1075,1075,0
8408,1,1044,1044,0
8417,1,1069,1069,0
8418,1,1075,1075,0
8421,1,1033,1033,0
8422,1,1027,1027,0
8453,1,1051,1051,0
8454,1,1080,1080,0
8537,1,1019,1019,0
8538,1,1048,1048,0
8757,1,1097,1097,0
8758,1,975,975,0
10633,1,1107,1107,0
10634,1,1066,1066,0
10741,1,1042,1042,0
10742,1,1089,1089,0
10941,1,1027,1027,0
10942,1,1019,1019,0
11053,1,1086,1086,0
11054,1,1104,1104,0
11091,1,1025,1025,0
11092,1,1035,1035,0
11097,1,998,998,0
11098,1,1024,1024,0
11121,1,1046,1046,0
11122,1,1039,1039,0
11165,1,1051,1051,0
11166,1,1099,1099,0
11209,1,1072,1072,0
11210,1,1078,1078,0
11213,1,1034,1034,0
11214,1,1119,1119,0
9309,1,1009,1009,0
9310,1,993,993,0
9313,1,1011,1011,0
9314,1,994,994,0
9319,1,1082,1082,0
9320,1,1018,1018,0
9323,1,1004,1004,0
9324,1,1094,1094,0
9357,1,1099,1099,0
9358,1,1033,1033,0
9359,1,1050,1050,0
9360,1,1069,1069,0
9365,1,1105,1105,0
9366,1,1058,1058,0
9367,1,1040,1040,0
9368,1,1059,1059,0
9369,1,988,988,0
9370,1,1040,1040,0
9387,1,1086,1086,0
9388,1,986,986,0
9403,1,1063,1063,0
9404,1,1016,1016,0
9419,1,1029,1029,0
9420,1,991,991,0
9425,1,1042,1042,0
9426,1,1063,1063,0
9429,1,1008,1008,0
9430,1,1032,1032,0
9433,1,1075,1075,0
9434,1,1012,1012,0
9435,1,1054,1054,0
9436,1,1046,1046,0
9453,1,1076,1076,0
9454,1,1075,1075,0
9455,1,1107,1107,0
9456,1,1083,1083,0
9469,1,1125,1125,0
9470,1,1060,1060,0
9487,1,1064,1064,0
9488,1,1150,1150,0
5473,1,1074,1074,0
5474,1,1017,1017,0
8013,1,1103,1103,0
8014,1,1030,1030,0
8177,1,1039,1039,0
8178,1,1012,1012,0
10655,1,1052,1052,0
10656,1,1088,1088,0
10831,1,1061,1061,0
10832,1,1086,1086,0
7165,1,1078,1078,0
7166,1,1036,1036,0
7287,1,1067,1067,0
7288,1,1034,1034,0
6071,1,1039,1039,0
6072,1,1003,1003,0
8355,1,1052,1052,0
8356,1,1027,1027,0
8531,1,1035,1035,0
8532,1,1000,1000,0
8609,1,1006,1006,0
8610,1,1041,1041,0
8709,1,966,966,0
8710,1,1053,1053,0
8723,1,1029,1029,0
8724,1,1010,1010,0
8751,1,1090,1090,0
8752,1,1006,1006,0
8779,1,1033,1033,0
8780,1,1023,1023,0
8781,1,1057,1057,0
8782,1,1100,1100,0
8795,1,1016,1016,0
8796,1,1010,1010,0
8893,1,1046,1046,0
8894,1,1008,1008,0
8967,1,1087,1087,0
8968,1,1011,1011,0
9015,1,1015,1015,0
9016,1,1045,1045,0
9123,1,1042,1042,0
9124,1,1066,1066,0
9133,1,1079,1079,0
9134,1,1083,1083,0
9135,1,1026,1026,0
9136,1,1014,1014,0
9179,1,1073,1073,0
9180,1,1067,1067,0
9185,1,1066,1066,0
9186,1,1065,1065,0
9207,1,1018,1018,0
9208,1,1001,1001,0
10733,1,1073,1073,0
10734,1,1052,1052,0
11095,1,1026,1026,0
11096,1,992,992,0
11159,1,992,992,0
11160,1,1071,1071,0
11221,1,1058,1058,0
11222,1,1156,1156,0
1049,1,1015,1015,0
1050,1,1089,1089,0
9339,1,1018,1018,0
9340,1,1043,1043,0
9473,1,1066,1066,0
9474,1,1009,1009,0
9625,1,1161,1161,0
9626,1,1079,1079,0
9731,1,1013,1013,0
9732,1,1049,1049,0
9753,1,1045,1045,0
9754,1,1076,1076,0
9871,1,1062,1062,0
9872,1,1047,1047,0
9991,1,1089,1089,0
9992,1,985,985,0
8501,1,1014,1014,0
8502,1,1120,1120,0
8623,1,1038,1038,0
8624,1,1025,1025,0
8749,1,1069,1069,0
8750,1,1076,1076,0
8845,1,1002,1002,0
8846,1,1041,1041,0
8877,1,1109,1109,0
8878,1,972,972,0
8887,1,1059,1059,0
8888,1,993,993,0
8909,1,991,991,0
8910,1,1009,1009,0
9011,1,1106,1106,0
9012,1,1024,1024,0
9013,1,1080,1080,0
9014,1,1043,1043,0
9197,1,1053,1053,0
9198,1,1098,1098,0
9243,1,1106,1106,0
9244,1,984,984,0
9263,1,1066,1066,0
9264,1,1041,1041,0
9349,1,1050,1050,0
9350,1,1106,1106,0
9495,1,1071,1071,0
9496,1,1076,1076,0
9505,1,1063,1063,0
9506,1,1044,1044,0
9531,1,1087,1087,0
9532,1,1108,1108,0
9611,1,1019,1019,0
9612,1,1053,1053,0
9623,1,1067,1067,0
9624,1,1071,1071,0
9653,1,1086,1086,0
9654,1,1092,1092,0
9681,1,1002,1002,0
9682,1,1022,1022,0
9723,1,1002,1002,0
9724,1,1037,1037,0
9803,1,1036,1036,0
9804,1,1041,1041,0
9861,1,1019,1019,0
9862,1,1004,1004,0
9863,1,1070,1070,0
9864,1,987,987,0
9929,1,1026,1026,0
9930,1,1062,1062,0
9933,1,1013,1013,0
9934,1,1008,1008,0
9231,1,1041,1041,0
9232,1,1086,1086,0
9961,1,1086,1086,0
9962,1,1069,1069,0
9451,1,1050,1050,0
9452,1,1042,1042,0
9539,1,999,999,0
9540,1,1086,1086,0
9541,1,1079,1079,0
9542,1,973,973,0
9569,1,1014,1014,0
9570,1,1086,1086,0
9671,1,1037,1037,0
9672,1,1081,1081,0
9677,1,1055,1055,0
9678,1,1020,1020,0
9679,1,1107,1107,0
9680,1,1048,1048,0
9683,1,1089,1089,0
9684,1,1011,1011,0
9687,1,1034,1034,0
9688,1,1011,1011,0
9697,1,1084,1084,0
9698,1,1070,1070,0
9705,1,1015,1015,0
9706,1,1042,1042,0
9707,1,1031,1031,0
9708,1,1045,1045,0
9709,1,1075,1075,0
9710,1,1060,1060,0
9721,1,1020,1020,0
9722,1,1064,1064,0
9727,1,1048,1048,0
9728,1,995,995,0
9729,1,1066,1066,0
9730,1,1047,1047,0
9733,1,1019,1019,0
9734,1,1077,1077,0
9741,1,1000,1000,0
9742,1,1076,1076,0
9749,1,1019,1019,0
9750,1,1150,1150,0
9807,1,1114,1114,0
9808,1,1084,1084,0
379,1,1002,1002,0
380,1,1068,1068,0
779,1,1045,1045,0
780,1,1034,1034,0
2253,1,1113,1113,0
2254,1,998,998,0
2325,1,1047,1047,0
2326,1,1067,1067,0
2441,1,1088,1088,0
2442,1,1069,1069,0
2601,1,1030,1030,0
2602,1,1060,1060,0
2719,1,1010,1010,0
2720,1,1074,1074,0
3721,1,1038,1038,0
3722,1,1086,1086,0
5501,1,1067,1067,0
5502,1,1038,1038,0
5509,1,1046,1046,0
5510,1,999,999,0
6047,1,1084,1084,0
6048,1,1019,1019,0
6121,1,1035,1035,0
6122,1,1043,1043,0
6131,1,1046,1046,0
6132,1,937,937,0
6195,1,997,997,0
6196,1,992,992,0
6333,1,1042,1042,0
6334,1,1057,1057,0
6413,1,1016,1016,0
6414,1,1059,1059,0
6685,1,1062,1062,0
6686,1,1036,1036,0
6815,1,1040,1040,0
6816,1,1025,1025,0
7241,1,999,999,0
7242,1,1040,1040,0
10357,1,1144,1144,0
10358,1,1103,1103,0
3073,1,1072,1072,0
3074,1,1106,1106,0
3123,1,1022,1022,0
3124,1,1026,1026,0
3183,1,1043,1043,0
3184,1,1075,1075,0
3221,1,1025,1025,0
3222,1,1025,1025,0
3229,1,1058,1058,0
3230,1,1028,1028,0
3247,1,1005,1005,0
3248,1,1153,1153,0
3279,1,1047,1047,0
3280,1,1083,1083,0
3281,1,1096,1096,0
3282,1,1110,1110,0
3289,1,1113,1113,0
3290,1,1020,1020,0
3291,1,1123,1123,0
3292,1,1032,1032,0
3297,1,1077,1077,0
3298,1,1030,1030,0
3313,1,1018,1018,0
3314,1,1026,1026,0
3331,1,1038,1038,0
3332,1,1121,1121,0
3347,1,1071,1071,0
3348,1,964,964,0
3357,1,1070,1070,0
3358,1,1063,1063,0
3367,1,1072,1072,0
3368,1,1025,1025,0
3383,1,1027,1027,0
3384,1,1060,1060,0
3415,1,1038,1038,0
3416,1,1103,1103,0
3429,1,1066,1066,0
3430,1,1013,1013,0
3441,1,1004,1004,0
3442,1,1044,1044,0
3461,1,1054,1054,0
3462,1,983,983,0
3469,1,1103,1103,0
3470,1,990,990,0
117,1,1032,1032,0
118,1,1034,1034,0
129,1,1097,1097,0
130,1,1040,1040,0
1909,1,1043,1043,0
1910,1,1044,1044,0
1915,1,1126,1126,0
1916,1,1051,1051,0
1975,1,1022,1022,0
1976,1,1082,1082,0
2395,1,1044,1044,0
2396,1,1017,1017,0
2737,1,971,971,0
2738,1,1029,1029,0
2825,1,1082,1082,0
2826,1,1050,1050,0
3361,1,1008,1008,0
3362,1,1042,1042,0
3739,1,1069,1069,0
3740,1,1061,1061,0
3837,1,1015,1015,0
3838,1,1004,1004,0
4951,1,994,994,0
4952,1,1030,1030,0
4965,1,1073,1073,0
4966,1,1053,1053,0
4979,1,934,934,0
4980,1,999,999,0
4991,1,1080,1080,0
4992,1,1027,1027,0
5043,1,1088,1088,0
5044,1,1027,1027,0
6723,1,1137,1137,0
6724,1,1083,1083,0
6729,1,1005,1005,0
6730,1,1037,1037,0
6733,1,1057,1057,0
6734,1,1012,1012,0
6741,1,1031,1031,0
6742,1,1072,1072,0
4483,1,1027,1027,0
4484,1,1066,1066,0
4493,1,1024,1024,0
4494,1,1063,1063,0
4619,1,1073,1073,0
4620,1,1021,1021,0
4667,1,1090,1090,0
4668,1,1023,1023,0
4675,1,992,992,0
4676,1,985,985,0
4773,1,1050,1050,0
4774,1,1008,1008,0
4809,1,995,995,0
4810,1,1002,1002,0
4839,1,1068,1068,0
4840,1,1045,1045,0
4855,1,1061,1061,0
4856,1,1014,1014,0
4893,1,1111,1111,0
4894,1,1021,1021,0
4933,1,1072,1072,0
4934,1,1014,1014,0
4943,1,1108,1108,0
4944,1,1038,1038,0
5081,1,1064,1064,0
5082,1,1020,1020,0
5091,1,1033,1033,0
5092,1,1055,1055,0
5133,1,1034,1034,0
5134,1,1035,1035,0
5139,1,1018,1018,0
5140,1,1092,1092,0
5189,1,1059,1059,0
5190,1,1029,1029,0
5193,1,1028,1028,0
5194,1,1102,1102,0
5255,1,990,990,0
5256,1,1024,1024,0
5301,1,1024,1024,0
5302,1,995,995,0
5313,1,1074,1074,0
5314,1,1024,1024,0
5367,1,1133,1133,0
5368,1,1019,1019,0
5413,1,1000,1000,0
5414,1,1025,1025,0
5547,1,1078,1078,0
5548,1,989,989,0
5715,1,1006,1006,0
5716,1,978,978,0
5875,1,1012,1012,0
5876,1,1017,1017,0
5891,1,1090,1090,0
5892,1,1058,1058,0
9023,1,1069,1069,0
9024,1,1067,1067,0
10159,1,1118,1118,0
10160,1,993,993,0
227,1,1024,1024,0
228,1,1047,1047,0
289,1,1034,1034,0
290,1,1059,1059,0
773,1,1046,1046,0
774,1,1074,1074,0
791,1,1039,1039,0
792,1,1073,1073,0
865,1,1029,1029,0
866,1,1017,1017,0
3323,1,987,987,0
3324,1,1003,1003,0
3409,1,1083,1083,0
3410,1,1036,1036,0
3435,1,1078,1078,0
3436,1,1003,1003,0
3449,1,1155,1155,0
3450,1,1002,1002,0
3515,1,1046,1046,0
3516,1,1041,1041,0
3575,1,1056,1056,0
3576,1,1034,1034,0
3687,1,1009,1009,0
3688,1,1086,1086,0
3691,1,1071,1071,0
3692,1,1067,1067,0
3835,1,1035,1035,0
3836,1,1054,1054,0
9819,1,1062,1062,0
9820,1,1095,1095,0
9829,1,1083,1083,0
9830,1,999,999,0
9837,1,1021,1021,0
9838,1,985,985,0
9845,1,1089,1089,0
9846,1,1047,1047,0
9847,1,992,992,0
9848,1,1047,1047,0
9853,1,1017,1017,0
9854,1,1039,1039,0
9885,1,1047,1047,0
9886,1,1070,1070,0
9897,1,990,990,0
9898,1,1028,1028,0
9905,1,1099,1099,0
9906,1,1031,1031,0
9911,1,1037,1037,0
9912,1,1056,1056,0
9921,1,983,983,0
9922,1,1067,1067,0
9927,1,1015,1015,0
9928,1,987,987,0
9931,1,1078,1078,0
9932,1,1079,1079,0
9935,1,1049,1049,0
9936,1,1016,1016,0
9937,1,1116,1116,0
9938,1,1043,1043,0
9997,1,1097,1097,0
9998,1,1013,1013,0
23,1,1059,1059,0
24,1,1019,1019,0
47,1,1011,1011,0
48,1,1103,1103,0
2645,1,1064,1064,0
2646,1,1005,1005,0
2711,1,1019,1019,0
2712,1,980,980,0
2795,1,1038,1038,0
2796,1,1074,1074,0
2801,1,1090,1090,0
2802,1,1084,1084,0
2841,1,1046,1046,0
2842,1,1079,1079,0
2875,1,1048,1048,0
2876,1,1006,1006,0
2881,1,1055,1055,0
2882,1,1019,1019,0
2891,1,1096,1096,0
2892,1,981,981,0
2981,1,1078,1078,0
2982,1,1029,1029,0
3001,1,1035,1035,0
3002,1,1089,1089,0
3005,1,989,989,0
3006,1,993,993,0
3045,1,1042,1042,0
3046,1,984,984,0
3047,1,1017,1017,0
3048,1,1133,1133,0
3051,1,1031,1031,0
3052,1,1085,1085,0
3053,1,1041,1041,0
3054,1,1076,1076,0
3059,1,1105,1105,0
3060,1,1081,1081,0
3069,1,1028,1028,0
3070,1,1052,1052,0
3081,1,1060,1060,0
3082,1,1069,1069,0
3089,1,1054,1054,0
3090,1,995,995,0
3107,1,990,990,0
3108,1,1089,1089,0
3117,1,947,947,0
3118,1,1076,1076,0
3121,1,1025,1025,0
3122,1,1030,1030,0
3161,1,1109,1109,0
3162,1,1021,1021,0
3175,1,1087,1087,0
3176,1,1009,1009,0
3199,1,1068,1068,0
3200,1,1122,1122,0
3201,1,1041,1041,0
3202,1,993,993,0
3203,1,1004,1004,0
3204,1,1110,1110,0
3213,1,1081,1081,0
3214,1,1098,1098,0
3223,1,1000,1000,0
3224,1,1034,1034,0
103,1,1085,1085,0
104,1,1017,1017,0
467,1,1060,1060,0
468,1,1059,1059,0
1019,1,1017,1017,0
1020,1,1035,1035,0
2067,1,998,998,0
2068,1,1017,1017,0
2109,1,1104,1104,0
2110,1,1021,1021,0
2185,1,1098,1098,0
2186,1,1020,1020,0
2209,1,1093,1093,0
2210,1,1058,1058,0
2217,1,1061,1061,0
2218,1,1081,1081,0
2279,1,1047,1047,0
2280,1,1018,1018,0
2289,1,1065,1065,0
2290,1,1103,1103,0
2307,1,1145,1145,0
2308,1,1064,1064,0
2347,1,1024,1024,0
2348,1,1100,1100,0
3255,1,1114,1114,0
3256,1,1028,1028,0
3481,1,1014,1014,0
3482,1,1095,1095,0
3511,1,1011,1011,0
3512,1,1029,1029,0
3523,1,1105,1105,0
3524,1,1029,1029,0
3525,1,1047,1047,0
3526,1,1074,1074,0
3527,1,1054,1054,0
3528,1,1066,1066,0
3529,1,1037,1037,0
3530,1,1006,1006,0
3551,1,1019,1019,0
3552,1,1085,1085,0
3593,1,1100,1100,0
3594,1,1028,1028,0
3599,1,1059,1059,0
3600,1,1054,1054,0
3703,1,1006,1006,0
3704,1,1060,1060,0
3765,1,1058,1058,0
3766,1,1024,1024,0
1691,1,1058,1058,0
1692,1,1081,1081,0
5419,1,1118,1118,0
5420,1,1020,1020,0
8093,1,1090,1090,0
8094,1,1099,1099,0
8107,1,1021,1021,0
8108,1,1116,1116,0
8119,1,1047,1047,0
8120,1,1068,1068,0
8271,1,1046,1046,0
8272,1,1072,1072,0
10135,1,1097,1097,0
10136,1,1050,1050,0
10139,1,1033,1033,0
10140,1,1035,1035,0
10141,1,1115,1115,0
10142,1,1031,1031,0
10143,1,990,990,0
10144,1,1061,1061,0
10279,1,1074,1074,0
10280,1,1097,1097,0
10295,1,982,982,0
10296,1,1100,1100,0
10751,1,1092,1092,0
10752,1,1046,1046,0
10799,1,1054,1054,0
10800,1,1034,1034,0
10849,1,1012,1012,0
10850,1,1076,1076,0
11047,1,1017,1017,0
11048,1,1097,1097,0
11057,1,1051,1051,0
11058,1,1056,1056,0
11133,1,1058,1058,0
11134,1,1051,1051,0
11135,1,1029,1029,0
11136,1,992,992,0
11149,1,1030,1030,0
11150,1,983,983,0
11153,1,1022,1022,0
11154,1,1075,1075,0
4085,1,1072,1072,0
4086,1,1075,1075,0
4249,1,1077,1077,0
4250,1,1072,1072,0
4531,1,1034,1034,0
4532,1,1022,1022,0
4595,1,1105,1105,0
4596,1,1031,1031,0
6297,1,1011,1011,0
6298,1,1095,1095,0
6303,1,1052,1052,0
6304,1,1038,1038,0
7293,1,1022,1022,0
7294,1,1074,1074,0
7329,1,1034,1034,0
7330,1,1117,1117,0
7383,1,1078,1078,0
7384,1,992,992,0
7449,1,1076,1076,0
7450,1,1022,1022,0
7647,1,1071,1071,0
7648,1,1073,1073,0
7715,1,1077,1077,0
7716,1,1064,1064,0
7819,1,1022,1022,0
7820,1,1037,1037,0
8021,1,1019,1019,0
8022,1,1060,1060,0
8027,1,1032,1032,0
8028,1,1015,1015,0
8029,1,1084,1084,0
8030,1,1047,1047,0
8039,1,1015,1015,0
8040,1,1056,1056,0
8043,1,1043,1043,0
8044,1,1116,1116,0
9019,1,1064,1064,0
9020,1,1013,1013,0
9021,1,1015,1015,0
9022,1,1102,1102,0
9037,1,1028,1028,0
9038,1,1006,1006,0
9219,1,1090,1090,0
9220,1,1084,1084,0
5441,1,1004,1004,0
5442,1,1048,1048,0
10177,1,1030,1030,0
10178,1,1111,1111,0
10195,1,1056,1056,0
10196,1,1052,1052,0
10293,1,1027,1027,0
10294,1,1031,1031,0
3,1,1060,1060,0
4,1,1102,1102,0
71,1,1015,1015,0
72,1,1044,1044,0
1949,1,1071,1071,0
1950,1,1067,1067,0
1959,1,1079,1079,0
1960,1,1019,1019,0
2005,1,1105,1105,0
2006,1,1008,1008,0
2009,1,1086,1086,0
2010,1,1041,1041,0
2011,1,1105,1105,0
2012,1,1041,1041,0
2027,1,1004,1004,0
2028,1,1098,1098,0
2029,1,994,994,0
2030,1,1014,1014,0
2031,1,1097,1097,0
2032,1,1098,1098,0
2101,1,1077,1077,0
2102,1,1132,1132,0
3307,1,1013,1013,0
3308,1,1080,1080,0
3309,1,1029,1029,0
3310,1,1085,1085,0
3831,1,1009,1009,0
3832,1,1095,1095,0
3883,1,969,969,0
3884,1,1010,1010,0
3897,1,1047,1047,0
3898,1,1048,1048,0
3903,1,1098,1098,0
3904,1,1049,1049,0
3915,1,1125,1125,0
3916,1,1023,1023,0
3935,1,1086,1086,0
3936,1,1066,1066,0
3971,1,1078,1078,0
3972,1,994,994,0
3977,1,1103,1103,0
3978,1,1054,1054,0
1969,1,1029,1029,0
1970,1,1110,1110,0
2071,1,1067,1067,0
2072,1,1097,1097,0
2091,1,989,989,0
2092,1,1038,1038,0
2099,1,993,993,0
2100,1,1037,1037,0
2105,1,976,976,0
2106,1,1060,1060,0
2113,1,1042,1042,0
2114,1,1000,1000,0
2119,1,1007,1007,0
2120,1,1063,1063,0
2125,1,1102,1102,0
2126,1,1033,1033,0
2147,1,1026,1026,0
2148,1,993,993,0
2157,1,1077,1077,0
2158,1,1028,1028,0
2165,1,1082,1082,0
2166,1,1081,1081,0
2177,1,1059,1059,0
2178,1,1066,1066,0
2203,1,987,987,0
2204,1,1051,1051,0
2211,1,1125,1125,0
2212,1,1079,1079,0
2215,1,1015,1015,0
2216,1,1071,1071,0
2221,1,1074,1074,0
2222,1,1088,1088,0
2231,1,1135,1135,0
2232,1,1030,1030,0
2291,1,1038,1038,0
2292,1,1141,1141,0
2299,1,995,995,0
2300,1,1057,1057,0
2311,1,1114,1114,0
2312,1,995,995,0
2399,1,1066,1066,0
2400,1,1010,1010,0
2467,1,1088,1088,0
2468,1,1084,1084,0
2047,1,1131,1131,0
2048,1,1041,1041,0
2369,1,1029,1029,0
2370,1,1089,1089,0
2433,1,1037,1037,0
2434,1,1082,1082,0
2435,1,1082,1082,0
2436,1,1034,1034,0
2483,1,1047,1047,0
2484,1,1091,1091,0
2505,1,966,966,0
2506,1,1016,1016,0
2551,1,1029,1029,0
2552,1,1086,1086,0
2553,1,1036,1036,0
2554,1,1056,1056,0
2555,1,1079,1079,0
2556,1,1152,1152,0
2569,1,1065,1065,0
2570,1,1092,1092,0
2581,1,1050,1050,0
2582,1,1062,1062,0
2583,1,1074,1074,0
2584,1,1048,1048,0
2597,1,1022,1022,0
2598,1,1108,1108,0
2637,1,1084,1084,0
2638,1,1080,1080,0
2675,1,1082,1082,0
2676,1,1072,1072,0
2685,1,1119,1119,0
2686,1,1087,1087,0
2687,1,1012,1012,0
2688,1,1086,1086,0
2693,1,1021,1021,0
2694,1,1037,1037,0
2707,1,1049,1049,0
2708,1,1061,1061,0
2715,1,1083,1083,0
2716,1,983,983,0
2735,1,1075,1075,0
2736,1,1004,1004,0
2743,1,1069,1069,0
2744,1,1110,1110,0
2761,1,1054,1054,0
2762,1,1015,1015,0
2763,1,970,970,0
2764,1,1044,1044,0
2771,1,1066,1066,0
2772,1,1037,1037,0
2789,1,1010,1010,0
2790,1,1066,1066,0
2791,1,1072,1072,0
2792,1,1048,1048,0
4127,1,973,973,0
4128,1,1055,1055,0
4641,1,986,986,0
4642,1,1010,1010,0
4679,1,1092,1092,0
4680,1,987,987,0
4785,1,1085,1085,0
4786,1,1081,1081,0
4807,1,1077,1077,0
4808,1,1083,1083,0
4905,1,1102,1102,0
4906,1,1083,1083,0
5073,1,1086,1086,0
5074,1,1109,1109,0
5077,1,1058,1058,0
5078,1,1099,1099,0
5093,1,1027,1027,0
5094,1,1057,1057,0
5209,1,1064,1064,0
5210,1,1053,1053,0
5235,1,1095,1095,0
5236,1,1022,1022,0
5565,1,1057,1057,0
5566,1,1096,1096,0
5635,1,966,966,0
5636,1,981,981,0
5669,1,1085,1085,0
5670,1,1105,1105,0
5679,1,1085,1085,0
5680,1,1013,1013,0
5863,1,1019,1019,0
5864,1,993,993,0
5885,1,1014,1014,0
5886,1,1108,1108,0
6547,1,1025,1025,0
6548,1,964,964,0
6823,1,1057,1057,0
6824,1,1053,1053,0
10005,1,1023,1023,0
10006,1,1125,1125,0
455,1,1056,1056,0
456,1,1037,1037,0
7653,1,1057,1057,0
7654,1,1010,1010,0
8431,1,1073,1073,0
8432,1,1038,1038,0
8435,1,1060,1060,0
8436,1,1062,1062,0
8521,1,977,977,0
8522,1,1061,1061,0
8525,1,997,997,0
8526,1,1048,1048,0
8571,1,1062,1062,0
8572,1,1048,1048,0
8577,1,1051,1051,0
8578,1,1062,1062,0
8583,1,1032,1032,0
8584,1,1063,1063,0
8625,1,1099,1099,0
8626,1,1058,1058,0
8685,1,1038,1038,0
8686,1,1022,1022,0
9121,1,987,987,0
9122,1,1029,1029,0
8931,1,1040,1040,0
8932,1,1022,1022,0
8963,1,1012,1012,0
8964,1,1045,1045,0
8973,1,1043,1043,0
8974,1,1085,1085,0
9225,1,1055,1055,0
9226,1,1053,1053,0
9245,1,1029,1029,0
9246,1,1032,1032,0
9259,1,1073,1073,0
9260,1,1108,1108,0
9279,1,1130,1130,0
9280,1,1006,1006,0
9299,1,1009,1009,0
9300,1,1110,1110,0
9315,1,993,993,0
9316,1,1068,1068,0
9413,1,1114,1114,0
9414,1,1102,1102,0
9545,1,1046,1046,0
9546,1,1047,1047,0
9581,1,1114,1114,0
9582,1,1018,1018,0
9609,1,987,987,0
9610,1,1027,1027,0
9643,1,1019,1019,0
9644,1,1051,1051,0
9655,1,1055,1055,0
9656,1,1098,1098,0
9669,1,1068,1068,0
9670,1,1022,1022,0
9695,1,1022,1022,0
9696,1,1102,1102,0
9713,1,1096,1096,0
9714,1,1040,1040,0
9715,1,1021,1021,0
9716,1,1040,1040,0
9743,1,1088,1088,0
9744,1,1083,1083,0
27,1,1045,1045,0
28,1,990,990,0
263,1,1077,1077,0
264,1,1077,1077,0
663,1,999,999,0
664,1,1012,1012,0
737,1,1048,1048,0
738,1,1119,1119,0
3605,1,993,993,0
3606,1,1100,1100,0
9735,1,1109,1109,0
9736,1,989,989,0
9879,1,1097,1097,0
9880,1,1014,1014,0
9883,1,1043,1043,0
9884,1,1051,1051,0
9887,1,1067,1067,0
9888,1,1047,1047,0
9919,1,1102,1102,0
9920,1,1056,1056,0
9923,1,973,973,0
9924,1,1037,1037,0
9939,1,1031,1031,0
9940,1,1060,1060,0
9941,1,1037,1037,0
9942,1,1014,1014,0
9943,1,1011,1011,0
9944,1,1005,1005,0
9957,1,974,974,0
9958,1,1061,1061,0
9977,1,1032,1032,0
9978,1,981,981,0
9983,1,1013,1013,0
9984,1,1024,1024,0
9985,1,1085,1085,0
9986,1,1065,1065,0
9987,1,1001,1001,0
9988,1,1086,1086,0
9989,1,1116,1116,0
9990,1,1083,1083,0
9593,1,1068,1068,0
9594,1,979,979,0
9751,1,986,986,0
9752,1,958,958,0
9757,1,1049,1049,0
9758,1,1085,1085,0
9765,1,1051,1051,0
9766,1,1019,1019,0
9773,1,1088,1088,0
9774,1,1090,1090,0
9775,1,1014,1014,0
9776,1,1071,1071,0
9787,1,1098,1098,0
9788,1,1025,1025,0
9801,1,1004,1004,0
9802,1,1077,1077,0
9809,1,1096,1096,0
9810,1,1006,1006,0
9815,1,1034,1034,0
9816,1,1068,1068,0
9821,1,1009,1009,0
9822,1,1064,1064,0
9825,1,1046,1046,0
9826,1,1090,1090,0
9827,1,1038,1038,0
9828,1,1049,1049,0
9831,1,1028,1028,0
9832,1,1088,1088,0
9835,1,1005,1005,0
9836,1,1051,1051,0
9839,1,1057,1057,0
9840,1,1079,1079,0
9841,1,1011,1011,0
9842,1,1078,1078,0
9891,1,1016,1016,0
9892,1,1064,1064,0
9907,1,1116,1116,0
9908,1,1052,1052,0
9913,1,1015,1015,0
9914,1,1019,1019,0
9915,1,1034,1034,0
9916,1,1134,1134,0
4041,1,1082,1082,0
4042,1,1027,1027,0
4071,1,1045,1045,0
4072,1,1094,1094,0
4495,1,1051,1051,0
4496,1,1076,1076,0
4533,1,1071,1071,0
4534,1,1041,1041,0
4559,1,1051,1051,0
4560,1,1056,1056,0
4795,1,1050,1050,0
4796,1,1027,1027,0
4849,1,1056,1056,0
4850,1,1032,1032,0
4861,1,1084,1084,0
4862,1,1035,1035,0
5129,1,1105,1105,0
5130,1,1004,1004,0
5561,1,1021,1021,0
5562,1,1148,1148,0
7645,1,1059,1059,0
7646,1,1035,1035,0
7651,1,998,998,0
7652,1,983,983,0
7673,1,1037,1037,0
7674,1,1098,1098,0
7743,1,1028,1028,0
7744,1,1079,1079,0
7747,1,1029,1029,0
7748,1,1054,1054,0
7787,1,1018,1018,0
7788,1,1051,1051,0
7825,1,1046,1046,0
7826,1,1068,1068,0
7863,1,1115,1115,0
7864,1,1012,1012,0
7899,1,999,999,0
7900,1,1038,1038,0
8203,1,992,992,0
8204,1,1042,1042,0
9099,1,1007,1007,0
9100,1,1047,1047,0
9101,1,1076,1076,0
9102,1,986,986,0
9107,1,1040,1040,0
9108,1,1031,1031,0
5181,1,1006,1006,0
5182,1,1031,1031,0
5695,1,1015,1015,0
5696,1,1057,1057,0
5777,1,1106,1106,0
5778,1,1002,1002,0
7701,1,1044,1044,0
7702,1,1023,1023,0
8189,1,1079,1079,0
8190,1,996,996,0
10133,1,1038,1038,0
10134,1,1021,1021,0
10155,1,1046,1046,0
10156,1,1045,1045,0
10197,1,982,982,0
10198,1,1121,1121,0
10231,1,1110,1110,0
10232,1,1082,1082,0
10485,1,1034,1034,0
10486,1,1102,1102,0
10497,1,1103,1103,0
10498,1,1061,1061,0
10509,1,1121,1121,0
10510,1,1046,1046,0
10529,1,1086,1086,0
10530,1,1093,1093,0
10575,1,1043,1043,0
10576,1,1068,1068,0
10659,1,1037,1037,0
10660,1,1076,1076,0
10973,1,1094,1094,0
10974,1,1053,1053,0
10995,1,1059,1059,0
10996,1,1043,1043,0
11003,1,1034,1034,0
11004,1,1006,1006,0
11157,1,1066,1066,0
11158,1,1096,1096,0
11171,1,1058,1058,0
11172,1,1070,1070,0
11215,1,1103,1103,0
11216,1,1067,1067,0
8099,1,1065,1065,0
8100,1,1079,1079,0
8145,1,1003,1003,0
8146,1,994,994,0
8381,1,1037,1037,0
8382,1,1080,1080,0
8447,1,1090,1090,0
8448,1,1030,1030,0
8497,1,1052,1052,0
8498,1,1028,1028,0
8565,1,1090,1090,0
8566,1,1051,1051,0
8627,1,1072,1072,0
8628,1,1020,1020,0
8669,1,994,994,0
8670,1,972,972,0
8717,1,1049,1049,0
8718,1,1033,1033,0
9131,1,994,994,0
9132,1,1041,1041,0
9161,1,1045,1045,0
9162,1,969,969,0
9307,1,1089,1089,0
9308,1,1036,1036,0
9353,1,993,993,0
9354,1,1048,1048,0
9447,1,1053,1053,0
9448,1,1089,1089,0
9475,1,991,991,0
9476,1,1076,1076,0
9533,1,1036,1036,0
9534,1,1000,1000,0
9599,1,1019,1019,0
9600,1,1022,1022,0
9619,1,996,996,0
9620,1,1046,1046,0
9779,1,1033,1033,0
9780,1,991,991,0
9791,1,1022,1022,0
9792,1,1093,1093,0
11203,1,1086,1086,0
11204,1,1060,1060,0
1261,1,1130,1130,0
1262,1,1078,1078,0
8081,1,1053,1053,0
8082,1,1010,1010,0
4347,1,1096,1096,0
4348,1,1060,1060,0
4745,1,1093,1093,0
4746,1,1065,1065,0
4885,1,1051,1051,0
4886,1,1029,1029,0
7455,1,1002,1002,0
7456,1,1052,1052,0
10169,1,1012,1012,0
10170,1,1076,1076,0
4019,1,1020,1020,0
4020,1,1085,1085,0
4311,1,1037,1037,0
4312,1,1019,1019,0
4547,1,1044,1044,0
4548,1,1043,1043,0
4569,1,1070,1070,0
4570,1,987,987,0
4779,1,1133,1133,0
4780,1,1080,1080,0
5115,1,1041,1041,0
5116,1,1035,1035,0
5937,1,1061,1061,0
5938,1,1081,1081,0
6967,1,1022,1022,0
6968,1,1102,1102,0
6993,1,975,975,0
6994,1,1040,1040,0
7127,1,1029,1029,0
7128,1,1032,1032,0
7213,1,1064,1064,0
7214,1,1058,1058,0
7489,1,958,958,0
7490,1,1046,1046,0
7577,1,1086,1086,0
7578,1,1062,1062,0
7619,1,1032,1032,0
7620,1,1058,1058,0
7877,1,1040,1040,0
7878,1,1079,1079,0
7921,1,1034,1034,0
7922,1,1085,1085,0
7991,1,1006,1006,0
7992,1,996,996,0
8919,1,1077,1077,0
8920,1,1043,1043,0
9477,1,1037,1037,0
9478,1,1091,1091,0
10105,1,1024,1024,0
10106,1,1024,1024,0
10523,1,1098,1098,0
10524,1,1114,1114,0
10883,1,1084,1084,0
10884,1,1045,1045,0
10977,1,1016,1016,0
10978,1,1067,1067,0
507,1,1080,1080,0
508,1,1098,1098,0
687,1,1024,1024,0
688,1,1075,1075,0
873,1,1058,1058,0
874,1,1048,1048,0
881,1,1112,1112,0
882,1,1012,1012,0
1103,1,1041,1041,0
1104,1,1025,1025,0
1177,1,1081,1081,0
1178,1,1052,1052,0
1211,1,1047,1047,0
1212,1,1095,1095,0
1325,1,1116,1116,0
1326,1,1008,1008,0
1373,1,1074,1074,0
1374,1,1009,1009,0
1383,1,1101,1101,0
1384,1,1071,1071,0
1391,1,971,971,0
1392,1,1071,1071,0
1427,1,958,958,0
1428,1,1013,1013,0
1441,1,1024,1024,0
1442,1,1022,1022,0
1455,1,994,994,0
1456,1,1041,1041,0
1463,1,1030,1030,0
1464,1,1110,1110,0
1481,1,1054,1054,0
1482,1,1092,1092,0
1821,1,1050,1050,0
1822,1,1059,1059,0
1829,1,1078,1078,0
1830,1,1034,1034,0
3683,1,1030,1030,0
3684,1,1031,1031,0
4001,1,1120,1120,0
4002,1,1091,1091,0
4013,1,1011,1011,0
4014,1,1010,1010,0
4057,1,1064,1064,0
4058,1,1084,1084,0
4235,1,1015,1015,0
4236,1,967,967,0
4273,1,1064,1064,0
4274,1,1063,1063,0
4289,1,1073,1073,0
4290,1,1051,1051,0
4391,1,1077,1077,0
4392,1,1106,1106,0
4419,1,1017,1017,0
4420,1,1011,1011,0
4669,1,1059,1059,0
4670,1,1049,1049,0
7519,1,1081,1081,0
7520,1,1015,1015,0
7601,1,1077,1077,0
7602,1,1011,1011,0
7625,1,1045,1045,0
7626,1,1077,1077,0
9351,1,1022,1022,0
9352,1,983,983,0
9525,1,1069,1069,0
9526,1,1090,1090,0
10151,1,1023,1023,0
10152,1,1048,1048,0
10925,1,1071,1071,0
10926,1,1088,1088,0
10991,1,1046,1046,0
10992,1,977,977,0
2659,1,1068,1068,0
2660,1,1043,1043,0
4415,1,1024,1024,0
4416,1,1041,1041,0
4771,1,1069,1069,0
4772,1,1063,1063,0
8217,1,1012,1012,0
8218,1,1058,1058,0
8379,1,1006,1006,0
8380,1,977,977,0
10813,1,1097,1097,0
10814,1,1018,1018,0
10869,1,1068,1068,0
10870,1,1019,1019,0
5319,1,1086,1086,0
5320,1,1073,1073,0
4497,1,1012,1012,0
4498,1,987,987,0
4695,1,1091,1091,0
4696,1,1074,1074,0
4723,1,1038,1038,0
4724,1,987,987,0
5157,1,1018,1018,0
5158,1,1119,1119,0
5323,1,1052,1052,0
5324,1,1086,1086,0
5645,1,1022,1022,0
5646,1,1069,1069,0
5747,1,965,965,0
5748,1,982,982,0
5905,1,1061,1061,0
5906,1,1117,1117,0
7491,1,1101,1101,0
7492,1,1079,1079,0
7549,1,1003,1003,0
7550,1,993,993,0
7717,1,1120,1120,0
7718,1,1154,1154,0
7721,1,996,996,0
7722,1,1030,1030,0
8157,1,1124,1124,0
8158,1,1020,1020,0
8291,1,1003,1003,0
8292,1,1011,1011,0
8363,1,1021,1021,0
8364,1,995,995,0
8929,1,1073,1073,0
8930,1,1022,1022,0
8937,1,1074,1074,0
8938,1,1101,1101,0
9391,1,983,983,0
9392,1,1090,1090,0
10325,1,1007,1007,0
10326,1,1074,1074,0
10823,1,1048,1048,0
10824,1,977,977,0
10833,1,1016,1016,0
10834,1,1075,1075,0
11055,1,1064,1064,0
11056,1,1060,1060,0
9089,1,995,995,0
9090,1,1063,1063,0
341,1,1081,1081,0
342,1,1036,1036,0
831,1,1041,1041,0
832,1,1055,1055,0
1231,1,1084,1084,0
1232,1,1026,1026,0
5315,1,1002,1002,0
5316,1,996,996,0
7023,1,1001,1001,0
7024,1,1035,1035,0
7281,1,1087,1087,0
7282,1,1056,1056,0
7283,1,1139,1139,0
7284,1,1026,1026,0
8849,1,1097,1097,0
8850,1,1058,1058,0
9199,1,1041,1041,0
9200,1,1072,1072,0
9363,1,1120,1120,0
9364,1,1045,1045,0
9971,1,1054,1054,0
9972,1,1072,1072,0
10091,1,984,984,0
10092,1,1079,1079,0
10863,1,1025,1025,0
10864,1,1066,1066,0
11181,1,980,980,0
11182,1,1080,1080,0
3391,1,1001,1001,0
3392,1,1068,1068,0
3421,1,1033,1033,0
3422,1,954,954,0
4143,1,999,999,0
4144,1,1038,1038,0
4425,1,1001,1001,0
4426,1,1004,1004,0
5275,1,1073,1073,0
5276,1,1037,1037,0
7175,1,1005,1005,0
7176,1,1038,1038,0
9331,1,988,988,0
9332,1,999,999,0
9575,1,990,990,0
9576,1,1112,1112,0
9647,1,1080,1080,0
9648,1,1081,1081,0
9759,1,1082,1082,0
9760,1,1034,1034,0
9761,1,1040,1040,0
9762,1,1065,1065,0
9823,1,1106,1106,0
9824,1,1067,1067,0
9875,1,1026,1026,0
9876,1,987,987,0
9965,1,1045,1045,0
9966,1,1037,1037,0
10323,1,1017,1017,0
10324,1,1111,1111,0
5753,1,1095,1095,0
5754,1,1116,1116,0
9265,1,1056,1056,0
9266,1,1046,1046,0
10333,1,1052,1052,0
10334,1,1042,1042,0
6037,1,1018,1018,0
6038,1,1026,1026,0
2957,1,1021,1021,0
2958,1,1039,1039,0
2961,1,1086,1086,0
2962,1,1017,1017,0
2973,1,1034,1034,0
2974,1,1135,1135,0
3033,1,1084,1084,0
3034,1,1043,1043,0
3057,1,1046,1046,0
3058,1,1017,1017,0
3061,1,1088,1088,0
3062,1,1020,1020,0
3063,1,1095,1095,0
3064,1,1084,1084,0
3065,1,966,966,0
3066,1,1004,1004,0
3067,1,1111,1111,0
3068,1,1015,1015,0
3119,1,1061,1061,0
3120,1,1061,1061,0
3143,1,1050,1050,0
3144,1,1033,1033,0
3163,1,963,963,0
3164,1,1073,1073,0
3171,1,1014,1014,0
3172,1,1003,1003,0
3173,1,1085,1085,0
3174,1,1066,1066,0
3205,1,1060,1060,0
3206,1,1056,1056,0
3263,1,1127,1127,0
3264,1,1076,1076,0
3271,1,1033,1033,0
3272,1,1035,1035,0
3275,1,1030,1030,0
3276,1,1036,1036,0
3277,1,1111,1111,0
3278,1,969,969,0
3287,1,1071,1071,0
3288,1,1071,1071,0
7,1,996,996,0
8,1,995,995,0
91,1,1030,1030,0
92,1,985,985,0
2075,1,1044,1044,0
2076,1,1066,1066,0
2127,1,1101,1101,0
2128,1,1022,1022,0
2149,1,1076,1076,0
2150,1,1021,1021,0
2163,1,1041,1041,0
2164,1,1042,1042,0
2213,1,1122,1122,0
2214,1,1075,1075,0
2233,1,1133,1133,0
2234,1,1113,1113,0
2237,1,1026,1026,0
2238,1,1046,1046,0
2239,1,1006,1006,0
2240,1,1053,1053,0
2241,1,1096,1096,0
2242,1,1073,1073,0
2243,1,1042,1042,0
2244,1,1051,1051,0
2249,1,1069,1069,0
2250,1,1039,1039,0
2267,1,1083,1083,0
2268,1,1125,1125,0
2269,1,1057,1057,0
2270,1,1080,1080,0
2271,1,1063,1063,0
2272,1,1097,1097,0
2285,1,1126,1126,0
2286,1,1042,1042,0
2287,1,1057,1057,0
2288,1,988,988,0
2313,1,1019,1019,0
2314,1,1013,1013,0
2315,1,1102,1102,0
2316,1,970,970,0
2317,1,1112,1112,0
2318,1,995,995,0
2319,1,1056,1056,0
2320,1,1019,1019,0
2335,1,985,985,0
2336,1,1056,1056,0
2337,1,1022,1022,0
2338,1,1086,1086,0
2339,1,1059,1059,0
2340,1,1100,1100,0
2349,1,1025,1025,0
2350,1,1040,1040,0
2355,1,1084,1084,0
2356,1,1061,1061,0
2359,1,1075,1075,0
2360,1,987,987,0
2361,1,1034,1034,0
2362,1,1022,1022,0
2379,1,1012,1012,0
2380,1,989,989,0
2381,1,991,991,0
2382,1,1070,1070,0
3311,1,1035,1035,0
3312,1,1136,1136,0
3791,1,985,985,0
3792,1,1035,1035,0
3829,1,965,965,0
3830,1,992,992,0
3847,1,1058,1058,0
3848,1,1068,1068,0
3881,1,1078,1078,0
3882,1,1025,1025,0
3927,1,1031,1031,0
3928,1,985,985,0
3953,1,1010,1010,0
3954,1,1026,1026,0
3981,1,1099,1099,0
3982,1,1003,1003,0
2035,1,1087,1087,0
2036,1,1046,1046,0
2389,1,1047,1047,0
2390,1,1108,1108,0
2443,1,1079,1079,0
2444,1,1023,1023,0
2447,1,1092,1092,0
2448,1,1034,1034,0
2451,1,1063,1063,0
2452,1,1086,1086,0
2461,1,1033,1033,0
2462,1,1029,1029,0
2479,1,1066,1066,0
2480,1,1058,1058,0
2487,1,1077,1077,0
2488,1,1081,1081,0
2489,1,1140,1140,0
2490,1,1089,1089,0
2491,1,1055,1055,0
2492,1,1015,1015,0
2507,1,1047,1047,0
2508,1,1044,1044,0
2521,1,991,991,0
2522,1,1037,1037,0
2525,1,1010,1010,0
2526,1,1052,1052,0
2531,1,1072,1072,0
2532,1,1062,1062,0
2535,1,1042,1042,0
2536,1,1054,1054,0
2545,1,1090,1090,0
2546,1,1090,1090,0
2575,1,1045,1045,0
2576,1,1066,1066,0
2609,1,1018,1018,0
2610,1,1049,1049,0
2617,1,1056,1056,0
2618,1,1041,1041,0
2635,1,1026,1026,0
2636,1,1032,1032,0
3887,1,1091,1091,0
3888,1,1005,1005,0
3983,1,1110,1110,0
3984,1,982,982,0
10731,1,1071,1071,0
10732,1,1049,1049,0
11175,1,1070,1070,0
11176,1,1043,1043,0
31,1,1053,1053,0
32,1,1104,1104,0
2627,1,1068,1068,0
2628,1,1081,1081,0
2639,1,1114,1114,0
2640,1,1014,1014,0
2667,1,982,982,0
2668,1,1125,1125,0
2669,1,1058,1058,0
2670,1,1029,1029,0
2695,1,1046,1046,0
2696,1,1080,1080,0
2699,1,1043,1043,0
2700,1,1062,1062,0
2709,1,1045,1045,0
2710,1,1101,1101,0
2717,1,1056,1056,0
2718,1,1100,1100,0
2721,1,1062,1062,0
2722,1,1031,1031,0
2723,1,1107,1107,0
2724,1,1013,1013,0
2725,1,1063,1063,0
2726,1,1030,1030,0
2733,1,1056,1056,0
2734,1,1089,1089,0
2745,1,1054,1054,0
2746,1,1077,1077,0
2751,1,1007,1007,0
2752,1,1064,1064,0
2775,1,1058,1058,0
2776,1,1048,1048,0
2777,1,991,991,0
2778,1,1069,1069,0
2793,1,1094,1094,0
2794,1,1036,1036,0
2893,1,1121,1121,0
2894,1,1096,1096,0
2949,1,1042,1042,0
2950,1,973,973,0
101,1,1013,1013,0
102,1,1133,1133,0
407,1,1069,1069,0
408,1,1027,1027,0
3097,1,1029,1029,0
3098,1,992,992,0
3179,1,1033,1033,0
3180,1,1031,1031,0
3285,1,978,978,0
3286,1,1029,1029,0
3339,1,1036,1036,0
3340,1,1054,1054,0
3349,1,1103,1103,0
3350,1,1055,1055,0
3381,1,1042,1042,0
3382,1,1060,1060,0
3393,1,1070,1070,0
3394,1,1103,1103,0
3407,1,1044,1044,0
3408,1,1082,1082,0
3411,1,1136,1136,0
3412,1,1101,1101,0
3417,1,1049,1049,0
3418,1,1082,1082,0
3419,1,1072,1072,0
3420,1,1087,1087,0
3459,1,1123,1123,0
3460,1,1036,1036,0
3473,1,1062,1062,0
3474,1,1029,1029,0
3479,1,1022,1022,0
3480,1,1072,1072,0
3513,1,1072,1072,0
3514,1,1097,1097,0
3535,1,1078,1078,0
3536,1,1043,1043,0
3539,1,1001,1001,0
3540,1,1072,1072,0
3603,1,1021,1021,0
3604,1,1145,1145,0
1179,1,1076,1076,0
1180,1,1053,1053,0
1585,1,1058,1058,0
1586,1,1079,1079,0
1779,1,962,962,0
1780,1,995,995,0
1827,1,1071,1071,0
1828,1,1095,1095,0
1853,1,1076,1076,0
1854,1,1061,1061,0
1855,1,1062,1062,0
1856,1,1041,1041,0
1891,1,1026,1026,0
1892,1,1038,1038,0
2223,1,1031,1031,0
2224,1,1037,1037,0
2351,1,992,992,0
2352,1,1054,1054,0
2357,1,1067,1067,0
2358,1,1075,1075,0
2757,1,1004,1004,0
2758,1,1086,1086,0
3577,1,1106,1106,0
3578,1,1099,1099,0
3763,1,1078,1078,0
3764,1,1102,1102,0
4945,1,1083,1083,0
4946,1,1088,1088,0
4955,1,1065,1065,0
4956,1,1087,1087,0
4959,1,985,985,0
4960,1,1007,1007,0
4995,1,1040,1040,0
4996,1,1078,1078,0
5001,1,1024,1024,0
5002,1,1062,1062,0
5003,1,1015,1015,0
5004,1,1026,1026,0
5005,1,978,978,0
5006,1,1062,1062,0
5031,1,1088,1088,0
5032,1,1022,1022,0
5045,1,1094,1094,0
5046,1,1082,1082,0
5047,1,1045,1045,0
5048,1,1073,1073,0
5049,1,1004,1004,0
5050,1,1071,1071,0
6693,1,1118,1118,0
6694,1,1111,1111,0
6703,1,1098,1098,0
6704,1,1022,1022,0
6715,1,1124,1124,0
6716,1,977,977,0
6721,1,1040,1040,0
6722,1,1064,1064,0
6739,1,1027,1027,0
6740,1,1004,1004,0
6743,1,1037,1037,0
6744,1,1071,1071,0
6751,1,1071,1071,0
6752,1,1078,1078,0
6929,1,1011,1011,0
6930,1,1033,1033,0
6117,1,1101,1101,0
6118,1,1080,1080,0
6201,1,1077,1077,0
6202,1,996,996,0
6313,1,1087,1087,0
6314,1,1041,1041,0
6457,1,1093,1093,0
6458,1,1022,1022,0
6459,1,1060,1060,0
6460,1,1060,1060,0
6853,1,1002,1002,0
6854,1,1110,1110,0
7139,1,1042,1042,0
7140,1,1046,1046,0
7197,1,1068,1068,0
7198,1,1031,1031,0
7209,1,1121,1121,0
7210,1,1095,1095,0
7351,1,992,992,0
7352,1,1050,1050,0
7353,1,1026,1026,0
7354,1,996,996,0
7563,1,983,983,0
7564,1,1063,1063,0
7841,1,1132,1132,0
7842,1,1094,1094,0
9033,1,1083,1083,0
9034,1,1057,1057,0
9035,1,1037,1037,0
9036,1,1081,1081,0
9041,1,1065,1065,0
9042,1,1041,1041,0
9043,1,1059,1059,0
9044,1,1110,1110,0
9045,1,1046,1046,0
9046,1,1033,1033,0
9047,1,1052,1052,0
9048,1,1039,1039,0
9049,1,1001,1001,0
9050,1,1014,1014,0
9051,1,1071,1071,0
9052,1,1078,1078,0
9053,1,1074,1074,0
9054,1,1076,1076,0
9055,1,1003,1003,0
9056,1,1046,1046,0
225,1,1098,1098,0
226,1,1090,1090,0
315,1,1037,1037,0
316,1,1016,1016,0
411,1,982,982,0
412,1,1080,1080,0
579,1,1009,1009,0
580,1,1059,1059,0
715,1,1028,1028,0
716,1,1049,1049,0
897,1,1032,1032,0
898,1,983,983,0
917,1,1069,1069,0
918,1,1078,1078,0
967,1,1033,1033,0
968,1,988,988,0
1131,1,1064,1064,0
1132,1,1023,1023,0
2713,1,1041,1041,0
2714,1,1119,1119,0
2739,1,1017,1017,0
2740,1,1032,1032,0
3731,1,987,987,0
3732,1,1123,1123,0
3751,1,1029,1029,0
3752,1,992,992,0
3777,1,1031,1031,0
3778,1,1110,1110,0
5975,1,1007,1007,0
5976,1,1063,1063,0
6757,1,1025,1025,0
6758,1,1072,1072,0
6773,1,1115,1115,0
6774,1,981,981,0
6855,1,1069,1069,0
6856,1,1058,1058,0
6887,1,1037,1037,0
6888,1,991,991,0
7085,1,991,991,0
7086,1,995,995,0
10359,1,1064,1064,0
10360,1,1021,1021,0
10363,1,1018,1018,0
10364,1,1044,1044,0
4293,1,1087,1087,0
4294,1,1022,1022,0
4301,1,1038,1038,0
4302,1,1008,1008,0
4303,1,1057,1057,0
4304,1,1108,1108,0
4305,1,1013,1013,0
4306,1,1076,1076,0
4323,1,1086,1086,0
4324,1,1110,1110,0
4383,1,987,987,0
4384,1,1018,1018,0
4399,1,1108,1108,0
4400,1,1007,1007,0
4407,1,988,988,0
4408,1,1087,1087,0
4435,1,984,984,0
4436,1,1031,1031,0
4437,1,1008,1008,0
4438,1,1049,1049,0
7937,1,1043,1043,0
7938,1,1067,1067,0
7939,1,1001,1001,0
7940,1,1059,1059,0
7941,1,1012,1012,0
7942,1,1079,1079,0
7945,1,993,993,0
7946,1,1018,1018,0
7947,1,1128,1128,0
7948,1,999,999,0
7949,1,1058,1058,0
7950,1,1041,1041,0
7953,1,1080,1080,0
7954,1,1084,1084,0
7959,1,1029,1029,0
7960,1,1001,1001,0
7961,1,1016,1016,0
7962,1,1083,1083,0
7971,1,1053,1053,0
7972,1,999,999,0
483,1,1103,1103,0
484,1,1016,1016,0
4479,1,1026,1026,0
4480,1,1108,1108,0
4633,1,1067,1067,0
4634,1,1051,1051,0
4639,1,1029,1029,0
4640,1,1052,1052,0
4715,1,1022,1022,0
4716,1,1073,1073,0
4777,1,1078,1078,0
4778,1,1096,1096,0
4929,1,1019,1019,0
4930,1,1045,1045,0
6921,1,1061,1061,0
6922,1,1057,1057,0
7291,1,1089,1089,0
7292,1,1063,1063,0
7335,1,1066,1066,0
7336,1,995,995,0
7377,1,999,999,0
7378,1,1080,1080,0
7387,1,1026,1026,0
7388,1,1028,1028,0
10021,1,959,959,0
10022,1,1024,1024,0
10035,1,1101,1101,0
10036,1,1056,1056,0
10047,1,1019,1019,0
10048,1,1020,1020,0
10049,1,1039,1039,0
10050,1,1050,1050,0
10051,1,1100,1100,0
10052,1,989,989,0
10061,1,999,999,0
10062,1,999,999,0
10063,1,1003,1003,0
10064,1,1095,1095,0
10067,1,1019,1019,0
10068,1,1079,1079,0
10073,1,1017,1017,0
10074,1,1068,1068,0
5263,1,1122,1122,0
5264,1,1016,1016,0
5269,1,1021,1021,0
5270,1,1096,1096,0
5277,1,1033,1033,0
5278,1,982,982,0
5299,1,1093,1093,0
5300,1,1091,1091,0
5325,1,1006,1006,0
5326,1,1073,1073,0
5329,1,1049,1049,0
5330,1,1082,1082,0
5349,1,1055,1055,0
5350,1,1017,1017,0
5355,1,990,990,0
5356,1,1046,1046,0
5359,1,1042,1042,0
5360,1,1022,1022,0
5803,1,1032,1032,0
5804,1,1042,1042,0
5807,1,1029,1029,0
5808,1,1043,1043,0
5847,1,1092,1092,0
5848,1,1000,1000,0
5851,1,1024,1024,0
5852,1,1030,1030,0
5853,1,1007,1007,0
5854,1,1056,1056,0
5861,1,1058,1058,0
5862,1,1094,1094,0
5867,1,1020,1020,0
5868,1,1119,1119,0
5869,1,1106,1106,0
5870,1,1045,1045,0
5871,1,1084,1084,0
5872,1,1063,1063,0
5879,1,971,971,0
5880,1,1089,1089,0
5881,1,1054,1054,0
5882,1,1059,1059,0
5889,1,1084,1084,0
5890,1,1113,1113,0
5893,1,1091,1091,0
5894,1,1093,1093,0
5915,1,1090,1090,0
5916,1,1036,1036,0
5919,1,1008,1008,0
5920,1,1034,1034,0
5923,1,1097,1097,0
5924,1,1030,1030,0
5939,1,992,992,0
5940,1,1012,1012,0
4857,1,995,995,0
4858,1,1070,1070,0
5063,1,1013,1013,0
5064,1,1063,1063,0
5071,1,1067,1067,0
5072,1,1062,1062,0
5085,1,996,996,0
5086,1,1069,1069,0
5097,1,1074,1074,0
5098,1,1010,1010,0
5099,1,1037,1037,0
5100,1,1051,1051,0
5101,1,1055,1055,0
5102,1,1042,1042,0
5107,1,1032,1032,0
5108,1,964,964,0
5127,1,1089,1089,0
5128,1,1137,1137,0
5131,1,1034,1034,0
5132,1,1045,1045,0
5135,1,1018,1018,0
5136,1,1098,1098,0
5137,1,1105,1105,0
5138,1,1048,1048,0
5141,1,1011,1011,0
5142,1,1109,1109,0
5143,1,1063,1063,0
5144,1,1083,1083,0
5145,1,1049,1049,0
5146,1,1081,1081,0
5149,1,1032,1032,0
5150,1,1156,1156,0
5151,1,1035,1035,0
5152,1,972,972,0
5153,1,998,998,0
5154,1,1090,1090,0
5187,1,1052,1052,0
5188,1,1081,1081,0
5207,1,1080,1080,0
5208,1,1110,1110,0
5211,1,1050,1050,0
5212,1,1063,1063,0
5219,1,1034,1034,0
5220,1,1049,1049,0
5237,1,1027,1027,0
5238,1,1015,1015,0
5243,1,1085,1085,0
5244,1,1067,1067,0
5251,1,1101,1101,0
5252,1,995,995,0
5523,1,990,990,0
5524,1,1019,1019,0
5533,1,1133,1133,0
5534,1,1034,1034,0
5535,1,993,993,0
5536,1,1028,1028,0
5537,1,992,992,0
5538,1,1080,1080,0
5539,1,1014,1014,0
5540,1,1108,1108,0
5549,1,1059,1059,0
5550,1,1009,1009,0
5551,1,1050,1050,0
5552,1,1095,1095,0
5559,1,1101,1101,0
5560,1,1037,1037,0
5563,1,1114,1114,0
5564,1,1083,1083,0
5573,1,1082,1082,0
5574,1,1121,1121,0
5577,1,1094,1094,0
5578,1,1090,1090,0
5587,1,1043,1043,0
5588,1,1092,1092,0
5595,1,1072,1072,0
5596,1,1040,1040,0
5597,1,1022,1022,0
5598,1,1039,1039,0
5605,1,1076,1076,0
5606,1,1078,1078,0
5611,1,1061,1061,0
5612,1,1069,1069,0
5615,1,999,999,0
5616,1,1084,1084,0
5617,1,1066,1066,0
5618,1,1116,1116,0
5621,1,1048,1048,0
5622,1,987,987,0
5627,1,1070,1070,0
5628,1,1132,1132,0
5641,1,1072,1072,0
5642,1,1108,1108,0
5661,1,1074,1074,0
5662,1,968,968,0
5667,1,952,952,0
5668,1,1110,1110,0
5677,1,1033,1033,0
5678,1,1029,1029,0
5687,1,1015,1015,0
5688,1,1064,1064,0
5709,1,1103,1103,0
5710,1,1139,1139,0
5711,1,1053,1053,0
5712,1,1059,1059,0
5713,1,1002,1002,0
5714,1,1083,1083,0
5743,1,1064,1064,0
5744,1,1015,1015,0
5751,1,962,962,0
5752,1,1112,1112,0
5755,1,1096,1096,0
5756,1,1091,1091,0
5769,1,1047,1047,0
5770,1,1017,1017,0
5771,1,1022,1022,0
5772,1,1084,1084,0
5775,1,1070,1070,0
5776,1,1088,1088,0
5793,1,1116,1116,0
5794,1,1073,1073,0
5795,1,1032,1032,0
5796,1,1025,1025,0
5805,1,1088,1088,0
5806,1,1055,1055,0
5811,1,1069,1069,0
5812,1,1024,1024,0
5813,1,1024,1024,0
5814,1,1007,1007,0
5823,1,1069,1069,0
5824,1,1056,1056,0
5827,1,1027,1027,0
5828,1,981,981,0
5845,1,1019,1019,0
5846,1,1056,1056,0
5855,1,1078,1078,0
5856,1,1060,1060,0
5877,1,1037,1037,0
5878,1,965,965,0
10055,1,1003,1003,0
10056,1,990,990,0
3113,1,1083,1083,0
3114,1,1060,1060,0
5317,1,1031,1031,0
5318,1,1010,1010,0
5361,1,1112,1112,0
5362,1,1067,1067,0
5401,1,997,997,0
5402,1,1108,1108,0
5407,1,1019,1019,0
5408,1,991,991,0
5409,1,1029,1029,0
5410,1,1077,1077,0
5411,1,1099,1099,0
5412,1,1001,1001,0
5439,1,1019,1019,0
5440,1,1011,1011,0
5445,1,1051,1051,0
5446,1,1008,1008,0
10083,1,1026,1026,0
10084,1,1053,1053,0
10087,1,1062,1062,0
10088,1,1056,1056,0
10095,1,1013,1013,0
10096,1,1100,1100,0
10099,1,1058,1058,0
10100,1,1085,1085,0
10101,1,995,995,0
10102,1,1090,1090,0
10103,1,1017,1017,0
10104,1,1072,1072,0
10121,1,1127,1127,0
10122,1,1024,1024,0
10127,1,949,949,0
10128,1,1071,1071,0
10131,1,1043,1043,0
10132,1,1055,1055,0
10165,1,1114,1114,0
10166,1,1053,1053,0
10171,1,1089,1089,0
10172,1,1119,1119,0
10187,1,1047,1047,0
10188,1,1080,1080,0
10189,1,1100,1100,0
10190,1,1053,1053,0
10225,1,1021,1021,0
10226,1,1031,1031,0
6905,1,1073,1073,0
6906,1,1099,1099,0
10265,1,1099,1099,0
10266,1,1012,1012,0
10269,1,1081,1081,0
10270,1,1086,1086,0
10413,1,1023,1023,0
10414,1,1099,1099,0
10479,1,999,999,0
10480,1,1006,1006,0
10499,1,1070,1070,0
10500,1,1034,1034,0
10531,1,1069,1069,0
10532,1,981,981,0
10591,1,1101,1101,0
10592,1,972,972,0
10593,1,1095,1095,0
10594,1,1005,1005,0
10595,1,1115,1115,0
10596,1,1010,1010,0
10701,1,1087,1087,0
10702,1,1050,1050,0
10745,1,1075,1075,0
10746,1,1103,1103,0
10791,1,1068,1068,0
10792,1,1068,1068,0
10801,1,1086,1086,0
10802,1,998,998,0
10805,1,1102,1102,0
10806,1,1100,1100,0
10807,1,986,986,0
10808,1,1081,1081,0
10809,1,1009,1009,0
10810,1,1019,1019,0
10853,1,1029,1029,0
10854,1,1017,1017,0
10931,1,1100,1100,0
10932,1,1038,1038,0
10933,1,1044,1044,0
10934,1,1092,1092,0
8155,1,1052,1052,0
8156,1,1089,1089,0
8281,1,1064,1064,0
8282,1,1049,1049,0
8283,1,1009,1009,0
8284,1,1071,1071,0
8295,1,1051,1051,0
8296,1,1062,1062,0
8299,1,1040,1040,0
8300,1,1110,1110,0
8311,1,1085,1085,0
8312,1,1050,1050,0
8313,1,998,998,0
8314,1,1020,1020,0
8325,1,1062,1062,0
8326,1,1017,1017,0
8327,1,1004,1004,0
8328,1,1077,1077,0
8331,1,1028,1028,0
8332,1,1007,1007,0
8333,1,980,980,0
8334,1,1050,1050,0
8343,1,1066,1066,0
8344,1,1093,1093,0
8359,1,1083,1083,0
8360,1,1111,1111,0
8365,1,1096,1096,0
8366,1,1108,1108,0
8367,1,1029,1029,0
8368,1,1079,1079,0
8371,1,1107,1107,0
8372,1,1013,1013,0
8403,1,988,988,0
8404,1,1040,1040,0
8415,1,1083,1083,0
8416,1,1016,1016,0
8425,1,1092,1092,0
8426,1,1068,1068,0
8437,1,1039,1039,0
8438,1,979,979,0
4157,1,1042,1042,0
4158,1,1068,1068,0
4187,1,1118,1118,0
4188,1,1075,1075,0
4993,1,1076,1076,0
4994,1,1065,1065,0
4997,1,1058,1058,0
4998,1,1025,1025,0
5019,1,1045,1045,0
5020,1,1050,1050,0
6707,1,1079,1079,0
6708,1,1024,1024,0
6717,1,995,995,0
6718,1,1016,1016,0
6731,1,1032,1032,0
6732,1,1036,1036,0
7099,1,1119,1119,0
7100,1,1061,1061,0
7101,1,1061,1061,0
7102,1,990,990,0
7227,1,1019,1019,0
7228,1,1055,1055,0
8091,1,1024,1024,0
8092,1,1138,1138,0
8097,1,1079,1079,0
8098,1,964,964,0
8105,1,1057,1057,0
8106,1,1102,1102,0
8111,1,948,948,0
8112,1,1097,1097,0
8131,1,1092,1092,0
8132,1,1074,1074,0
8135,1,1069,1069,0
8136,1,1036,1036,0
8137,1,1032,1032,0
8138,1,998,998,0
8139,1,1083,1083,0
8140,1,1073,1073,0
8147,1,1100,1100,0
8148,1,1068,1068,0
8151,1,1093,1093,0
8152,1,1037,1037,0
8163,1,1067,1067,0
8164,1,1060,1060,0
8165,1,1104,1104,0
8166,1,988,988,0
8183,1,992,992,0
8184,1,1052,1052,0
8219,1,1053,1053,0
8220,1,1024,1024,0
8235,1,1063,1063,0
8236,1,1019,1019,0
8239,1,1031,1031,0
8240,1,1053,1053,0
8241,1,1031,1031,0
8242,1,1031,1031,0
8243,1,988,988,0
8244,1,1024,1024,0
8267,1,1068,1068,0
8268,1,1061,1061,0
8277,1,1043,1043,0
8278,1,1077,1077,0
8279,1,1092,1092,0
8280,1,1002,1002,0
623,1,1032,1032,0
624,1,1024,1024,0
1021,1,1059,1059,0
1022,1,1062,1062,0
1331,1,1038,1038,0
1332,1,1059,1059,0
1349,1,1051,1051,0
1350,1,1029,1029,0
1369,1,1051,1051,0
1370,1,1044,1044,0
1411,1,1045,1045,0
1412,1,1053,1053,0
1495,1,1027,1027,0
1496,1,1090,1090,0
1509,1,1069,1069,0
1510,1,1030,1030,0
1543,1,1028,1028,0
1544,1,1046,1046,0
1549,1,1050,1050,0
1550,1,1001,1001,0
1569,1,961,961,0
1570,1,1005,1005,0
1631,1,1008,1008,0
1632,1,1000,1000,0
1637,1,1110,1110,0
1638,1,1065,1065,0
1677,1,1033,1033,0
1678,1,1023,1023,0
1687,1,1000,1000,0
1688,1,1027,1027,0
1703,1,1013,1013,0
1704,1,1043,1043,0
1717,1,1070,1070,0
1718,1,1004,1004,0
1881,1,1048,1048,0
1882,1,1074,1074,0
1953,1,1060,1060,0
1954,1,1010,1010,0
1961,1,1045,1045,0
1962,1,1047,1047,0
6021,1,1032,1032,0
6022,1,1045,1045,0
6505,1,999,999,0
6506,1,1106,1106,0
6511,1,1048,1048,0
6512,1,1064,1064,0
6695,1,1111,1111,0
6696,1,1011,1011,0
11069,1,1012,1012,0
11070,1,996,996,0
11139,1,1071,1071,0
11140,1,1020,1020,0
11143,1,1100,1100,0
11144,1,996,996,0
11147,1,1068,1068,0
11148,1,983,983,0
11151,1,1077,1077,0
11152,1,1045,1045,0
11155,1,1026,1026,0
11156,1,1025,1025,0
13,1,1076,1076,0
14,1,998,998,0
941,1,1005,1005,0
942,1,1044,1044,0
2023,1,1076,1076,0
2024,1,1157,1157,0
2049,1,1081,1081,0
2050,1,1049,1049,0
2051,1,1013,1013,0
2052,1,1039,1039,0
2057,1,1027,1027,0
2058,1,1130,1130,0
2059,1,1098,1098,0
2060,1,995,995,0
2061,1,1083,1083,0
2062,1,1042,1042,0
2255,1,1085,1085,0
2256,1,1051,1051,0
2259,1,1051,1051,0
2260,1,990,990,0
2261,1,977,977,0
2262,1,1044,1044,0
2915,1,1038,1038,0
2916,1,1019,1019,0
2917,1,1066,1066,0
2918,1,1040,1040,0
2919,1,1106,1106,0
2920,1,981,981,0
3801,1,1053,1053,0
3802,1,1029,1029,0
3807,1,1017,1017,0
3808,1,1056,1056,0
3813,1,1100,1100,0
3814,1,976,976,0
3821,1,1011,1011,0
3822,1,1068,1068,0
3833,1,1014,1014,0
3834,1,1069,1069,0
3873,1,990,990,0
3874,1,1046,1046,0
3923,1,1050,1050,0
3924,1,1081,1081,0
