1003,1,185,185,0
1004,1,205,205,0
1005,1,179,179,0
1006,1,185,185,0
1007,1,196,196,0
1008,1,175,175,0
1696,1,181,181,0
1697,1,195,195,0
1051,1,163,163,0
1052,1,232,232,0
1053,1,209,209,0
1054,1,242,242,0
1055,1,222,222,0
1056,1,163,163,0
1057,1,217,217,0
6917,1,201,201,0
1401,1,178,178,0
1402,1,170,170,0
1403,1,207,207,0
1404,1,192,192,0
1405,1,178,178,0
1406,1,247,247,0
1407,1,207,207,0
4803,1,210,210,0
1695,1,221,221,0
1698,1,198,198,0
1699,1,212,212,0
1700,1,253,253,0
1701,1,191,191,0
2486,1,182,182,0
2487,1,186,186,0
2488,1,211,211,0
2489,1,181,181,0
2490,1,206,206,0
2491,1,187,187,0
2492,1,191,191,0
7099,1,176,176,0
7100,1,211,211,0
7104,1,233,233,0
7105,1,196,196,0
4804,1,182,182,0
4805,1,177,177,0
4806,1,165,165,0
4807,1,213,213,0
4808,1,159,159,0
4809,1,221,221,0
20728,1,174,174,0
20729,1,171,171,0
6437,1,177,177,0
5727,1,172,172,0
5731,1,205,205,0
5732,1,229,229,0
5733,1,186,186,0
6434,1,188,188,0
6435,1,223,223,0
6436,1,229,229,0
21428,1,234,234,0
6918,1,172,172,0
6919,1,204,204,0
6920,1,217,217,0
6921,1,168,168,0
6922,1,206,206,0
6923,1,171,171,0
7078,1,192,192,0
7079,1,198,198,0
7057,1,201,201,0
7058,1,226,226,0
7059,1,185,185,0
7060,1,225,225,0
7061,1,243,243,0
7062,1,172,172,0
7063,1,174,174,0
7274,1,200,200,0
7101,1,237,237,0
7102,1,170,170,0
7103,1,163,163,0
8093,1,232,232,0
8096,1,193,193,0
8097,1,182,182,0
8098,1,171,171,0
8099,1,188,188,0
7248,1,209,209,0
7249,1,187,187,0
7250,1,229,229,0
7251,1,186,186,0
7252,1,233,233,0
7330,1,170,170,0
7331,1,183,183,0
7332,1,209,209,0
7275,1,168,168,0
7276,1,194,194,0
7277,1,241,241,0
7278,1,179,179,0
7279,1,209,209,0
7280,1,171,171,0
10208,1,182,182,0
10209,1,201,201,0
7706,1,199,199,0
7707,1,230,230,0
8058,1,160,160,0
8059,1,170,170,0
8060,1,209,209,0
8061,1,217,217,0
8062,1,198,198,0
8064,1,241,241,0
7999,1,238,238,0
8044,1,179,179,0
8045,1,186,186,0
8046,1,196,196,0
8047,1,152,152,0
8048,1,190,190,0
8049,1,172,172,0
8050,1,176,176,0
8212,1,173,173,0
8063,1,186,186,0
8163,1,201,201,0
8164,1,189,189,0
8165,1,168,168,0
8166,1,176,176,0
8167,1,177,177,0
8168,1,170,170,0
8169,1,194,194,0
8555,1,201,201,0
8094,1,208,208,0
8095,1,196,196,0
9528,1,205,205,0
9529,1,204,204,0
9530,1,199,199,0
9531,1,176,176,0
9532,1,167,167,0
9533,1,203,203,0
8235,1,230,230,0
8236,1,212,212,0
8237,1,233,233,0
8238,1,192,192,0
8239,1,167,167,0
8436,1,170,170,0
8437,1,189,189,0
8438,1,217,217,0
8496,1,190,190,0
8497,1,175,175,0
8498,1,234,234,0
9017,1,169,169,0
9018,1,170,170,0
9019,1,182,182,0
9020,1,240,240,0
9021,1,205,205,0
8534,1,190,190,0
8535,1,172,172,0
8536,1,178,178,0
8537,1,186,186,0
8538,1,216,216,0
8539,1,172,172,0
8540,1,180,180,0
9920,1,185,185,0
9921,1,216,216,0
8556,1,192,192,0
8557,1,229,229,0
8558,1,221,221,0
8559,1,171,171,0
8560,1,166,166,0
8561,1,192,192,0
9152,1,169,169,0
9153,1,184,184,0
9004,1,165,165,0
9005,1,250,250,0
9006,1,191,191,0
9007,1,195,195,0
9008,1,174,174,0
9009,1,184,184,0
12041,1,227,227,0
12042,1,221,221,0
9022,1,190,190,0
9023,1,197,197,0
9178,1,197,197,0
9179,1,184,184,0
9180,1,183,183,0
9181,1,164,164,0
9182,1,207,207,0
9184,1,203,203,0
9534,1,199,199,0
9661,1,179,179,0
9662,1,193,193,0
9663,1,241,241,0
9664,1,205,205,0
9665,1,191,191,0
9666,1,159,159,0
9667,1,186,186,0
9546,1,190,190,0
9547,1,170,170,0
9548,1,218,218,0
9633,1,178,178,0
9634,1,205,205,0
9635,1,175,175,0
9636,1,192,192,0
9637,1,210,210,0
9638,1,183,183,0
9639,1,193,193,0
10053,1,209,209,0
10054,1,178,178,0
10055,1,165,165,0
10056,1,192,192,0
10057,1,201,201,0
10058,1,195,195,0
9922,1,177,177,0
9923,1,213,213,0
9924,1,183,183,0
9925,1,160,160,0
9926,1,227,227,0
14197,1,241,241,0
14198,1,217,217,0
14199,1,170,170,0
9983,1,234,234,0
9984,1,158,158,0
9985,1,196,196,0
9986,1,191,191,0
9987,1,189,189,0
9988,1,177,177,0
9989,1,181,181,0
16992,1,172,172,0
18880,1,212,212,0
10039,1,191,191,0
10040,1,162,162,0
10041,1,235,235,0
10042,1,199,199,0
10043,1,239,239,0
10044,1,192,192,0
10045,1,177,177,0
10417,1,191,191,0
10059,1,174,174,0
10228,1,230,230,0
10229,1,161,161,0
10230,1,190,190,0
10231,1,188,188,0
10232,1,174,174,0
10233,1,191,191,0
10234,1,190,190,0
10207,1,226,226,0
10210,1,178,178,0
10211,1,235,235,0
10212,1,182,182,0
10213,1,172,172,0
17018,1,207,207,0
17019,1,188,188,0
17024,1,196,196,0
10372,1,180,180,0
10373,1,183,183,0
10374,1,197,197,0
11446,1,180,180,0
11447,1,166,166,0
11448,1,186,186,0
11449,1,178,178,0
11450,1,192,192,0
11621,1,182,182,0
10418,1,210,210,0
10419,1,177,177,0
10420,1,169,169,0
10421,1,223,223,0
10422,1,182,182,0
10423,1,191,191,0
10837,1,174,174,0
10838,1,182,182,0
10592,1,171,171,0
10593,1,229,229,0
10594,1,184,184,0
10595,1,184,184,0
10596,1,176,176,0
10597,1,191,191,0
10598,1,185,185,0
10900,1,177,177,0
10901,1,196,196,0
10662,1,244,244,0
10663,1,181,181,0
10664,1,176,176,0
10665,1,246,246,0
10666,1,192,192,0
10667,1,191,191,0
10668,1,206,206,0
10912,1,242,242,0
10839,1,200,200,0
10840,1,213,213,0
10841,1,178,178,0
10842,1,196,196,0
10843,1,204,204,0
11061,1,184,184,0
11062,1,250,250,0
11063,1,167,167,0
10902,1,180,180,0
10903,1,168,168,0
10904,1,163,163,0
10905,1,164,164,0
10906,1,205,205,0
10935,1,219,219,0
10936,1,218,218,0
10937,1,207,207,0
10907,1,204,204,0
10908,1,183,183,0
10909,1,177,177,0
10910,1,194,194,0
10911,1,167,167,0
10913,1,173,173,0
11173,1,197,197,0
11174,1,174,174,0
11175,1,167,167,0
11064,1,223,223,0
11065,1,182,182,0
11066,1,212,212,0
11067,1,196,196,0
11362,1,164,164,0
11363,1,194,194,0
11364,1,169,169,0
11365,1,191,191,0
11176,1,199,199,0
11177,1,159,159,0
11178,1,167,167,0
11179,1,200,200,0
11558,1,198,198,0
11559,1,197,197,0
11560,1,178,178,0
11561,1,180,180,0
11873,1,168,168,0
11366,1,173,173,0
11367,1,181,181,0
11368,1,205,205,0
11572,1,207,207,0
11573,1,210,210,0
11574,1,171,171,0
11575,1,206,206,0
11576,1,215,215,0
11562,1,239,239,0
11563,1,194,194,0
11564,1,223,223,0
11874,1,174,174,0
11875,1,204,204,0
11876,1,242,242,0
11877,1,216,216,0
11908,1,222,222,0
11577,1,226,226,0
11578,1,199,199,0
12097,1,186,186,0
12098,1,172,172,0
12099,1,175,175,0
12100,1,186,186,0
12101,1,233,233,0
12102,1,220,220,0
11627,1,184,184,0
15709,1,237,237,0
15710,1,205,205,0
15711,1,175,175,0
15713,1,188,188,0
15714,1,179,179,0
15715,1,230,230,0
22240,1,230,230,0
11660,1,195,195,0
11661,1,235,235,0
11662,1,211,211,0
11740,1,161,161,0
11741,1,164,164,0
11744,1,206,206,0
11745,1,187,187,0
11746,1,195,195,0
11878,1,205,205,0
11879,1,219,219,0
11909,1,181,181,0
11910,1,190,190,0
11911,1,235,235,0
11912,1,217,217,0
11913,1,162,162,0
11914,1,187,187,0
11929,1,239,239,0
11930,1,169,169,0
11931,1,167,167,0
11932,1,185,185,0
11933,1,179,179,0
11934,1,164,164,0
11935,1,177,177,0
12139,1,207,207,0
12043,1,229,229,0
12044,1,236,236,0
12045,1,186,186,0
12046,1,232,232,0
12047,1,185,185,0
12440,1,186,186,0
12441,1,212,212,0
13385,1,197,197,0
12103,1,217,217,0
12195,1,235,235,0
12196,1,175,175,0
12197,1,209,209,0
12198,1,166,166,0
12199,1,244,244,0
12200,1,177,177,0
12201,1,193,193,0
12140,1,193,193,0
12141,1,168,168,0
12142,1,224,224,0
12143,1,174,174,0
12144,1,202,202,0
12145,1,170,170,0
12181,1,218,218,0
12182,1,173,173,0
12239,1,188,188,0
12240,1,216,216,0
12241,1,223,223,0
12242,1,230,230,0
12243,1,236,236,0
12874,1,218,218,0
12875,1,181,181,0
12876,1,182,182,0
12265,1,168,168,0
12266,1,179,179,0
12267,1,187,187,0
12268,1,174,174,0
12269,1,216,216,0
12270,1,184,184,0
12271,1,177,177,0
13568,1,217,217,0
13569,1,191,191,0
12293,1,228,228,0
12294,1,209,209,0
12295,1,202,202,0
12296,1,188,188,0
12297,1,184,184,0
12298,1,227,227,0
12299,1,169,169,0
12384,1,180,180,0
12442,1,212,212,0
12443,1,233,233,0
12444,1,167,167,0
12445,1,223,223,0
12446,1,227,227,0
13386,1,201,201,0
13387,1,199,199,0
14008,1,206,206,0
12877,1,184,184,0
12878,1,170,170,0
12879,1,175,175,0
12880,1,171,171,0
12960,1,211,211,0
12961,1,242,242,0
12962,1,186,186,0
12963,1,170,170,0
13082,1,241,241,0
13083,1,198,198,0
13399,1,207,207,0
13400,1,181,181,0
13401,1,227,227,0
13402,1,170,170,0
13403,1,206,206,0
13404,1,175,175,0
13501,1,191,191,0
13502,1,211,211,0
13503,1,165,165,0
14009,1,171,171,0
14010,1,211,211,0
14011,1,186,186,0
14012,1,177,177,0
15270,1,209,209,0
13612,1,209,209,0
13613,1,198,198,0
13614,1,193,193,0
13615,1,239,239,0
14064,1,239,239,0
14065,1,155,155,0
14066,1,182,182,0
14067,1,218,218,0
13819,1,160,160,0
13820,1,198,198,0
13821,1,212,212,0
13822,1,189,189,0
13825,1,167,167,0
13984,1,177,177,0
13985,1,201,201,0
13986,1,207,207,0
13823,1,195,195,0
14181,1,172,172,0
14182,1,203,203,0
14310,1,192,192,0
14311,1,228,228,0
14312,1,210,210,0
14313,1,225,225,0
14314,1,171,171,0
14027,1,163,163,0
14028,1,226,226,0
23649,1,171,171,0
23650,1,214,214,0
23651,1,215,215,0
23652,1,170,170,0
23653,1,215,215,0
24928,1,176,176,0
14200,1,172,172,0
14201,1,172,172,0
14202,1,182,182,0
14203,1,171,171,0
18881,1,233,233,0
18882,1,240,240,0
18883,1,188,188,0
17184,1,235,235,0
14309,1,180,180,0
14315,1,207,207,0
14575,1,176,176,0
14576,1,221,221,0
14577,1,207,207,0
14578,1,215,215,0
14579,1,181,181,0
14580,1,159,159,0
14581,1,177,177,0
15093,1,197,197,0
15094,1,212,212,0
15095,1,226,226,0
15096,1,195,195,0
15097,1,170,170,0
15098,1,170,170,0
15232,1,171,171,0
14649,1,159,159,0
14650,1,234,234,0
14651,1,184,184,0
15598,1,183,183,0
15599,1,171,171,0
15600,1,215,215,0
15601,1,204,204,0
15602,1,170,170,0
14990,1,174,174,0
14991,1,187,187,0
14992,1,188,188,0
14993,1,203,203,0
14994,1,186,186,0
19468,1,163,163,0
19469,1,189,189,0
19470,1,166,166,0
19471,1,179,179,0
15099,1,167,167,0
15226,1,219,219,0
15227,1,182,182,0
15228,1,183,183,0
15229,1,256,256,0
15230,1,155,155,0
15268,1,179,179,0
15269,1,223,223,0
15231,1,157,157,0
16239,1,205,205,0
16240,1,171,171,0
16500,1,191,191,0
16501,1,176,176,0
16502,1,215,215,0
16503,1,245,245,0
16504,1,222,222,0
15271,1,175,175,0
15272,1,163,163,0
15273,1,229,229,0
15274,1,188,188,0
15443,1,240,240,0
15444,1,163,163,0
15445,1,205,205,0
15856,1,173,173,0
15446,1,187,187,0
15447,1,236,236,0
15448,1,169,169,0
15449,1,207,207,0
15857,1,158,158,0
15858,1,226,226,0
15859,1,186,186,0
16234,1,201,201,0
15603,1,200,200,0
16409,1,208,208,0
16410,1,218,218,0
16411,1,211,211,0
16412,1,171,171,0
16413,1,228,228,0
16414,1,166,166,0
16521,1,226,226,0
16505,1,183,183,0
16506,1,231,231,0
17816,1,185,185,0
17817,1,181,181,0
17818,1,241,241,0
17819,1,233,233,0
17820,1,223,223,0
17821,1,182,182,0
17822,1,176,176,0
16759,1,212,212,0
16760,1,183,183,0
16761,1,196,196,0
16762,1,223,223,0
16763,1,159,159,0
16764,1,188,188,0
17060,1,171,171,0
16765,1,211,211,0
19316,1,214,214,0
19317,1,247,247,0
19318,1,188,188,0
19319,1,203,203,0
19510,1,218,218,0
19511,1,176,176,0
19512,1,194,194,0
16990,1,144,144,0
16991,1,240,240,0
16993,1,203,203,0
16994,1,178,178,0
16995,1,207,207,0
16996,1,194,194,0
49643,1,207,207,0
49644,1,183,183,0
17020,1,172,172,0
17021,1,223,223,0
17022,1,228,228,0
17023,1,153,153,0
17179,1,176,176,0
17180,1,197,197,0
17185,1,192,192,0
17361,1,221,221,0
17181,1,187,187,0
17182,1,182,182,0
17183,1,188,188,0
17362,1,180,180,0
17363,1,172,172,0
17364,1,155,155,0
17365,1,170,170,0
22730,1,209,209,0
22731,1,197,197,0
17366,1,178,178,0
17367,1,250,250,0
22732,1,182,182,0
22733,1,158,158,0
22734,1,222,222,0
22735,1,173,173,0
20928,1,213,213,0
20929,1,233,233,0
18884,1,221,221,0
18885,1,197,197,0
18886,1,225,225,0
20924,1,181,181,0
20925,1,178,178,0
20930,1,203,203,0
19223,1,188,188,0
19559,1,169,169,0
19224,1,176,176,0
19225,1,218,218,0
19226,1,204,204,0
19227,1,205,205,0
19228,1,163,163,0
19229,1,181,181,0
19560,1,168,168,0
19561,1,234,234,0
19320,1,172,172,0
19373,1,229,229,0
19374,1,215,215,0
19375,1,169,169,0
19376,1,162,162,0
19636,1,157,157,0
19637,1,218,218,0
19638,1,188,188,0
19472,1,159,159,0
19473,1,172,172,0
19474,1,185,185,0
22926,1,228,228,0
22927,1,224,224,0
22928,1,177,177,0
22929,1,188,188,0
22930,1,230,230,0
19639,1,170,170,0
19513,1,220,220,0
19514,1,171,171,0
19515,1,180,180,0
20868,1,213,213,0
20869,1,239,239,0
20870,1,224,224,0
20871,1,153,153,0
19516,1,206,206,0
19640,1,168,168,0
19641,1,204,204,0
19692,1,210,210,0
19693,1,231,231,0
19694,1,181,181,0
19695,1,177,177,0
19696,1,175,175,0
19562,1,195,195,0
19563,1,212,212,0
19564,1,165,165,0
19565,1,212,212,0
23864,1,214,214,0
23865,1,173,173,0
21312,1,227,227,0
21313,1,234,234,0
19916,1,194,194,0
19917,1,185,185,0
19918,1,170,170,0
19919,1,195,195,0
19920,1,173,173,0
19921,1,172,172,0
19922,1,166,166,0
41826,1,205,205,0
41827,1,162,162,0
20926,1,175,175,0
20927,1,194,194,0
21309,1,164,164,0
21310,1,182,182,0
21314,1,173,173,0
21315,1,228,228,0
29226,1,219,219,0
29227,1,186,186,0
21311,1,212,212,0
29228,1,191,191,0
29229,1,236,236,0
29230,1,212,212,0
29231,1,188,188,0
29232,1,184,184,0
36835,1,176,176,0
49744,1,42,42,0
22718,1,180,180,0
22719,1,179,179,0
25054,1,197,197,0
25056,1,187,187,0
25057,1,196,196,0
25058,1,160,160,0
25059,1,228,228,0
25060,1,194,194,0
22736,1,202,202,0
36836,1,185,185,0
36837,1,239,239,0
36838,1,198,198,0
36839,1,166,166,0
36840,1,164,164,0
36841,1,195,195,0
49547,1,187,187,0
49548,1,229,229,0
22931,1,170,170,0
22932,1,234,234,0
23542,1,237,237,0
23543,1,163,163,0
23544,1,175,175,0
23545,1,202,202,0
23546,1,246,246,0
23547,1,224,224,0
23435,1,207,207,0
23436,1,205,205,0
25649,1,172,172,0
25650,1,189,189,0
25651,1,171,171,0
25652,1,228,228,0
25653,1,197,197,0
28033,1,186,186,0
24929,1,169,169,0
27744,1,225,225,0
23647,1,193,193,0
24930,1,188,188,0
24931,1,223,223,0
24932,1,207,207,0
24933,1,240,240,0
24934,1,219,219,0
23866,1,171,171,0
23867,1,196,196,0
23868,1,171,171,0
23869,1,175,175,0
23870,1,229,229,0
35982,1,174,174,0
35983,1,219,219,0
26688,1,200,200,0
25055,1,161,161,0
27119,1,149,149,0
27120,1,185,185,0
27121,1,205,205,0
27122,1,206,206,0
27123,1,216,216,0
27124,1,237,237,0
27125,1,229,229,0
26782,1,198,198,0
26909,1,177,177,0
26910,1,199,199,0
26911,1,171,171,0
26912,1,175,175,0
26913,1,236,236,0
26914,1,161,161,0
26915,1,192,192,0
27188,1,190,190,0
27742,1,181,181,0
27743,1,164,164,0
27745,1,188,188,0
27746,1,196,196,0
27747,1,209,209,0
27748,1,171,171,0
29905,1,207,207,0
29906,1,231,231,0
28029,1,161,161,0
28030,1,225,225,0
28031,1,189,189,0
28034,1,193,193,0
28035,1,212,212,0
28043,1,204,204,0
28044,1,217,217,0
36814,1,168,168,0
29907,1,171,171,0
29908,1,208,208,0
29909,1,171,171,0
29910,1,156,156,0
29911,1,186,186,0
32180,1,210,210,0
32181,1,184,184,0
41651,1,188,188,0
30431,1,191,191,0
33503,1,190,190,0
34910,1,173,173,0
34916,1,183,183,0
43107,1,238,238,0
43108,1,166,166,0
43109,1,187,187,0
43110,1,204,204,0
43111,1,180,180,0
34781,1,185,185,0
34782,1,170,170,0
34783,1,188,188,0
36815,1,179,179,0
36816,1,247,247,0
36817,1,221,221,0
36818,1,202,202,0
39369,1,220,220,0
34911,1,189,189,0
43112,1,183,183,0
43113,1,171,171,0
44983,1,165,165,0
44984,1,182,182,0
44985,1,151,151,0
44986,1,193,193,0
44987,1,173,173,0
44988,1,237,237,0
39280,1,207,207,0
39281,1,183,183,0
39282,1,176,176,0
39283,1,171,171,0
39284,1,237,237,0
49638,1,198,198,0
49639,1,208,208,0
49640,1,179,179,0
41563,1,182,182,0
41564,1,188,188,0
41565,1,174,174,0
41566,1,166,166,0
41655,1,193,193,0
41657,1,217,217,0
43461,1,185,185,0
43462,1,168,168,0
43463,1,166,166,0
41828,1,206,206,0
41829,1,185,185,0
41830,1,179,179,0
41831,1,205,205,0
41832,1,201,201,0
42170,1,166,166,0
42171,1,194,194,0
42172,1,203,203,0
44086,1,233,233,0
44989,1,170,170,0
47034,1,167,167,0
47035,1,192,192,0
47036,1,181,181,0
47037,1,213,213,0
47038,1,188,188,0
47039,1,184,184,0
47040,1,212,212,0
48973,1,153,153,0
45694,1,175,175,0
45695,1,198,198,0
47801,1,186,186,0
47802,1,199,199,0
47803,1,214,214,0
47839,1,172,172,0
47844,1,178,178,0
47845,1,198,198,0
48063,1,168,168,0
48067,1,214,214,0
48068,1,200,200,0
48069,1,168,168,0
48735,1,210,210,0
48975,1,197,197,0
48976,1,200,200,0
48977,1,174,174,0
48978,1,211,211,0
48979,1,229,229,0
49551,1,231,231,0
49552,1,191,191,0
49553,1,167,167,0
49641,1,201,201,0
49642,1,191,191,0
49608,1,188,188,0
49609,1,187,187,0
49743,1,177,177,0
1031,1,219,219,0
1032,1,213,213,0
1033,1,214,214,0
1034,1,164,164,0
1035,1,232,232,0
1036,1,211,211,0
1653,1,175,175,0
1654,1,169,169,0
1205,1,178,178,0
1206,1,176,176,0
1207,1,194,194,0
1208,1,177,177,0
1209,1,206,206,0
1210,1,184,184,0
1211,1,167,167,0
10016,1,230,230,0
10017,1,165,165,0
1655,1,232,232,0
1656,1,170,170,0
1657,1,171,171,0
1658,1,191,191,0
1659,1,242,242,0
1765,1,169,169,0
1766,1,189,189,0
1767,1,151,151,0
3316,1,217,217,0
3317,1,187,187,0
3318,1,229,229,0
5461,1,144,144,0
5462,1,217,217,0
5463,1,162,162,0
5464,1,170,170,0
5465,1,189,189,0
4843,1,208,208,0
4844,1,196,196,0
5230,1,239,239,0
5231,1,173,173,0
5232,1,175,175,0
5233,1,224,224,0
5234,1,182,182,0
5235,1,180,180,0
7085,1,198,198,0
7086,1,209,209,0
7087,1,220,220,0
7088,1,210,210,0
7089,1,185,185,0
7090,1,208,208,0
7091,1,171,171,0
12258,1,221,221,0
7253,1,229,229,0
7254,1,167,167,0
7255,1,211,211,0
7256,1,198,198,0
7257,1,206,206,0
7258,1,151,151,0
7259,1,193,193,0
8800,1,188,188,0
7379,1,210,210,0
7380,1,162,162,0
7381,1,184,184,0
7382,1,171,171,0
7383,1,191,191,0
7384,1,166,166,0
7385,1,216,216,0
7400,1,185,185,0
7401,1,195,195,0
7512,1,216,216,0
7513,1,219,219,0
7514,1,160,160,0
7515,1,197,197,0
7516,1,223,223,0
7517,1,190,190,0
7518,1,211,211,0
10277,1,179,179,0
7652,1,258,258,0
7653,1,198,198,0
7654,1,187,187,0
7655,1,177,177,0
7656,1,180,180,0
7657,1,223,223,0
7658,1,181,181,0
12448,1,231,231,0
7827,1,192,192,0
7828,1,201,201,0
7829,1,198,198,0
7830,1,215,215,0
7831,1,167,167,0
7832,1,187,187,0
7833,1,236,236,0
7904,1,202,202,0
7905,1,247,247,0
7906,1,228,228,0
7907,1,230,230,0
7908,1,155,155,0
7909,1,200,200,0
7910,1,197,197,0
8032,1,191,191,0
8033,1,198,198,0
8030,1,197,197,0
8031,1,208,208,0
8034,1,226,226,0
8035,1,216,216,0
8036,1,191,191,0
8268,1,200,200,0
8269,1,215,215,0
8270,1,189,189,0
8271,1,193,193,0
8272,1,210,210,0
8273,1,213,213,0
8274,1,169,169,0
8618,1,198,198,0
8619,1,190,190,0
8620,1,162,162,0
8621,1,175,175,0
9408,1,193,193,0
8758,1,172,172,0
8759,1,178,178,0
8760,1,168,168,0
8761,1,207,207,0
8762,1,178,178,0
8763,1,162,162,0
8764,1,217,217,0
9192,1,194,194,0
9193,1,189,189,0
8801,1,189,189,0
8802,1,188,188,0
8803,1,184,184,0
8804,1,222,222,0
8805,1,154,154,0
8806,1,188,188,0
8947,1,201,201,0
8948,1,184,184,0
9357,1,160,160,0
9358,1,213,213,0
9359,1,178,178,0
9913,1,191,191,0
9914,1,217,217,0
9915,1,171,171,0
9916,1,211,211,0
9917,1,223,223,0
9381,1,171,171,0
9382,1,188,188,0
9383,1,218,218,0
9384,1,182,182,0
9385,1,175,175,0
9386,1,173,173,0
9387,1,169,169,0
9402,1,171,171,0
9728,1,192,192,0
9403,1,224,224,0
9404,1,208,208,0
9405,1,188,188,0
9406,1,165,165,0
9407,1,206,206,0
9729,1,212,212,0
9730,1,218,218,0
10242,1,200,200,0
9585,1,236,236,0
9586,1,199,199,0
9587,1,195,195,0
9588,1,158,158,0
9589,1,212,212,0
9590,1,222,222,0
39845,1,163,163,0
39846,1,231,231,0
9724,1,168,168,0
9725,1,225,225,0
9726,1,184,184,0
9727,1,196,196,0
9969,1,177,177,0
9970,1,184,184,0
9971,1,173,173,0
9972,1,196,196,0
9848,1,212,212,0
9849,1,203,203,0
9899,1,141,141,0
9900,1,194,194,0
9901,1,189,189,0
9902,1,167,167,0
9903,1,190,190,0
9904,1,184,184,0
9905,1,151,151,0
9973,1,251,251,0
9974,1,180,180,0
9975,1,192,192,0
10172,1,234,234,0
10173,1,186,186,0
10176,1,187,187,0
10177,1,214,214,0
10178,1,183,183,0
10171,1,183,183,0
11110,1,197,197,0
11111,1,179,179,0
11112,1,181,181,0
11113,1,189,189,0
11114,1,238,238,0
11115,1,183,183,0
11116,1,171,171,0
10174,1,212,212,0
10175,1,151,151,0
10243,1,196,196,0
10244,1,173,173,0
10245,1,190,190,0
10246,1,212,212,0
10247,1,199,199,0
10248,1,174,174,0
10278,1,219,219,0
10279,1,179,179,0
10280,1,228,228,0
10281,1,222,222,0
10282,1,169,169,0
10283,1,183,183,0
11360,1,177,177,0
11361,1,185,185,0
10375,1,193,193,0
10376,1,174,174,0
10377,1,211,211,0
10378,1,176,176,0
10379,1,164,164,0
10380,1,185,185,0
10381,1,212,212,0
19853,1,203,203,0
10706,1,192,192,0
10707,1,184,184,0
10708,1,204,204,0
10709,1,177,177,0
10710,1,176,176,0
10893,1,202,202,0
10894,1,192,192,0
10895,1,181,181,0
10896,1,228,228,0
10897,1,232,232,0
10898,1,241,241,0
10899,1,166,166,0
11859,1,212,212,0
11860,1,194,194,0
11861,1,200,200,0
11862,1,174,174,0
11159,1,229,229,0
11160,1,173,173,0
11161,1,223,223,0
11162,1,174,174,0
11163,1,233,233,0
11164,1,186,186,0
11165,1,166,166,0
11691,1,227,227,0
11355,1,190,190,0
11356,1,173,173,0
11357,1,189,189,0
11358,1,199,199,0
11359,1,181,181,0
42393,1,224,224,0
42394,1,231,231,0
42395,1,238,238,0
11369,1,220,220,0
11370,1,219,219,0
11371,1,184,184,0
11372,1,165,165,0
11373,1,165,165,0
11374,1,204,204,0
11375,1,211,211,0
12489,1,230,230,0
11692,1,206,206,0
11693,1,243,243,0
11694,1,193,193,0
11695,1,206,206,0
11696,1,210,210,0
11697,1,234,234,0
13546,1,205,205,0
13547,1,176,176,0
11863,1,176,176,0
11864,1,211,211,0
11865,1,178,178,0
12160,1,225,225,0
12161,1,231,231,0
12162,1,245,245,0
12163,1,180,180,0
12164,1,162,162,0
12165,1,226,226,0
12166,1,211,211,0
14918,1,201,201,0
14919,1,166,166,0
14920,1,191,191,0
14921,1,184,184,0
14922,1,201,201,0
14923,1,197,197,0
12447,1,196,196,0
12449,1,204,204,0
12450,1,188,188,0
12451,1,233,233,0
12452,1,215,215,0
12453,1,190,190,0
13203,1,161,161,0
13204,1,219,219,0
12490,1,188,188,0
12491,1,228,228,0
12492,1,218,218,0
12493,1,197,197,0
12494,1,173,173,0
12495,1,233,233,0
13266,1,202,202,0
13267,1,178,178,0
12783,1,233,233,0
12784,1,203,203,0
12785,1,202,202,0
12786,1,181,181,0
12787,1,177,177,0
12788,1,204,204,0
12789,1,222,222,0
13196,1,201,201,0
12952,1,240,240,0
12953,1,219,219,0
12954,1,231,231,0
12955,1,199,199,0
12956,1,196,196,0
12957,1,214,214,0
43059,1,181,181,0
13197,1,177,177,0
13198,1,206,206,0
13199,1,210,210,0
13200,1,177,177,0
13201,1,172,172,0
13202,1,170,170,0
13268,1,221,221,0
13269,1,183,183,0
13270,1,200,200,0
13271,1,213,213,0
13272,1,163,163,0
13273,1,159,159,0
13274,1,238,238,0
13275,1,216,216,0
13276,1,218,218,0
13277,1,183,183,0
13278,1,181,181,0
13279,1,199,199,0
13413,1,181,181,0
13414,1,194,194,0
13415,1,241,241,0
13416,1,231,231,0
13417,1,200,200,0
13418,1,162,162,0
13419,1,217,217,0
13427,1,169,169,0
13428,1,201,201,0
13429,1,155,155,0
13430,1,216,216,0
13431,1,176,176,0
13931,1,177,177,0
13432,1,204,204,0
13433,1,149,149,0
13932,1,196,196,0
13933,1,214,214,0
13934,1,185,185,0
13935,1,211,211,0
13936,1,190,190,0
14624,1,217,217,0
14043,1,229,229,0
14044,1,185,185,0
14045,1,182,182,0
14046,1,217,217,0
14047,1,165,165,0
14048,1,174,174,0
14049,1,238,238,0
14050,1,185,185,0
14326,1,247,247,0
14327,1,199,199,0
14328,1,222,222,0
14329,1,185,185,0
14625,1,180,180,0
14626,1,172,172,0
14627,1,203,203,0
14519,1,234,234,0
14463,1,225,225,0
14520,1,168,168,0
14521,1,189,189,0
14522,1,221,221,0
14523,1,158,158,0
14524,1,217,217,0
14525,1,188,188,0
14568,1,208,208,0
14569,1,185,185,0
14570,1,231,231,0
14571,1,169,169,0
14572,1,232,232,0
14573,1,200,200,0
14574,1,221,221,0
14666,1,188,188,0
14724,1,204,204,0
14628,1,189,189,0
14629,1,218,218,0
14630,1,195,195,0
14792,1,197,197,0
14793,1,174,174,0
14794,1,205,205,0
14795,1,180,180,0
14796,1,199,199,0
14725,1,163,163,0
14726,1,183,183,0
14727,1,245,245,0
14728,1,182,182,0
14729,1,170,170,0
14730,1,206,206,0
14731,1,216,216,0
15107,1,155,155,0
14732,1,219,219,0
14733,1,152,152,0
14734,1,177,177,0
14735,1,202,202,0
14890,1,177,177,0
14891,1,187,187,0
14892,1,185,185,0
14893,1,219,219,0
14924,1,185,185,0
18103,1,201,201,0
18104,1,210,210,0
18105,1,204,204,0
18106,1,166,166,0
18107,1,200,200,0
18108,1,161,161,0
18109,1,212,212,0
15324,1,205,205,0
15325,1,193,193,0
15326,1,207,207,0
15328,1,173,173,0
15329,1,202,202,0
15330,1,155,155,0
15590,1,188,188,0
15591,1,227,227,0
15327,1,154,154,0
16231,1,202,202,0
16232,1,205,205,0
16233,1,168,168,0
20651,1,191,191,0
20652,1,181,181,0
20653,1,160,160,0
20654,1,172,172,0
20655,1,157,157,0
15592,1,197,197,0
15593,1,177,177,0
15594,1,191,191,0
15595,1,173,173,0
15596,1,225,225,0
15815,1,153,153,0
15816,1,212,212,0
16157,1,188,188,0
16158,1,188,188,0
16159,1,180,180,0
16213,1,215,215,0
16214,1,171,171,0
16215,1,196,196,0
16216,1,185,185,0
16217,1,216,216,0
17503,1,217,217,0
17642,1,198,198,0
17643,1,196,196,0
17644,1,177,177,0
17645,1,193,193,0
17646,1,241,241,0
17647,1,153,153,0
18866,1,213,213,0
18152,1,186,186,0
18153,1,213,213,0
18154,1,209,209,0
18155,1,164,164,0
18156,1,163,163,0
18157,1,178,178,0
18158,1,255,255,0
31712,1,185,185,0
18299,1,161,161,0
18300,1,237,237,0
18301,1,221,221,0
18302,1,246,246,0
18303,1,172,172,0
18305,1,180,180,0
18752,1,180,180,0
18753,1,175,175,0
18751,1,184,184,0
19280,1,175,175,0
19281,1,161,161,0
19282,1,220,220,0
19283,1,174,174,0
19284,1,194,194,0
19594,1,175,175,0
19595,1,239,239,0
18867,1,184,184,0
18868,1,235,235,0
18869,1,224,224,0
18870,1,240,240,0
18871,1,212,212,0
18872,1,244,244,0
21029,1,186,186,0
19854,1,228,228,0
19855,1,183,183,0
19856,1,218,218,0
19857,1,211,211,0
19858,1,178,178,0
19859,1,191,191,0
23801,1,174,174,0
23802,1,174,174,0
20016,1,237,237,0
20017,1,218,218,0
20018,1,183,183,0
20019,1,199,199,0
20020,1,198,198,0
42221,1,186,186,0
42222,1,180,180,0
42224,1,177,177,0
20657,1,172,172,0
22002,1,186,186,0
22003,1,212,212,0
22004,1,177,177,0
22005,1,204,204,0
22006,1,174,174,0
22007,1,178,178,0
22008,1,167,167,0
21022,1,167,167,0
21023,1,173,173,0
21030,1,222,222,0
21031,1,233,233,0
21032,1,180,180,0
21033,1,216,216,0
21034,1,188,188,0
21765,1,165,165,0
31711,1,169,169,0
31713,1,184,184,0
31714,1,207,207,0
31715,1,210,210,0
31716,1,224,224,0
31717,1,241,241,0
32026,1,224,224,0
32032,1,201,201,0
32027,1,235,235,0
32028,1,213,213,0
32029,1,211,211,0
32030,1,204,204,0
32031,1,214,214,0
34161,1,170,170,0
34162,1,195,195,0
34163,1,217,217,0
33168,1,225,225,0
33169,1,211,211,0
33170,1,213,213,0
33171,1,204,204,0
33172,1,153,153,0
33173,1,229,229,0
33314,1,221,221,0
33315,1,196,196,0
34014,1,191,191,0
34015,1,190,190,0
34018,1,193,193,0
34019,1,227,227,0
34020,1,210,210,0
36290,1,242,242,0
36291,1,170,170,0
36292,1,189,189,0
36293,1,183,183,0
36294,1,188,188,0
36295,1,182,182,0
36401,1,223,223,0
36402,1,177,177,0
36457,1,190,190,0
36458,1,204,204,0
36459,1,179,179,0
36403,1,166,166,0
36404,1,212,212,0
36405,1,188,188,0
36406,1,216,216,0
36407,1,190,190,0
36744,1,229,229,0
36745,1,186,186,0
36746,1,199,199,0
36460,1,180,180,0
36461,1,208,208,0
36462,1,172,172,0
36463,1,239,239,0
36747,1,254,254,0
36800,1,201,201,0
36801,1,187,187,0
36802,1,161,161,0
36630,1,249,249,0
36631,1,246,246,0
37765,1,183,183,0
37934,1,165,165,0
37935,1,241,241,0
37936,1,160,160,0
37937,1,212,212,0
37938,1,170,170,0
37939,1,167,167,0
36748,1,220,220,0
36749,1,188,188,0
36750,1,216,216,0
36803,1,178,178,0
36804,1,187,187,0
36805,1,188,188,0
36806,1,197,197,0
36912,1,199,199,0
36918,1,207,207,0
36964,1,193,193,0
36965,1,227,227,0
36966,1,197,197,0
36967,1,172,172,0
37826,1,196,196,0
39296,1,175,175,0
39297,1,218,218,0
37822,1,187,187,0
37823,1,227,227,0
37827,1,201,201,0
37828,1,219,219,0
39298,1,186,186,0
38893,1,171,171,0
38894,1,178,178,0
38897,1,213,213,0
38673,1,218,218,0
38674,1,175,175,0
38675,1,179,179,0
38895,1,199,199,0
38896,1,201,201,0
39368,1,228,228,0
40202,1,184,184,0
40203,1,208,208,0
38898,1,235,235,0
38899,1,180,180,0
39363,1,174,174,0
39364,1,197,197,0
39365,1,186,186,0
39366,1,172,172,0
39367,1,205,205,0
41184,1,176,176,0
40204,1,188,188,0
40205,1,197,197,0
40206,1,213,213,0
40207,1,207,207,0
40208,1,199,199,0
39848,1,178,178,0
39849,1,164,164,0
39850,1,200,200,0
40706,1,216,216,0
40707,1,229,229,0
40708,1,177,177,0
40709,1,196,196,0
40710,1,228,228,0
40711,1,181,181,0
40712,1,178,178,0
41185,1,200,200,0
41182,1,211,211,0
41183,1,196,196,0
41186,1,175,175,0
41187,1,176,176,0
41188,1,222,222,0
41392,1,186,186,0
41393,1,219,219,0
41805,1,227,227,0
41394,1,170,170,0
41395,1,186,186,0
41396,1,208,208,0
41397,1,228,228,0
41398,1,181,181,0
41806,1,183,183,0
41807,1,184,184,0
42031,1,238,238,0
42032,1,231,231,0
42033,1,173,173,0
42034,1,195,195,0
42035,1,211,211,0
43058,1,183,183,0
43060,1,225,225,0
42457,1,217,217,0
42458,1,218,218,0
42459,1,234,234,0
42460,1,196,196,0
42461,1,174,174,0
42462,1,192,192,0
48329,1,245,245,0
48330,1,189,189,0
42942,1,208,208,0
42943,1,203,203,0
44324,1,179,179,0
44444,1,159,159,0
44445,1,201,201,0
44448,1,224,224,0
44449,1,222,222,0
44450,1,205,205,0
43061,1,233,233,0
43062,1,222,222,0
43063,1,177,177,0
43064,1,211,211,0
44430,1,191,191,0
44431,1,181,181,0
44432,1,193,193,0
44433,1,180,180,0
43583,1,236,236,0
43587,1,212,212,0
43588,1,200,200,0
43589,1,228,228,0
44078,1,194,194,0
44079,1,239,239,0
44150,1,251,251,0
43629,1,162,162,0
43630,1,165,165,0
43631,1,219,219,0
48512,1,184,184,0
48513,1,180,180,0
48514,1,222,222,0
48515,1,207,207,0
48516,1,226,226,0
44377,1,169,169,0
44378,1,174,174,0
44379,1,174,174,0
44380,1,236,236,0
44885,1,170,170,0
44886,1,263,263,0
44887,1,190,190,0
44888,1,180,180,0
44434,1,198,198,0
44435,1,161,161,0
44436,1,178,178,0
45418,1,194,194,0
45419,1,182,182,0
45420,1,180,180,0
45421,1,195,195,0
45422,1,211,211,0
44526,1,193,193,0
44527,1,194,194,0
44712,1,171,171,0
44713,1,202,202,0
44714,1,222,222,0
44715,1,216,216,0
44716,1,187,187,0
45704,1,170,170,0
45705,1,177,177,0
45706,1,172,172,0
45425,1,173,173,0
45426,1,228,228,0
45427,1,221,221,0
45428,1,185,185,0
45578,1,211,211,0
45579,1,199,199,0
45429,1,154,154,0
45430,1,168,168,0
46261,1,199,199,0
46285,1,218,218,0
46286,1,165,165,0
46287,1,173,173,0
46288,1,196,196,0
46289,1,212,212,0
46262,1,182,182,0
46263,1,156,156,0
47433,1,165,165,0
47434,1,233,233,0
47435,1,194,194,0
47436,1,165,165,0
47437,1,220,220,0
47438,1,246,246,0
46290,1,177,177,0
46291,1,182,182,0
49526,1,245,245,0
49527,1,168,168,0
49528,1,171,171,0
49529,1,194,194,0
49530,1,215,215,0
49666,1,185,185,0
46872,1,218,218,0
48331,1,214,214,0
48332,1,186,186,0
48333,1,193,193,0
48334,1,216,216,0
48335,1,185,185,0
49631,1,208,208,0
49636,1,202,202,0
49637,1,203,203,0
49531,1,188,188,0
49532,1,248,248,0
49667,1,204,204,0
49668,1,208,208,0
49669,1,183,183,0
49670,1,236,236,0
49671,1,168,168,0
49672,1,185,185,0
49682,1,230,230,0
49683,1,178,178,0
49684,1,180,180,0
49685,1,193,193,0
49686,1,157,157,0
106,1,236,236,0
107,1,207,207,0
108,1,163,163,0
109,1,215,215,0
110,1,203,203,0
111,1,160,160,0
112,1,189,189,0
34609,1,210,210,0
2808,1,170,170,0
2809,1,174,174,0
2810,1,209,209,0
2811,1,174,174,0
2812,1,226,226,0
2813,1,177,177,0
2814,1,193,193,0
3328,1,201,201,0
3326,1,174,174,0
3327,1,234,234,0
3329,1,183,183,0
3330,1,213,213,0
3331,1,175,175,0
3332,1,188,188,0
35050,1,188,188,0
35051,1,209,209,0
32264,1,179,179,0
32265,1,203,203,0
32266,1,173,173,0
32267,1,176,176,0
32268,1,225,225,0
32269,1,174,174,0
32270,1,228,228,0
43030,1,163,163,0
34610,1,183,183,0
34611,1,204,204,0
34612,1,220,220,0
34613,1,249,249,0
34614,1,182,182,0
34615,1,219,219,0
37164,1,187,187,0
37165,1,254,254,0
37166,1,182,182,0
37167,1,168,168,0
37168,1,205,205,0
37169,1,221,221,0
37170,1,199,199,0
39397,1,187,187,0
39398,1,191,191,0
39399,1,201,201,0
39400,1,193,193,0
39401,1,210,210,0
39402,1,210,210,0
39403,1,244,244,0
39985,1,217,217,0
39986,1,220,220,0
39953,1,208,208,0
39954,1,181,181,0
39955,1,204,204,0
39956,1,219,219,0
42464,1,185,185,0
42465,1,210,210,0
42466,1,188,188,0
42467,1,165,165,0
41614,1,224,224,0
41615,1,201,201,0
42463,1,198,198,0
42468,1,203,203,0
42469,1,211,211,0
43031,1,182,182,0
43032,1,211,211,0
43033,1,244,244,0
46502,1,183,183,0
46503,1,214,214,0
43034,1,166,166,0
43035,1,194,194,0
43036,1,235,235,0
44804,1,164,164,0
44805,1,183,183,0
44806,1,209,209,0
44807,1,188,188,0
46504,1,164,164,0
1975,1,172,172,0
1976,1,205,205,0
1977,1,250,250,0
1978,1,231,231,0
1979,1,193,193,0
1980,1,179,179,0
1981,1,192,192,0
29625,1,226,226,0
3222,1,184,184,0
3223,1,233,233,0
3224,1,218,218,0
3225,1,242,242,0
3226,1,170,170,0
3227,1,192,192,0
48864,1,223,223,0
48865,1,197,197,0
14302,1,207,207,0
14303,1,218,218,0
14304,1,204,204,0
14305,1,214,214,0
14306,1,188,188,0
14307,1,169,169,0
14308,1,178,178,0
18607,1,181,181,0
14855,1,221,221,0
14856,1,183,183,0
14857,1,180,180,0
14858,1,207,207,0
14859,1,181,181,0
14860,1,178,178,0
14861,1,232,232,0
20231,1,172,172,0
16206,1,172,172,0
16207,1,179,179,0
16208,1,213,213,0
16209,1,183,183,0
16210,1,217,217,0
16211,1,215,215,0
16212,1,181,181,0
37367,1,170,170,0
18608,1,194,194,0
18609,1,182,182,0
18610,1,226,226,0
18611,1,181,181,0
18612,1,209,209,0
18613,1,201,201,0
32873,1,225,225,0
32874,1,174,174,0
18754,1,201,201,0
18755,1,203,203,0
18756,1,190,190,0
18757,1,230,230,0
18758,1,206,206,0
18759,1,172,172,0
18760,1,186,186,0
20854,1,194,194,0
20232,1,177,177,0
20233,1,177,177,0
20234,1,206,206,0
20235,1,227,227,0
20236,1,196,196,0
20237,1,215,215,0
20343,1,179,179,0
20344,1,234,234,0
20345,1,184,184,0
20346,1,183,183,0
20347,1,178,178,0
20348,1,188,188,0
20349,1,180,180,0
49029,1,162,162,0
49030,1,197,197,0
20855,1,168,168,0
20856,1,216,216,0
20857,1,245,245,0
20858,1,207,207,0
20859,1,172,172,0
20860,1,186,186,0
29626,1,243,243,0
29627,1,226,226,0
29628,1,182,182,0
29629,1,218,218,0
29630,1,195,195,0
29631,1,166,166,0
31403,1,212,212,0
31404,1,230,230,0
31405,1,173,173,0
31406,1,174,174,0
31407,1,221,221,0
31408,1,221,221,0
31409,1,192,192,0
32875,1,231,231,0
32876,1,173,173,0
32877,1,201,201,0
32878,1,216,216,0
32879,1,179,179,0
33944,1,173,173,0
33945,1,223,223,0
33946,1,212,212,0
33947,1,248,248,0
33948,1,214,214,0
33949,1,187,187,0
33950,1,173,173,0
49031,1,181,181,0
49032,1,199,199,0
49033,1,176,176,0
49034,1,158,158,0
49035,1,207,207,0
5958,1,222,222,0
5959,1,219,219,0
5960,1,212,212,0
5961,1,173,173,0
5962,1,233,233,0
5963,1,217,217,0
5964,1,178,178,0
7946,1,164,164,0
7947,1,184,184,0
7948,1,187,187,0
7949,1,178,178,0
7950,1,212,212,0
7951,1,205,205,0
7952,1,180,180,0
22674,1,217,217,0
22675,1,179,179,0
27610,1,177,177,0
27611,1,166,166,0
27612,1,213,213,0
27613,1,213,213,0
27614,1,198,198,0
27615,1,179,179,0
45965,1,184,184,0
45966,1,185,185,0
45967,1,207,207,0
45968,1,192,192,0
45969,1,195,195,0
9563,1,210,210,0
9564,1,205,205,0
9565,1,175,175,0
9566,1,190,190,0
9567,1,186,186,0
9568,1,190,190,0
9569,1,174,174,0
25760,1,194,194,0
12398,1,178,178,0
12399,1,172,172,0
12400,1,173,173,0
12401,1,172,172,0
12402,1,224,224,0
12403,1,173,173,0
12404,1,174,174,0
45963,1,238,238,0
45964,1,174,174,0
25754,1,177,177,0
25755,1,180,180,0
25756,1,200,200,0
25757,1,202,202,0
25758,1,186,186,0
25759,1,173,173,0
17860,1,184,184,0
17861,1,172,172,0
17862,1,204,204,0
17863,1,200,200,0
17864,1,202,202,0
32607,1,207,207,0
32612,1,206,206,0
32613,1,175,175,0
23717,1,185,185,0
23718,1,153,153,0
23719,1,182,182,0
23720,1,165,165,0
23721,1,170,170,0
23722,1,182,182,0
33792,1,233,233,0
33793,1,221,221,0
23723,1,228,228,0
31566,1,192,192,0
31567,1,216,216,0
31568,1,198,198,0
31569,1,196,196,0
31570,1,155,155,0
33433,1,188,188,0
33434,1,220,220,0
23892,1,229,229,0
23893,1,176,176,0
23894,1,229,229,0
23895,1,204,204,0
23896,1,166,166,0
23897,1,198,198,0
23898,1,188,188,0
24512,1,194,194,0
26202,1,244,244,0
26203,1,167,167,0
26204,1,206,206,0
26205,1,215,215,0
26206,1,189,189,0
26207,1,179,179,0
26433,1,190,190,0
26434,1,216,216,0
31796,1,182,182,0
31797,1,183,183,0
31798,1,199,199,0
31799,1,190,190,0
31800,1,201,201,0
31801,1,182,182,0
34980,1,180,180,0
34981,1,179,179,0
38372,1,202,202,0
33435,1,186,186,0
34982,1,174,174,0
34983,1,238,238,0
34984,1,225,225,0
34985,1,171,171,0
34986,1,187,187,0
36527,1,178,178,0
36528,1,200,200,0
36529,1,230,230,0
35052,1,214,214,0
35053,1,195,195,0
35054,1,223,223,0
35055,1,164,164,0
35056,1,217,217,0
39950,1,231,231,0
39951,1,181,181,0
39952,1,177,177,0
38373,1,173,173,0
38374,1,172,172,0
39987,1,238,238,0
39988,1,241,241,0
39989,1,168,168,0
44801,1,194,194,0
44802,1,153,153,0
44803,1,215,215,0
39990,1,172,172,0
39991,1,188,188,0
41609,1,181,181,0
41610,1,219,219,0
41611,1,200,200,0
41612,1,168,168,0
41613,1,220,220,0
43616,1,173,173,0
46904,1,166,166,0
46905,1,230,230,0
46906,1,219,219,0
46907,1,228,228,0
26334,1,171,171,0
47965,1,255,255,0
47966,1,201,201,0
47967,1,173,173,0
47968,1,171,171,0
47969,1,215,215,0
47970,1,236,236,0
47971,1,174,174,0
44460,1,169,169,0
44461,1,241,241,0
44462,1,172,172,0
44463,1,238,238,0
44464,1,196,196,0
47370,1,210,210,0
47371,1,239,239,0
47372,1,177,177,0
46841,1,183,183,0
46842,1,173,173,0
46843,1,187,187,0
46844,1,189,189,0
47373,1,174,174,0
42702,1,251,251,0
42703,1,194,194,0
42704,1,182,182,0
42705,1,177,177,0
42706,1,183,183,0
42707,1,223,223,0
46304,1,202,202,0
46305,1,191,191,0
42933,1,184,184,0
42934,1,225,225,0
42935,1,173,173,0
42936,1,231,231,0
42937,1,195,195,0
42938,1,177,177,0
46080,1,174,174,0
46081,1,209,209,0
43611,1,228,228,0
43612,1,184,184,0
43613,1,175,175,0
43614,1,191,191,0
43615,1,239,239,0
43617,1,200,200,0
44458,1,167,167,0
44459,1,214,214,0
46222,1,177,177,0
46223,1,187,187,0
46224,1,165,165,0
46225,1,162,162,0
46226,1,181,181,0
46227,1,153,153,0
46228,1,168,168,0
46390,1,188,188,0
46391,1,221,221,0
46505,1,209,209,0
46506,1,182,182,0
46507,1,163,163,0
46508,1,170,170,0
1583,1,216,216,0
1584,1,238,238,0
1585,1,231,231,0
1586,1,175,175,0
1587,1,201,201,0
1588,1,191,191,0
1589,1,173,173,0
1709,1,215,215,0
3007,1,172,172,0
3915,1,177,177,0
3916,1,205,205,0
3917,1,156,156,0
3918,1,201,201,0
3919,1,202,202,0
3920,1,174,174,0
4173,1,177,177,0
4174,1,168,168,0
3830,1,204,204,0
3831,1,211,211,0
3832,1,184,184,0
3833,1,180,180,0
3834,1,209,209,0
3835,1,184,184,0
3836,1,174,174,0
42386,1,189,189,0
5559,1,220,220,0
5560,1,179,179,0
5561,1,194,194,0
5562,1,204,204,0
5563,1,166,166,0
5564,1,229,229,0
5565,1,166,166,0
12118,1,240,240,0
5879,1,175,175,0
5880,1,188,188,0
5951,1,186,186,0
5952,1,189,189,0
5953,1,185,185,0
5954,1,176,176,0
5955,1,186,186,0
5956,1,180,180,0
5957,1,169,169,0
6815,1,177,177,0
14939,1,170,170,0
14940,1,223,223,0
14941,1,199,199,0
14942,1,201,201,0
14944,1,219,219,0
14945,1,185,185,0
22961,1,225,225,0
8723,1,171,171,0
8724,1,217,217,0
8725,1,174,174,0
8726,1,175,175,0
8727,1,196,196,0
8728,1,198,198,0
8729,1,173,173,0
29814,1,170,170,0
29815,1,204,204,0
9822,1,226,226,0
9823,1,183,183,0
9825,1,213,213,0
9826,1,238,238,0
9827,1,185,185,0
9828,1,204,204,0
20512,1,219,219,0
20513,1,173,173,0
13755,1,159,159,0
13917,1,170,170,0
13918,1,213,213,0
13923,1,162,162,0
16493,1,188,188,0
16494,1,177,177,0
16495,1,228,228,0
16496,1,167,167,0
14504,1,214,214,0
15177,1,222,222,0
15178,1,181,181,0
15179,1,195,195,0
15180,1,179,179,0
15181,1,230,230,0
15182,1,175,175,0
15183,1,221,221,0
17712,1,221,221,0
17713,1,174,174,0
17714,1,205,205,0
17715,1,168,168,0
17716,1,195,195,0
17717,1,188,188,0
21239,1,222,222,0
21240,1,179,179,0
18163,1,200,200,0
18164,1,165,165,0
18165,1,183,183,0
18369,1,186,186,0
18370,1,192,192,0
18371,1,177,177,0
18372,1,216,216,0
18373,1,193,193,0
42387,1,141,141,0
42388,1,199,199,0
42389,1,229,229,0
42390,1,201,201,0
42391,1,199,199,0
42392,1,168,168,0
45652,1,186,186,0
45653,1,199,199,0
45654,1,195,195,0
49227,1,178,178,0
49228,1,216,216,0
49229,1,201,201,0
46375,1,181,181,0
48371,1,164,164,0
48372,1,200,200,0
48373,1,183,183,0
48374,1,219,219,0
48375,1,160,160,0
48376,1,228,228,0
48377,1,192,192,0
2472,1,193,193,0
2473,1,238,238,0
2474,1,236,236,0
2475,1,205,205,0
2476,1,233,233,0
2477,1,221,221,0
2478,1,184,184,0
5923,1,195,195,0
5924,1,173,173,0
5925,1,181,181,0
5926,1,159,159,0
5927,1,180,180,0
5928,1,185,185,0
5929,1,177,177,0
33195,1,199,199,0
33196,1,186,186,0
40147,1,169,169,0
30830,1,186,186,0
30831,1,210,210,0
30832,1,192,192,0
30833,1,188,188,0
30834,1,172,172,0
30835,1,214,214,0
39443,1,226,226,0
39444,1,204,204,0
39445,1,203,203,0
40146,1,181,181,0
40148,1,183,183,0
40149,1,204,204,0
40150,1,190,190,0
40948,1,167,167,0
40792,1,173,173,0
40793,1,180,180,0
40794,1,245,245,0
40795,1,174,174,0
40796,1,182,182,0
47958,1,188,188,0
47959,1,216,216,0
40949,1,218,218,0
40950,1,213,213,0
2556,1,205,205,0
2557,1,219,219,0
2558,1,213,213,0
2559,1,183,183,0
2560,1,192,192,0
2561,1,233,233,0
2562,1,204,204,0
4054,1,158,158,0
5191,1,233,233,0
5192,1,184,184,0
5193,1,189,189,0
5194,1,198,198,0
5930,1,227,227,0
5931,1,184,184,0
5932,1,205,205,0
5933,1,176,176,0
19377,1,229,229,0
19378,1,199,199,0
19379,1,175,175,0
19380,1,180,180,0
19381,1,199,199,0
19382,1,208,208,0
19383,1,222,222,0
38165,1,167,167,0
19505,1,237,237,0
19506,1,166,166,0
19507,1,212,212,0
19508,1,178,178,0
22051,1,204,204,0
22052,1,176,176,0
22053,1,182,182,0
22054,1,166,166,0
19509,1,221,221,0
3746,1,192,192,0
3747,1,183,183,0
3748,1,224,224,0
3749,1,215,215,0
3750,1,165,165,0
3751,1,224,224,0
3752,1,216,216,0
12083,1,207,207,0
7918,1,212,212,0
7919,1,209,209,0
7920,1,217,217,0
7921,1,187,187,0
7922,1,199,199,0
7923,1,163,163,0
7924,1,198,198,0
33440,1,186,186,0
25538,1,226,226,0
25539,1,189,189,0
25540,1,180,180,0
25541,1,190,190,0
25542,1,241,241,0
25543,1,230,230,0
47860,1,247,247,0
47861,1,162,162,0
4699,1,213,213,0
4700,1,218,218,0
4701,1,180,180,0
4702,1,232,232,0
4703,1,163,163,0
8548,1,201,201,0
8549,1,181,181,0
8550,1,208,208,0
9787,1,188,188,0
9788,1,193,193,0
9789,1,203,203,0
9790,1,212,212,0
9791,1,203,203,0
28050,1,206,206,0
28051,1,174,174,0
28052,1,229,229,0
9795,1,239,239,0
9796,1,194,194,0
9797,1,224,224,0
9798,1,223,223,0
9799,1,190,190,0
9800,1,167,167,0
11712,1,176,176,0
11713,1,177,177,0
11714,1,201,201,0
11715,1,187,187,0
11716,1,164,164,0
11717,1,184,184,0
11718,1,175,175,0
12352,1,183,183,0
12353,1,198,198,0
12354,1,182,182,0
12355,1,175,175,0
17635,1,215,215,0
17636,1,196,196,0
17637,1,228,228,0
17638,1,173,173,0
17639,1,186,186,0
17640,1,184,184,0
18146,1,178,178,0
19136,1,176,176,0
18072,1,202,202,0
18073,1,246,246,0
18074,1,182,182,0
18349,1,182,182,0
18350,1,237,237,0
18351,1,183,183,0
18352,1,211,211,0
18147,1,196,196,0
23318,1,165,165,0
23319,1,178,178,0
23320,1,196,196,0
23321,1,168,168,0
23322,1,180,180,0
23323,1,164,164,0
23324,1,171,171,0
23724,1,180,180,0
21364,1,233,233,0
22998,1,173,173,0
22999,1,239,239,0
23000,1,181,181,0
23001,1,213,213,0
23002,1,170,170,0
48140,1,197,197,0
48141,1,234,234,0
48142,1,190,190,0
24862,1,177,177,0
24359,1,187,187,0
24360,1,210,210,0
25719,1,183,183,0
25720,1,240,240,0
25721,1,205,205,0
25722,1,187,187,0
25723,1,211,211,0
25243,1,171,171,0
25244,1,164,164,0
25245,1,176,176,0
25246,1,183,183,0
25247,1,205,205,0
25248,1,177,177,0
25249,1,183,183,0
25696,1,161,161,0
25697,1,214,214,0
25691,1,201,201,0
25692,1,188,188,0
25693,1,185,185,0
25694,1,190,190,0
25695,1,207,207,0
25796,1,176,176,0
25797,1,235,235,0
25798,1,172,172,0
25724,1,201,201,0
29138,1,199,199,0
29139,1,179,179,0
29140,1,163,163,0
29141,1,204,204,0
34806,1,225,225,0
34807,1,185,185,0
34808,1,238,238,0
25810,1,197,197,0
25811,1,227,227,0
25812,1,193,193,0
25813,1,195,195,0
25814,1,194,194,0
25815,1,203,203,0
25816,1,187,187,0
29065,1,192,192,0
26423,1,229,229,0
26424,1,208,208,0
26425,1,175,175,0
27896,1,203,203,0
27897,1,201,201,0
27898,1,229,229,0
27899,1,180,180,0
27900,1,212,212,0
26770,1,229,229,0
26771,1,196,196,0
26772,1,179,179,0
26773,1,224,224,0
26774,1,198,198,0
26944,1,222,222,0
26945,1,250,250,0
26775,1,212,212,0
28109,1,220,220,0
28110,1,205,205,0
28111,1,199,199,0
28112,1,221,221,0
41847,1,170,170,0
41848,1,184,184,0
41849,1,171,171,0
26946,1,222,222,0
26947,1,209,209,0
26948,1,164,164,0
26949,1,226,226,0
26950,1,186,186,0
28106,1,183,183,0
28107,1,168,168,0
28108,1,220,220,0
29156,1,159,159,0
29157,1,181,181,0
29158,1,161,161,0
29159,1,205,205,0
29160,1,178,178,0
29161,1,186,186,0
29162,1,222,222,0
30199,1,168,168,0
37381,1,218,218,0
29461,1,204,204,0
29462,1,196,196,0
29463,1,184,184,0
29648,1,173,173,0
29649,1,166,166,0
29650,1,153,153,0
29651,1,170,170,0
41304,1,164,164,0
41305,1,246,246,0
41850,1,241,241,0
30865,1,186,186,0
30866,1,196,196,0
30867,1,195,195,0
30868,1,213,213,0
30869,1,216,216,0
32516,1,172,172,0
32517,1,190,190,0
30870,1,213,213,0
31424,1,145,145,0
31425,1,166,166,0
31426,1,217,217,0
31427,1,182,182,0
31428,1,176,176,0
31429,1,178,178,0
31430,1,169,169,0
31438,1,186,186,0
32518,1,201,201,0
32519,1,181,181,0
32520,1,182,182,0
32521,1,201,201,0
35744,1,192,192,0
35745,1,175,175,0
35746,1,216,216,0
35747,1,175,175,0
33468,1,216,216,0
33469,1,234,234,0
33470,1,206,206,0
33474,1,175,175,0
38081,1,190,190,0
38082,1,226,226,0
38083,1,229,229,0
33471,1,230,230,0
42858,1,189,189,0
42859,1,211,211,0
42860,1,166,166,0
42861,1,186,186,0
35743,1,169,169,0
40321,1,158,158,0
40322,1,240,240,0
40323,1,235,235,0
40324,1,214,214,0
40325,1,184,184,0
40326,1,181,181,0
40327,1,177,177,0
36083,1,174,174,0
36084,1,199,199,0
36085,1,157,157,0
37382,1,160,160,0
37383,1,156,156,0
37384,1,234,234,0
37385,1,189,189,0
37386,1,161,161,0
36719,1,171,171,0
37503,1,159,159,0
40283,1,180,180,0
40284,1,179,179,0
40916,1,221,221,0
40917,1,194,194,0
40918,1,224,224,0
40919,1,178,178,0
40920,1,163,163,0
44606,1,162,162,0
44607,1,164,164,0
7582,1,186,186,0
7583,1,184,184,0
7585,1,220,220,0
7586,1,210,210,0
7587,1,199,199,0
7588,1,186,186,0
9682,1,166,166,0
9683,1,208,208,0
39113,1,197,197,0
39114,1,177,177,0
39115,1,193,193,0
39116,1,178,178,0
46663,1,164,164,0
46664,1,223,223,0
46665,1,164,164,0
46666,1,188,188,0
47960,1,207,207,0
11033,1,172,172,0
11034,1,174,174,0
11035,1,209,209,0
11036,1,211,211,0
11037,1,183,183,0
11038,1,173,173,0
11039,1,236,236,0
30829,1,163,163,0
23499,1,185,185,0
31036,1,218,218,0
31037,1,182,182,0
31038,1,192,192,0
41416,1,188,188,0
41417,1,213,213,0
41418,1,175,175,0
41419,1,196,196,0
36828,1,211,211,0
36829,1,203,203,0
36830,1,184,184,0
36831,1,171,171,0
36834,1,179,179,0
39894,1,191,191,0
39895,1,169,169,0
39896,1,262,262,0
36989,1,178,178,0
36990,1,173,173,0
36991,1,204,204,0
36994,1,176,176,0
36995,1,215,215,0
38459,1,183,183,0
38464,1,191,191,0
38465,1,190,190,0
38460,1,199,199,0
38461,1,176,176,0
38462,1,186,186,0
38463,1,217,217,0
39439,1,172,172,0
39440,1,195,195,0
39441,1,221,221,0
39442,1,191,191,0
23307,1,215,215,0
23308,1,185,185,0
23309,1,219,219,0
23310,1,204,204,0
25180,1,214,214,0
25184,1,237,237,0
25185,1,167,167,0
25186,1,187,187,0
24550,1,207,207,0
24551,1,186,186,0
24552,1,173,173,0
24553,1,181,181,0
24554,1,169,169,0
24555,1,231,231,0
24556,1,193,193,0
25632,1,170,170,0
25965,1,172,172,0
25966,1,218,218,0
25967,1,223,223,0
25968,1,170,170,0
25969,1,226,226,0
25970,1,206,206,0
27273,1,169,169,0
27274,1,164,164,0
26276,1,198,198,0
26277,1,203,203,0
26278,1,188,188,0
27917,1,237,237,0
27918,1,216,216,0
27919,1,186,186,0
27920,1,203,203,0
27921,1,159,159,0
27275,1,231,231,0
27276,1,166,166,0
27277,1,158,158,0
27278,1,167,167,0
27279,1,188,188,0
27441,1,172,172,0
27442,1,187,187,0
27443,1,199,199,0
27444,1,180,180,0
27557,1,218,218,0
27558,1,209,209,0
27559,1,201,201,0
27770,1,175,175,0
27771,1,227,227,0
27772,1,188,188,0
27773,1,210,210,0
27776,1,244,244,0
33681,1,175,175,0
33682,1,196,196,0
33683,1,170,170,0
33684,1,223,223,0
37283,1,223,223,0
37284,1,197,197,0
37285,1,170,170,0
37633,1,195,195,0
302,1,171,171,0
303,1,224,224,0
304,1,179,179,0
305,1,192,192,0
306,1,218,218,0
307,1,201,201,0
308,1,221,221,0
1625,1,220,220,0
1626,1,211,211,0
1627,1,197,197,0
1628,1,204,204,0
1629,1,244,244,0
1630,1,179,179,0
1631,1,226,226,0
11299,1,185,185,0
11300,1,175,175,0
2229,1,196,196,0
2230,1,194,194,0
2231,1,201,201,0
2232,1,165,165,0
2233,1,215,215,0
3011,1,183,183,0
3012,1,232,232,0
3013,1,189,189,0
3872,1,208,208,0
3873,1,198,198,0
3874,1,185,185,0
3875,1,199,199,0
3876,1,202,202,0
3877,1,164,164,0
3878,1,201,201,0
4128,1,167,167,0
5995,1,219,219,0
5996,1,195,195,0
5997,1,169,169,0
5998,1,170,170,0
5999,1,203,203,0
6091,1,177,177,0
6092,1,169,169,0
6093,1,211,211,0
7113,1,181,181,0
7114,1,237,237,0
7115,1,222,222,0
7116,1,170,170,0
7117,1,206,206,0
7118,1,169,169,0
7119,1,199,199,0
7750,1,206,206,0
8135,1,205,205,0
8136,1,228,228,0
8137,1,189,189,0
8138,1,202,202,0
8139,1,224,224,0
8140,1,235,235,0
8141,1,169,169,0
9794,1,162,162,0
8551,1,190,190,0
8552,1,212,212,0
8553,1,165,165,0
8554,1,217,217,0
8704,1,181,181,0
8705,1,170,170,0
8706,1,224,224,0
8707,1,180,180,0
8702,1,203,203,0
8703,1,185,185,0
8708,1,157,157,0
9227,1,217,217,0
9228,1,214,214,0
9229,1,213,213,0
9230,1,179,179,0
9231,1,229,229,0
9232,1,256,256,0
9233,1,168,168,0
9654,1,205,205,0
9655,1,236,236,0
9656,1,226,226,0
9657,1,233,233,0
9658,1,184,184,0
9659,1,189,189,0
9660,1,229,229,0
10656,1,182,182,0
10657,1,170,170,0
10658,1,163,163,0
10659,1,194,194,0
10660,1,180,180,0
10661,1,176,176,0
13451,1,206,206,0
10475,1,205,205,0
10476,1,181,181,0
10477,1,243,243,0
10478,1,235,235,0
10479,1,176,176,0
10746,1,185,185,0
10747,1,206,206,0
10752,1,178,178,0
11301,1,198,198,0
11302,1,178,178,0
11303,1,161,161,0
11304,1,179,179,0
11305,1,235,235,0
17781,1,192,192,0
17782,1,186,186,0
17783,1,190,190,0
12971,1,181,181,0
13448,1,183,183,0
13449,1,201,201,0
13450,1,176,176,0
13452,1,164,164,0
13453,1,218,218,0
13454,1,207,207,0
14631,1,185,185,0
12986,1,176,176,0
12987,1,240,240,0
12988,1,221,221,0
12989,1,165,165,0
12990,1,172,172,0
12991,1,218,218,0
12992,1,183,183,0
26090,1,199,199,0
13215,1,203,203,0
14632,1,218,218,0
14633,1,207,207,0
14634,1,171,171,0
14635,1,194,194,0
14636,1,175,175,0
14637,1,205,205,0
17634,1,177,177,0
15765,1,237,237,0
15766,1,216,216,0
15767,1,174,174,0
15768,1,209,209,0
15769,1,165,165,0
15770,1,243,243,0
15771,1,179,179,0
18145,1,192,192,0
17784,1,161,161,0
17785,1,240,240,0
17786,1,183,183,0
17787,1,217,217,0
20980,1,155,155,0
20981,1,180,180,0
20982,1,211,211,0
20983,1,199,199,0
18148,1,192,192,0
18149,1,198,198,0
18150,1,190,190,0
18151,1,216,216,0
18488,1,215,215,0
18489,1,177,177,0
18490,1,181,181,0
21361,1,194,194,0
18353,1,179,179,0
18354,1,181,181,0
21358,1,226,226,0
21359,1,216,216,0
21360,1,175,175,0
21362,1,192,192,0
21363,1,176,176,0
19712,1,165,165,0
18491,1,169,169,0
18492,1,215,215,0
18493,1,220,220,0
18494,1,202,202,0
19706,1,195,195,0
19707,1,220,220,0
19708,1,228,228,0
21344,1,245,245,0
19363,1,207,207,0
19364,1,175,175,0
19365,1,164,164,0
19366,1,183,183,0
19367,1,180,180,0
19368,1,201,201,0
19369,1,238,238,0
21645,1,210,210,0
19709,1,197,197,0
19710,1,176,176,0
19711,1,204,204,0
20805,1,160,160,0
20806,1,170,170,0
20807,1,202,202,0
20808,1,223,223,0
20809,1,207,207,0
20810,1,182,182,0
20811,1,177,177,0
21345,1,187,187,0
21346,1,219,219,0
21347,1,202,202,0
21348,1,180,180,0
21349,1,199,199,0
21350,1,184,184,0
20984,1,174,174,0
20985,1,219,219,0
20986,1,182,182,0
24858,1,198,198,0
24859,1,177,177,0
24860,1,180,180,0
24861,1,223,223,0
24864,1,201,201,0
21591,1,171,171,0
21592,1,228,228,0
21593,1,219,219,0
21594,1,211,211,0
21595,1,223,223,0
22170,1,180,180,0
22171,1,204,204,0
22176,1,219,219,0
22172,1,215,215,0
22173,1,193,193,0
22174,1,259,259,0
22175,1,172,172,0
23552,1,239,239,0
23553,1,185,185,0
23554,1,209,209,0
23555,1,196,196,0
26552,1,191,191,0
26553,1,184,184,0
26554,1,184,184,0
26555,1,178,178,0
26556,1,179,179,0
26557,1,209,209,0
26558,1,185,185,0
22695,1,192,192,0
23549,1,167,167,0
23550,1,227,227,0
23551,1,151,151,0
24354,1,168,168,0
24355,1,189,189,0
24356,1,170,170,0
24357,1,215,215,0
24358,1,197,197,0
25799,1,184,184,0
24399,1,180,180,0
24400,1,238,238,0
24401,1,217,217,0
24402,1,228,228,0
26272,1,177,177,0
26273,1,171,171,0
26274,1,171,171,0
26275,1,170,170,0
25125,1,171,171,0
25126,1,155,155,0
25127,1,184,184,0
25128,1,186,186,0
25129,1,165,165,0
25130,1,200,200,0
25299,1,210,210,0
25300,1,197,197,0
25301,1,188,188,0
25527,1,194,194,0
25528,1,161,161,0
25529,1,187,187,0
47517,1,173,173,0
47520,1,241,241,0
47521,1,206,206,0
47522,1,177,177,0
47523,1,172,172,0
25800,1,173,173,0
25801,1,170,170,0
25802,1,228,228,0
26419,1,225,225,0
26420,1,218,218,0
26421,1,140,140,0
26422,1,161,161,0
28078,1,186,186,0
28079,1,172,172,0
26091,1,224,224,0
26092,1,215,215,0
26093,1,168,168,0
26094,1,174,174,0
26095,1,175,175,0
26096,1,201,201,0
27336,1,183,183,0
27337,1,207,207,0
27240,1,157,157,0
27241,1,197,197,0
27242,1,224,224,0
27243,1,253,253,0
27244,1,161,161,0
30703,1,235,235,0
30704,1,170,170,0
30705,1,200,200,0
27901,1,189,189,0
27902,1,203,203,0
28080,1,209,209,0
28081,1,169,169,0
28082,1,185,185,0
28083,1,180,180,0
28084,1,167,167,0
37504,1,209,209,0
27922,1,194,194,0
27923,1,228,228,0
29921,1,216,216,0
29922,1,189,189,0
29923,1,177,177,0
29924,1,172,172,0
29925,1,185,185,0
27968,1,209,209,0
28025,1,195,195,0
28026,1,172,172,0
28027,1,223,223,0
28028,1,165,165,0
28169,1,202,202,0
28170,1,166,166,0
28171,1,182,182,0
28172,1,185,185,0
28173,1,175,175,0
28402,1,201,201,0
28403,1,230,230,0
28404,1,219,219,0
28405,1,170,170,0
28406,1,179,179,0
35568,1,194,194,0
35569,1,239,239,0
35570,1,241,241,0
29919,1,186,186,0
30045,1,174,174,0
30046,1,240,240,0
30047,1,176,176,0
30050,1,217,217,0
30051,1,160,160,0
30402,1,185,185,0
38788,1,170,170,0
38789,1,184,184,0
29981,1,239,239,0
30141,1,228,228,0
30808,1,217,217,0
30809,1,203,203,0
30810,1,222,222,0
30811,1,216,216,0
30812,1,171,171,0
30813,1,227,227,0
30142,1,192,192,0
31090,1,173,173,0
31091,1,208,208,0
31092,1,192,192,0
31093,1,189,189,0
31094,1,183,183,0
31284,1,194,194,0
31286,1,223,223,0
30200,1,197,197,0
30201,1,229,229,0
30202,1,227,227,0
30203,1,215,215,0
30204,1,218,218,0
30205,1,183,183,0
46614,1,241,241,0
46617,1,220,220,0
32522,1,213,213,0
34809,1,185,185,0
34810,1,252,252,0
34811,1,239,239,0
46615,1,231,231,0
46616,1,193,193,0
35915,1,215,215,0
35916,1,205,205,0
35917,1,179,179,0
37556,1,190,190,0
37557,1,179,179,0
37558,1,244,244,0
37559,1,213,213,0
37560,1,155,155,0
47223,1,194,194,0
47227,1,243,243,0
37561,1,233,233,0
37562,1,193,193,0
39768,1,235,235,0
39769,1,172,172,0
39770,1,194,194,0
39771,1,189,189,0
39772,1,190,190,0
39773,1,166,166,0
38431,1,177,177,0
38707,1,169,169,0
39148,1,189,189,0
39149,1,188,188,0
39150,1,208,208,0
39151,1,150,150,0
41210,1,159,159,0
41211,1,175,175,0
41216,1,183,183,0
38640,1,178,178,0
40062,1,225,225,0
40063,1,239,239,0
40065,1,179,179,0
40066,1,181,181,0
40067,1,216,216,0
40068,1,180,180,0
39774,1,147,147,0
41197,1,167,167,0
41198,1,199,199,0
41199,1,217,217,0
41200,1,170,170,0
41201,1,206,206,0
41202,1,215,215,0
40238,1,214,214,0
40239,1,214,214,0
40240,1,206,206,0
40241,1,183,183,0
40242,1,182,182,0
40243,1,200,200,0
44402,1,176,176,0
44403,1,225,225,0
40285,1,245,245,0
40548,1,194,194,0
40549,1,187,187,0
40550,1,183,183,0
40551,1,219,219,0
48980,1,208,208,0
48981,1,223,223,0
48982,1,187,187,0
48983,1,203,203,0
41212,1,212,212,0
41213,1,212,212,0
46747,1,225,225,0
46748,1,220,220,0
46749,1,181,181,0
46873,1,156,156,0
46874,1,215,215,0
46875,1,215,215,0
41303,1,212,212,0
41306,1,213,213,0
41307,1,160,160,0
46586,1,176,176,0
46587,1,179,179,0
46588,1,219,219,0
46589,1,185,185,0
46590,1,210,210,0
42204,1,159,159,0
42205,1,185,185,0
42206,1,175,175,0
42207,1,217,217,0
42209,1,198,198,0
42210,1,187,187,0
42267,1,173,173,0
42272,1,179,179,0
42273,1,164,164,0
44217,1,215,215,0
44218,1,210,210,0
44219,1,188,188,0
47224,1,181,181,0
47225,1,202,202,0
47226,1,187,187,0
547,1,222,222,0
548,1,197,197,0
549,1,216,216,0
550,1,159,159,0
551,1,162,162,0
552,1,230,230,0
553,1,196,196,0
17865,1,161,161,0
7456,1,206,206,0
7457,1,182,182,0
7458,1,207,207,0
7459,1,198,198,0
7460,1,219,219,0
7461,1,180,180,0
7462,1,180,180,0
12064,1,188,188,0
8080,1,168,168,0
8081,1,170,170,0
8082,1,158,158,0
8083,1,212,212,0
8084,1,221,221,0
8085,1,199,199,0
11719,1,220,220,0
11720,1,217,217,0
8884,1,184,184,0
8885,1,177,177,0
8886,1,190,190,0
8887,1,188,188,0
8888,1,208,208,0
8889,1,171,171,0
8890,1,202,202,0
12685,1,187,187,0
11872,1,187,187,0
11721,1,161,161,0
11722,1,190,190,0
11723,1,186,186,0
11724,1,170,170,0
11725,1,190,190,0
11866,1,207,207,0
11867,1,198,198,0
12065,1,230,230,0
11868,1,195,195,0
11869,1,204,204,0
11870,1,220,220,0
11871,1,187,187,0
12288,1,174,174,0
12289,1,189,189,0
12290,1,211,211,0
12291,1,222,222,0
12062,1,183,183,0
12063,1,201,201,0
12066,1,217,217,0
12067,1,223,223,0
12068,1,181,181,0
18530,1,183,183,0
18531,1,169,169,0
12292,1,211,211,0
12286,1,212,212,0
12287,1,170,170,0
22905,1,228,228,0
22906,1,216,216,0
22907,1,165,165,0
22908,1,177,177,0
22909,1,175,175,0
23073,1,215,215,0
12918,1,203,203,0
12919,1,166,166,0
12920,1,240,240,0
12921,1,189,189,0
12922,1,203,203,0
20455,1,203,203,0
20456,1,165,165,0
20457,1,214,214,0
13029,1,169,169,0
13030,1,166,166,0
13031,1,183,183,0
13032,1,186,186,0
13033,1,214,214,0
13034,1,173,173,0
23074,1,217,217,0
23075,1,166,166,0
17866,1,227,227,0
17867,1,190,190,0
17868,1,171,171,0
17869,1,191,191,0
17870,1,206,206,0
17871,1,171,171,0
33678,1,175,175,0
33679,1,195,195,0
33680,1,174,174,0
20458,1,202,202,0
20459,1,212,212,0
20460,1,207,207,0
20461,1,244,244,0
22737,1,172,172,0
22738,1,185,185,0
22739,1,209,209,0
22740,1,217,217,0
23700,1,185,185,0
23701,1,189,189,0
23702,1,188,188,0
24494,1,211,211,0
24495,1,222,222,0
24496,1,163,163,0
24497,1,177,177,0
24498,1,206,206,0
23814,1,168,168,0
24095,1,186,186,0
24096,1,188,188,0
24097,1,208,208,0
24098,1,192,192,0
24099,1,188,188,0
24100,1,194,194,0
24101,1,219,219,0
24499,1,199,199,0
24500,1,201,201,0
24886,1,171,171,0
24887,1,191,191,0
24888,1,185,185,0
24889,1,166,166,0
24890,1,225,225,0
24891,1,167,167,0
24892,1,183,183,0
25117,1,204,204,0
25118,1,177,177,0
25119,1,193,193,0
25120,1,182,182,0
25121,1,213,213,0
25122,1,172,172,0
25123,1,242,242,0
25964,1,226,226,0
26029,1,191,191,0
26030,1,213,213,0
26031,1,173,173,0
26032,1,209,209,0
26033,1,192,192,0
27168,1,178,178,0
27169,1,241,241,0
27170,1,218,218,0
27171,1,216,216,0
27172,1,186,186,0
27173,1,220,220,0
27174,1,204,204,0
31949,1,178,178,0
31950,1,247,247,0
31951,1,230,230,0
31952,1,188,188,0
27445,1,174,174,0
27446,1,209,209,0
27447,1,216,216,0
27952,1,210,210,0
27953,1,194,194,0
27954,1,193,193,0
27955,1,225,225,0
27956,1,225,225,0
27774,1,216,216,0
27775,1,221,221,0
28631,1,174,174,0
28632,1,206,206,0
28633,1,179,179,0
28634,1,199,199,0
28635,1,179,179,0
28636,1,207,207,0
27957,1,207,207,0
27958,1,181,181,0
28449,1,205,205,0
28450,1,179,179,0
28451,1,178,178,0
28452,1,176,176,0
28453,1,164,164,0
28454,1,164,164,0
28455,1,208,208,0
28343,1,162,162,0
37339,1,198,198,0
37340,1,180,180,0
37341,1,194,194,0
37342,1,159,159,0
37343,1,176,176,0
37344,1,211,211,0
37345,1,243,243,0
28637,1,200,200,0
35344,1,188,188,0
35345,1,175,175,0
35346,1,183,183,0
35347,1,190,190,0
35348,1,186,186,0
35349,1,240,240,0
35350,1,191,191,0
31439,1,233,233,0
35748,1,155,155,0
35749,1,204,204,0
38634,1,179,179,0
38635,1,186,186,0
38636,1,173,173,0
38637,1,181,181,0
38638,1,191,191,0
38639,1,165,165,0
33086,1,206,206,0
35176,1,157,157,0
35177,1,207,207,0
35178,1,163,163,0
35179,1,211,211,0
35180,1,170,170,0
35181,1,174,174,0
35182,1,202,202,0
33087,1,235,235,0
39964,1,177,177,0
39965,1,227,227,0
39966,1,179,179,0
39967,1,169,169,0
39969,1,190,190,0
39970,1,188,188,0
42120,1,181,181,0
42121,1,182,182,0
33370,1,180,180,0
33371,1,158,158,0
33372,1,189,189,0
33373,1,208,208,0
33374,1,224,224,0
33375,1,179,179,0
33376,1,222,222,0
35841,1,204,204,0
35842,1,185,185,0
35843,1,176,176,0
35844,1,187,187,0
35845,1,221,221,0
35846,1,223,223,0
35847,1,216,216,0
39810,1,173,173,0
39811,1,207,207,0
37286,1,199,199,0
37287,1,224,224,0
37288,1,176,176,0
37289,1,204,204,0
39355,1,220,220,0
39360,1,238,238,0
39361,1,184,184,0
39968,1,175,175,0
37634,1,225,225,0
37635,1,228,228,0
37636,1,195,195,0
37637,1,178,178,0
37638,1,158,158,0
37639,1,197,197,0
39136,1,180,180,0
39137,1,172,172,0
39131,1,180,180,0
39132,1,190,190,0
39133,1,185,185,0
39134,1,230,230,0
39135,1,178,178,0
39680,1,238,238,0
39681,1,243,243,0
39682,1,228,228,0
39356,1,182,182,0
39357,1,188,188,0
39358,1,170,170,0
39359,1,206,206,0
40776,1,234,234,0
40777,1,184,184,0
40778,1,195,195,0
44608,1,172,172,0
39812,1,168,168,0
39813,1,214,214,0
39814,1,189,189,0
39815,1,220,220,0
39816,1,193,193,0
42855,1,186,186,0
42856,1,210,210,0
42857,1,179,179,0
40779,1,210,210,0
40780,1,247,247,0
40781,1,166,166,0
40782,1,215,215,0
41851,1,191,191,0
47932,1,216,216,0
47933,1,188,188,0
47936,1,185,185,0
41852,1,234,234,0
41853,1,174,174,0
47930,1,185,185,0
47931,1,204,204,0
44605,1,191,191,0
44609,1,170,170,0
44610,1,245,245,0
44611,1,188,188,0
23493,1,217,217,0
23494,1,177,177,0
23495,1,172,172,0
23496,1,179,179,0
23497,1,191,191,0
23498,1,167,167,0
26657,1,200,200,0
26658,1,214,214,0
23675,1,231,231,0
23676,1,254,254,0
23677,1,175,175,0
23678,1,220,220,0
23679,1,213,213,0
23680,1,191,191,0
23681,1,203,203,0
32672,1,181,181,0
26659,1,172,172,0
26660,1,182,182,0
26661,1,195,195,0
26662,1,196,196,0
26663,1,183,183,0
27735,1,240,240,0
27736,1,192,192,0
27737,1,180,180,0
32855,1,153,153,0
32856,1,217,217,0
32857,1,159,159,0
32858,1,219,219,0
35579,1,180,180,0
35580,1,172,172,0
35581,1,185,185,0
38648,1,199,199,0
38649,1,184,184,0
38650,1,179,179,0
38651,1,175,175,0
38652,1,203,203,0
33160,1,193,193,0
33161,1,170,170,0
33162,1,176,176,0
33163,1,173,173,0
33164,1,220,220,0
33165,1,200,200,0
33166,1,202,202,0
46439,1,171,171,0
33441,1,204,204,0
33442,1,183,183,0
33443,1,173,173,0
33444,1,178,178,0
33445,1,234,234,0
33446,1,227,227,0
45760,1,211,211,0
45761,1,192,192,0
