6790,1,919,919,0
6791,1,1029,1029,0
6792,1,1094,1094,0
559,1,1024,1024,0
560,1,988,988,0
561,1,1075,1075,0
2755,1,1015,1015,0
2756,1,1003,1003,0
1495,1,1133,1133,0
1936,1,923,923,0
1937,1,1001,1001,0
1938,1,1103,1103,0
2120,1,1006,1006,0
2119,1,1112,1112,0
2121,1,981,981,0
2452,1,1007,1007,0
2453,1,1014,1014,0
2454,1,1204,1204,0
2757,1,936,936,0
2770,1,1128,1128,0
2771,1,858,858,0
2772,1,946,946,0
8290,1,1236,1236,0
8291,1,881,881,0
8292,1,931,931,0
8542,1,940,940,0
8544,1,1054,1054,0
8543,1,951,951,0
8683,1,994,994,0
8684,1,886,886,0
8685,1,998,998,0
8698,1,1305,1305,0
8699,1,903,903,0
8700,1,1053,1053,0
12262,1,1056,1056,0
12264,1,853,853,0
8965,1,830,830,0
8966,1,1110,1110,0
8967,1,910,910,0
12181,1,1026,1026,0
12182,1,839,839,0
12183,1,974,974,0
12247,1,929,929,0
12248,1,1079,1079,0
12249,1,992,992,0
12656,1,1047,1047,0
12657,1,1007,1007,0
12263,1,910,910,0
12655,1,1220,1220,0
12685,1,894,894,0
12686,1,944,944,0
12687,1,1030,1030,0
1156,1,1144,1144,0
1157,1,906,906,0
1158,1,993,993,0
1496,1,920,920,0
1497,1,1004,1004,0
1579,1,897,897,0
1580,1,1197,1197,0
1581,1,947,947,0
2128,1,898,898,0
2129,1,907,907,0
1837,1,933,933,0
1838,1,1208,1208,0
1839,1,915,915,0
9080,1,902,902,0
9081,1,1055,1055,0
2130,1,929,929,0
2623,1,1349,1349,0
2624,1,854,854,0
2625,1,952,952,0
2912,1,1076,1076,0
2911,1,894,894,0
2913,1,984,984,0
3052,1,921,921,0
3053,1,936,936,0
3054,1,954,954,0
5758,1,1038,1038,0
5759,1,1083,1083,0
5760,1,926,926,0
9152,1,1033,1033,0
9153,1,925,925,0
6954,1,946,946,0
7585,1,939,939,0
7586,1,907,907,0
7587,1,1004,1004,0
7696,1,1082,1082,0
9079,1,1019,1019,0
10147,1,894,894,0
10148,1,993,993,0
10149,1,909,909,0
10189,1,1114,1114,0
9151,1,1112,1112,0
10190,1,1038,1038,0
10191,1,1150,1150,0
11827,1,998,998,0
11828,1,1025,1025,0
11829,1,978,978,0
10433,1,971,971,0
10434,1,982,982,0
10456,1,1056,1056,0
10457,1,1011,1011,0
10458,1,1072,1072,0
11443,1,1101,1101,0
11444,1,868,868,0
11445,1,852,852,0
11908,1,1319,1319,0
11909,1,1037,1037,0
11910,1,836,836,0
5899,1,1056,1056,0
5900,1,1071,1071,0
5901,1,897,897,0
9217,1,955,955,0
9218,1,1045,1045,0
6232,1,955,955,0
6233,1,936,936,0
6234,1,1118,1118,0
6235,1,864,864,0
6236,1,996,996,0
6237,1,998,998,0
6571,1,906,906,0
6572,1,871,871,0
6573,1,901,901,0
6664,1,850,850,0
6665,1,881,881,0
6473,1,1022,1022,0
6474,1,871,871,0
6493,1,868,868,0
6494,1,996,996,0
6495,1,1051,1051,0
6967,1,924,924,0
6969,1,1253,1253,0
7093,1,827,827,0
7094,1,1153,1153,0
7095,1,1089,1089,0
7279,1,1059,1059,0
7630,1,1026,1026,0
7631,1,984,984,0
7632,1,1107,1107,0
7747,1,955,955,0
7697,1,947,947,0
7698,1,1153,1153,0
10825,1,940,940,0
10826,1,1110,1110,0
10827,1,898,898,0
7748,1,1105,1105,0
7749,1,1063,1063,0
10231,1,836,836,0
10232,1,1085,1085,0
10233,1,924,924,0
9219,1,961,961,0
9736,1,959,959,0
9737,1,1111,1111,0
9738,1,1045,1045,0
10432,1,962,962,0
10654,1,1002,1002,0
10655,1,1008,1008,0
10656,1,1019,1019,0
10699,1,990,990,0
10700,1,1018,1018,0
10701,1,929,929,0
11266,1,912,912,0
11267,1,1121,1121,0
11268,1,1063,1063,0
11360,1,1059,1059,0
10782,1,998,998,0
11953,1,1055,1055,0
11954,1,966,966,0
11955,1,924,924,0
11329,1,935,935,0
11330,1,861,861,0
11331,1,902,902,0
11995,1,1094,1094,0
11996,1,900,900,0
11997,1,1004,1004,0
11359,1,987,987,0
11361,1,942,942,0
6064,1,930,930,0
6065,1,1330,1330,0
6066,1,949,949,0
6250,1,938,938,0
6251,1,980,980,0
6252,1,1186,1186,0
6406,1,1140,1140,0
6407,1,1007,1007,0
6408,1,942,942,0
6472,1,1040,1040,0
6514,1,1020,1020,0
6515,1,1117,1117,0
6516,1,1086,1086,0
6589,1,1162,1162,0
6590,1,1034,1034,0
6591,1,1070,1070,0
7081,1,857,857,0
7082,1,985,985,0
7083,1,1054,1054,0
7717,1,1257,1257,0
6613,1,1170,1170,0
6614,1,982,982,0
6615,1,865,865,0
6811,1,935,935,0
6812,1,878,878,0
6813,1,898,898,0
6666,1,1028,1028,0
6766,1,905,905,0
6767,1,922,922,0
6768,1,962,962,0
6952,1,978,978,0
6953,1,977,977,0
6751,1,1265,1265,0
6826,1,916,916,0
6827,1,1001,1001,0
6828,1,1337,1337,0
6892,1,1035,1035,0
6893,1,1027,1027,0
6894,1,947,947,0
7525,1,1025,1025,0
7526,1,849,849,0
7527,1,1314,1314,0
6901,1,987,987,0
6902,1,1325,1325,0
6903,1,1050,1050,0
6907,1,1009,1009,0
6908,1,1174,1174,0
6909,1,915,915,0
6940,1,976,976,0
6941,1,1065,1065,0
6942,1,1157,1157,0
6968,1,1208,1208,0
7237,1,893,893,0
7238,1,1006,1006,0
7239,1,1085,1085,0
7280,1,1247,1247,0
7281,1,886,886,0
7681,1,880,880,0
7682,1,1146,1146,0
7683,1,889,889,0
7771,1,1155,1155,0
7772,1,942,942,0
7718,1,1107,1107,0
7719,1,1049,1049,0
10639,1,1230,1230,0
10640,1,961,961,0
10641,1,1036,1036,0
11923,1,1246,1246,0
11924,1,992,992,0
11925,1,932,932,0
6097,1,927,927,0
6098,1,1121,1121,0
6099,1,1123,1123,0
6331,1,1262,1262,0
6332,1,1012,1012,0
6265,1,1038,1038,0
6266,1,960,960,0
6267,1,1020,1020,0
6752,1,1088,1088,0
6753,1,1028,1028,0
6333,1,981,981,0
6796,1,887,887,0
6797,1,1047,1047,0
6798,1,913,913,0
7496,1,980,980,0
6547,1,1227,1227,0
6548,1,968,968,0
6549,1,1088,1088,0
7384,1,1191,1191,0
7385,1,1006,1006,0
7386,1,937,937,0
10573,1,1330,1330,0
10574,1,961,961,0
10575,1,1043,1043,0
7495,1,1338,1338,0
7497,1,1008,1008,0
7726,1,863,863,0
7727,1,989,989,0
7728,1,988,988,0
7773,1,1039,1039,0
7807,1,877,877,0
7808,1,992,992,0
7809,1,1015,1015,0
9193,1,1051,1051,0
9194,1,1035,1035,0
9195,1,1099,1099,0
10417,1,1053,1053,0
10418,1,995,995,0
10419,1,862,862,0
10672,1,1010,1010,0
10673,1,971,971,0
10674,1,1057,1057,0
10780,1,890,890,0
10781,1,1028,1028,0
11317,1,987,987,0
11318,1,970,970,0
11319,1,1089,1089,0
12190,1,1226,1226,0
12192,1,1050,1050,0
12191,1,1164,1164,0
6307,1,861,861,0
6308,1,1167,1167,0
6309,1,895,895,0
12157,1,989,989,0
12158,1,1017,1017,0
6961,1,1074,1074,0
6962,1,1095,1095,0
6963,1,945,945,0
8269,1,982,982,0
8270,1,930,930,0
8271,1,992,992,0
8389,1,1128,1128,0
8390,1,1049,1049,0
8391,1,1062,1062,0
10018,1,1036,1036,0
10019,1,883,883,0
10020,1,1133,1133,0
10300,1,1025,1025,0
10301,1,961,961,0
10302,1,1084,1084,0
10471,1,1053,1053,0
10472,1,1136,1136,0
10473,1,981,981,0
10498,1,1093,1093,0
10499,1,1091,1091,0
10500,1,1378,1378,0
11122,1,857,857,0
11123,1,1251,1251,0
11124,1,1018,1018,0
10597,1,975,975,0
10598,1,957,957,0
10599,1,921,921,0
11614,1,968,968,0
11615,1,916,916,0
11616,1,854,854,0
10684,1,868,868,0
10685,1,966,966,0
10686,1,1005,1005,0
14698,1,975,975,0
14699,1,958,958,0
12159,1,1046,1046,0
14700,1,1035,1035,0
589,1,1046,1046,0
590,1,922,922,0
591,1,862,862,0
841,1,981,981,0
842,1,1080,1080,0
843,1,1005,1005,0
2242,1,946,946,0
2243,1,951,951,0
2244,1,1089,1089,0
2680,1,898,898,0
1480,1,1069,1069,0
1481,1,1050,1050,0
1482,1,1059,1059,0
1546,1,1086,1086,0
1547,1,1033,1033,0
1548,1,1060,1060,0
6052,1,1151,1151,0
6053,1,1039,1039,0
6054,1,1015,1015,0
6187,1,1006,1006,0
2681,1,977,977,0
2682,1,973,973,0
3412,1,940,940,0
3413,1,984,984,0
3414,1,883,883,0
4928,1,1025,1025,0
4927,1,1074,1074,0
4929,1,1052,1052,0
6154,1,1017,1017,0
6155,1,942,942,0
6156,1,961,961,0
6188,1,988,988,0
6189,1,950,950,0
6268,1,929,929,0
6269,1,1216,1216,0
6270,1,989,989,0
7539,1,898,898,0
7972,1,981,981,0
7973,1,950,950,0
7974,1,920,920,0
8344,1,904,904,0
8345,1,934,934,0
8346,1,993,993,0
8485,1,1233,1233,0
8486,1,888,888,0
8487,1,956,956,0
9313,1,1012,1012,0
9671,1,1116,1116,0
10768,1,1254,1254,0
10769,1,888,888,0
10770,1,1095,1095,0
10924,1,952,952,0
10925,1,1065,1065,0
10926,1,1059,1059,0
11038,1,838,838,0
11039,1,877,877,0
11040,1,1124,1124,0
11407,1,1022,1022,0
11408,1,1060,1060,0
11409,1,1028,1028,0
11428,1,1387,1387,0
11429,1,1002,1002,0
11839,1,976,976,0
11841,1,941,941,0
12304,1,1064,1064,0
12305,1,1004,1004,0
12306,1,903,903,0
6139,1,1006,1006,0
6140,1,876,876,0
6141,1,1066,1066,0
6430,1,1278,1278,0
6432,1,1351,1351,0
6431,1,1072,1072,0
6538,1,1079,1079,0
6539,1,994,994,0
6540,1,1009,1009,0
6883,1,980,980,0
6721,1,877,877,0
6722,1,1059,1059,0
6723,1,879,879,0
6817,1,1012,1012,0
6818,1,1179,1179,0
6819,1,852,852,0
6844,1,963,963,0
6845,1,1051,1051,0
6846,1,1035,1035,0
6898,1,915,915,0
6884,1,998,998,0
6885,1,1081,1081,0
6988,1,1044,1044,0
6989,1,959,959,0
6990,1,1181,1181,0
7300,1,1159,1159,0
7301,1,987,987,0
7302,1,966,966,0
7537,1,978,978,0
7538,1,930,930,0
7324,1,1084,1084,0
7325,1,1194,1194,0
7326,1,1031,1031,0
8155,1,904,904,0
8156,1,1325,1325,0
8729,1,1060,1060,0
8730,1,887,887,0
9358,1,855,855,0
9359,1,891,891,0
9360,1,1022,1022,0
9314,1,972,972,0
9315,1,1033,1033,0
9610,1,1009,1009,0
9611,1,1258,1258,0
9612,1,969,969,0
9667,1,897,897,0
9668,1,882,882,0
9669,1,1104,1104,0
9670,1,1128,1128,0
9672,1,885,885,0
3127,1,898,898,0
3128,1,1026,1026,0
3129,1,1163,1163,0
6274,1,1224,1224,0
6275,1,993,993,0
6190,1,1051,1051,0
6191,1,1044,1044,0
6192,1,903,903,0
8077,1,1273,1273,0
8078,1,1356,1356,0
6276,1,844,844,0
8218,1,1006,1006,0
8219,1,859,859,0
8220,1,1137,1137,0
8728,1,1022,1022,0
6334,1,956,956,0
6335,1,888,888,0
6336,1,968,968,0
6454,1,967,967,0
6455,1,879,879,0
6456,1,956,956,0
8079,1,976,976,0
8167,1,932,932,0
8168,1,1058,1058,0
8169,1,1049,1049,0
8560,1,929,929,0
8157,1,981,981,0
8200,1,917,917,0
8201,1,1115,1115,0
8202,1,792,792,0
8456,1,1101,1101,0
8561,1,1150,1150,0
8562,1,852,852,0
9343,1,1022,1022,0
9344,1,1022,1022,0
9345,1,1017,1017,0
8839,1,916,916,0
9469,1,849,849,0
9470,1,901,901,0
9471,1,1042,1042,0
9574,1,933,933,0
9576,1,1010,1010,0
9709,1,1187,1187,0
9710,1,894,894,0
9711,1,1014,1014,0
11062,1,946,946,0
11064,1,1089,1089,0
10159,1,917,917,0
10161,1,951,951,0
10558,1,1063,1063,0
10559,1,869,869,0
10560,1,889,889,0
12416,1,1047,1047,0
11958,1,1005,1005,0
14176,1,856,856,0
14177,1,900,900,0
14178,1,1093,1093,0
407,1,966,966,0
700,1,918,918,0
701,1,880,880,0
702,1,932,932,0
724,1,951,951,0
634,1,996,996,0
635,1,855,855,0
636,1,1058,1058,0
2368,1,894,894,0
2369,1,973,973,0
725,1,1042,1042,0
726,1,1075,1075,0
1420,1,941,941,0
1421,1,951,951,0
1422,1,901,901,0
2317,1,1010,1010,0
2318,1,986,986,0
2319,1,1066,1066,0
2398,1,1124,1124,0
2400,1,913,913,0
2399,1,899,899,0
2509,1,1031,1031,0
2510,1,942,942,0
2511,1,964,964,0
2512,1,969,969,0
2524,1,1112,1112,0
2525,1,977,977,0
2526,1,897,897,0
6193,1,1049,1049,0
6194,1,1111,1111,0
2557,1,1023,1023,0
2558,1,908,908,0
2559,1,986,986,0
2806,1,903,903,0
2808,1,1226,1226,0
2667,1,855,855,0
3811,1,965,965,0
3812,1,1003,1003,0
3813,1,1056,1056,0
4501,1,963,963,0
3858,1,1038,1038,0
3955,1,993,993,0
3956,1,1033,1033,0
3957,1,957,957,0
4786,1,1302,1302,0
4787,1,1109,1109,0
4788,1,958,958,0
6073,1,904,904,0
6074,1,997,997,0
6195,1,901,901,0
6691,1,1023,1023,0
6692,1,1159,1159,0
6693,1,1027,1027,0
7256,1,1026,1026,0
8151,1,1042,1042,0
9575,1,1082,1082,0
9751,1,940,940,0
9752,1,967,967,0
9753,1,1029,1029,0
10160,1,940,940,0
10230,1,1058,1058,0
10537,1,975,975,0
10538,1,1101,1101,0
10539,1,940,940,0
11136,1,1063,1063,0
11134,1,891,891,0
11135,1,965,965,0
11410,1,886,886,0
11411,1,911,911,0
11412,1,982,982,0
11896,1,1259,1259,0
11897,1,965,965,0
11898,1,914,914,0
12701,1,868,868,0
12702,1,1088,1088,0
3389,1,1064,1064,0
3390,1,1002,1002,0
3559,1,1011,1011,0
3560,1,1009,1009,0
3561,1,850,850,0
3419,1,1025,1025,0
3420,1,920,920,0
3730,1,997,997,0
3731,1,1044,1044,0
3732,1,929,929,0
3796,1,1041,1041,0
3797,1,1016,1016,0
3798,1,1022,1022,0
3856,1,851,851,0
3857,1,882,882,0
4069,1,989,989,0
4070,1,1158,1158,0
4071,1,853,853,0
4132,1,918,918,0
4133,1,932,932,0
4134,1,1031,1031,0
4502,1,985,985,0
4503,1,1044,1044,0
5716,1,830,830,0
5717,1,951,951,0
5718,1,1080,1080,0
4682,1,899,899,0
4683,1,1030,1030,0
4723,1,880,880,0
4724,1,999,999,0
4725,1,1077,1077,0
5149,1,900,900,0
5150,1,1059,1059,0
5151,1,1030,1030,0
5824,1,940,940,0
5825,1,928,928,0
5446,1,871,871,0
5447,1,1065,1065,0
6697,1,903,903,0
6698,1,1039,1039,0
6699,1,950,950,0
6421,1,926,926,0
6422,1,933,933,0
6423,1,1038,1038,0
6475,1,1064,1064,0
6476,1,835,835,0
7020,1,1118,1118,0
7216,1,1004,1004,0
7217,1,911,911,0
7218,1,1033,1033,0
7363,1,952,952,0
7255,1,1312,1312,0
7257,1,1101,1101,0
8080,1,1059,1059,0
8081,1,951,951,0
8082,1,882,882,0
7546,1,867,867,0
7547,1,936,936,0
7548,1,1056,1056,0
8299,1,971,971,0
8300,1,974,974,0
8119,1,1011,1011,0
8120,1,924,924,0
8121,1,1107,1107,0
8275,1,943,943,0
8276,1,1040,1040,0
8277,1,1096,1096,0
12040,1,1019,1019,0
12041,1,1008,1008,0
12042,1,894,894,0
12700,1,874,874,0
8301,1,1074,1074,0
9652,1,908,908,0
9653,1,1029,1029,0
9654,1,1252,1252,0
14608,1,873,873,0
8476,1,1045,1045,0
8477,1,1015,1015,0
8478,1,1112,1112,0
8668,1,987,987,0
8669,1,1132,1132,0
8617,1,1021,1021,0
8618,1,979,979,0
8619,1,928,928,0
8980,1,1004,1004,0
8981,1,1283,1283,0
8670,1,837,837,0
12121,1,872,872,0
12122,1,878,878,0
12123,1,899,899,0
8982,1,981,981,0
12745,1,1170,1170,0
12746,1,1119,1119,0
12747,1,867,867,0
9017,1,967,967,0
9018,1,973,973,0
9034,1,1169,1169,0
9035,1,960,960,0
9036,1,902,902,0
9019,1,1076,1076,0
9020,1,893,893,0
9021,1,995,995,0
12728,1,906,906,0
12729,1,992,992,0
9049,1,1119,1119,0
9050,1,846,846,0
9051,1,1339,1339,0
9172,1,963,963,0
9173,1,935,935,0
9142,1,1107,1107,0
9143,1,951,951,0
9388,1,949,949,0
9389,1,925,925,0
9390,1,934,934,0
9160,1,1070,1070,0
9161,1,902,902,0
9162,1,884,884,0
10688,1,959,959,0
10689,1,1131,1131,0
9174,1,944,944,0
9202,1,967,967,0
9203,1,1109,1109,0
9204,1,821,821,0
9412,1,1045,1045,0
9413,1,1030,1030,0
9414,1,1252,1252,0
9625,1,826,826,0
9626,1,1045,1045,0
9627,1,859,859,0
9597,1,1048,1048,0
9874,1,942,942,0
9875,1,953,953,0
9876,1,1188,1188,0
9811,1,952,952,0
9812,1,1132,1132,0
9813,1,1076,1076,0
9952,1,853,853,0
9953,1,891,891,0
9954,1,904,904,0
10033,1,868,868,0
10034,1,864,864,0
10035,1,853,853,0
10048,1,981,981,0
10049,1,966,966,0
10050,1,904,904,0
10093,1,929,929,0
10094,1,1121,1121,0
10095,1,864,864,0
10315,1,1031,1031,0
10687,1,934,934,0
10843,1,857,857,0
10844,1,1129,1129,0
10845,1,984,984,0
11192,1,940,940,0
11287,1,857,857,0
11288,1,1021,1021,0
11289,1,1035,1035,0
11371,1,901,901,0
11372,1,945,945,0
11303,1,874,874,0
11392,1,1232,1232,0
11393,1,844,844,0
11394,1,901,901,0
11458,1,1014,1014,0
11373,1,1016,1016,0
11422,1,968,968,0
11423,1,1025,1025,0
11424,1,1129,1129,0
11674,1,915,915,0
11569,1,1013,1013,0
11570,1,937,937,0
11571,1,901,901,0
11675,1,937,937,0
11676,1,931,931,0
11698,1,1103,1103,0
11699,1,927,927,0
11700,1,895,895,0
11691,1,996,996,0
11911,1,968,968,0
11912,1,839,839,0
11913,1,888,888,0
12226,1,1172,1172,0
11884,1,1143,1143,0
11885,1,1045,1045,0
11886,1,984,984,0
11956,1,1273,1273,0
11957,1,902,902,0
12427,1,1081,1081,0
12428,1,1062,1062,0
12429,1,857,857,0
12769,1,1031,1031,0
12770,1,1105,1105,0
12771,1,847,847,0
12805,1,1041,1041,0
12806,1,1063,1063,0
12807,1,896,896,0
13186,1,1077,1077,0
12955,1,973,973,0
12956,1,996,996,0
12957,1,881,881,0
12990,1,953,953,0
14215,1,855,855,0
14216,1,911,911,0
14217,1,892,892,0
13039,1,925,925,0
13041,1,939,939,0
14609,1,985,985,0
14610,1,885,885,0
14830,1,961,961,0
14831,1,931,931,0
295,1,964,964,0
296,1,1030,1030,0
297,1,1010,1010,0
406,1,1073,1073,0
408,1,1001,1001,0
352,1,1017,1017,0
353,1,865,865,0
354,1,1011,1011,0
730,1,1003,1003,0
731,1,1341,1341,0
856,1,1035,1035,0
857,1,970,970,0
858,1,978,978,0
872,1,1187,1187,0
873,1,925,925,0
1058,1,1135,1135,0
1059,1,912,912,0
1282,1,884,884,0
1283,1,990,990,0
1284,1,1051,1051,0
1109,1,1112,1112,0
1110,1,1151,1151,0
2413,1,990,990,0
2414,1,857,857,0
2415,1,882,882,0
1154,1,1049,1049,0
1155,1,965,965,0
1267,1,837,837,0
1268,1,1149,1149,0
1269,1,980,980,0
1435,1,902,902,0
1436,1,995,995,0
1437,1,1029,1029,0
2257,1,1130,1130,0
2258,1,1011,1011,0
2370,1,1046,1046,0
2599,1,879,879,0
2600,1,1097,1097,0
2601,1,920,920,0
3253,1,945,945,0
2461,1,1012,1012,0
2462,1,1125,1125,0
2463,1,1035,1035,0
2528,1,1184,1184,0
2529,1,931,931,0
2527,1,956,956,0
2953,1,972,972,0
2954,1,1050,1050,0
2955,1,909,909,0
3418,1,1138,1138,0
2539,1,1013,1013,0
2540,1,990,990,0
2541,1,959,959,0
8149,1,890,890,0
8150,1,876,876,0
2596,1,1077,1077,0
2597,1,1008,1008,0
2598,1,1056,1056,0
2665,1,970,970,0
2666,1,943,943,0
2807,1,1042,1042,0
3616,1,1079,1079,0
3617,1,1005,1005,0
3618,1,868,868,0
3898,1,1059,1059,0
2993,1,936,936,0
2994,1,1047,1047,0
3010,1,855,855,0
3011,1,1088,1088,0
3012,1,943,943,0
3254,1,1142,1142,0
3255,1,982,982,0
4039,1,961,961,0
4040,1,917,917,0
4041,1,1028,1028,0
337,1,878,878,0
338,1,1002,1002,0
339,1,887,887,0
1123,1,862,862,0
1124,1,1002,1002,0
1125,1,1028,1028,0
732,1,1005,1005,0
916,1,1351,1351,0
917,1,988,988,0
918,1,1025,1025,0
1108,1,1065,1065,0
775,1,1225,1225,0
776,1,849,849,0
777,1,1222,1222,0
2458,1,1339,1339,0
2459,1,954,954,0
871,1,1004,1004,0
997,1,1056,1056,0
998,1,1129,1129,0
999,1,1219,1219,0
1153,1,1290,1290,0
983,1,925,925,0
1012,1,1102,1102,0
1013,1,1406,1406,0
1014,1,871,871,0
1057,1,1060,1060,0
1375,1,965,965,0
1376,1,1052,1052,0
1377,1,1026,1026,0
1444,1,1330,1330,0
1445,1,1011,1011,0
1405,1,858,858,0
1406,1,907,907,0
1407,1,1074,1074,0
1570,1,893,893,0
1571,1,1146,1146,0
1572,1,884,884,0
1446,1,972,972,0
1855,1,1071,1071,0
1856,1,914,914,0
1857,1,1351,1351,0
2275,1,916,916,0
2203,1,1077,1077,0
2204,1,988,988,0
2205,1,960,960,0
2371,1,882,882,0
2372,1,891,891,0
2373,1,939,939,0
2259,1,1110,1110,0
2386,1,1036,1036,0
2387,1,1091,1091,0
2388,1,935,935,0
2401,1,1029,1029,0
2276,1,982,982,0
2277,1,1045,1045,0
2320,1,1003,1003,0
2321,1,1062,1062,0
2322,1,1089,1089,0
2383,1,1034,1034,0
2384,1,1066,1066,0
2385,1,1073,1073,0
2569,1,1133,1133,0
2570,1,1174,1174,0
2402,1,1060,1060,0
2403,1,838,838,0
2542,1,978,978,0
2543,1,1195,1195,0
2544,1,942,942,0
2445,1,990,990,0
2695,1,1108,1108,0
2696,1,1099,1099,0
2697,1,1030,1030,0
2992,1,1022,1022,0
2460,1,868,868,0
2740,1,1128,1128,0
2741,1,903,903,0
2742,1,1315,1315,0
3475,1,1089,1089,0
2513,1,1227,1227,0
2514,1,1163,1163,0
2554,1,984,984,0
2555,1,932,932,0
2556,1,1138,1138,0
2571,1,1113,1113,0
2602,1,980,980,0
2603,1,1026,1026,0
2604,1,1020,1020,0
4681,1,907,907,0
2650,1,1141,1141,0
2651,1,1304,1304,0
2652,1,875,875,0
2821,1,1008,1008,0
2822,1,1084,1084,0
2823,1,1054,1054,0
3151,1,1104,1104,0
3152,1,974,974,0
3153,1,943,943,0
3277,1,1041,1041,0
3025,1,1116,1116,0
3026,1,980,980,0
3027,1,1261,1261,0
3244,1,1083,1083,0
3245,1,937,937,0
3246,1,1133,1133,0
3373,1,942,942,0
3374,1,1233,1233,0
3375,1,971,971,0
3388,1,1008,1008,0
3278,1,1026,1026,0
3279,1,1042,1042,0
3307,1,1077,1077,0
3308,1,992,992,0
3309,1,1005,1005,0
3476,1,916,916,0
3477,1,1045,1045,0
3514,1,1102,1102,0
3515,1,1148,1148,0
3516,1,1071,1071,0
3550,1,1062,1062,0
3551,1,858,858,0
3552,1,1208,1208,0
4756,1,984,984,0
4757,1,1135,1135,0
3899,1,1030,1030,0
3900,1,1018,1018,0
3952,1,1092,1092,0
3953,1,877,877,0
3954,1,1273,1273,0
4758,1,878,878,0
4912,1,1047,1047,0
4913,1,1015,1015,0
4914,1,1183,1183,0
5448,1,1035,1035,0
5430,1,899,899,0
5884,1,1024,1024,0
5885,1,1038,1038,0
5886,1,1042,1042,0
9016,1,1318,1318,0
5826,1,926,926,0
9097,1,941,941,0
9098,1,1023,1023,0
9099,1,917,917,0
6075,1,988,988,0
8779,1,1077,1077,0
8780,1,1132,1132,0
8781,1,1099,1099,0
9248,1,1181,1181,0
6082,1,1188,1188,0
6083,1,983,983,0
6084,1,996,996,0
9595,1,1321,1321,0
9596,1,1043,1043,0
6477,1,1139,1139,0
6832,1,852,852,0
6833,1,992,992,0
6834,1,833,833,0
7018,1,932,932,0
7019,1,1021,1021,0
6899,1,1024,1024,0
6900,1,1036,1036,0
7297,1,992,992,0
7298,1,1047,1047,0
7299,1,1067,1067,0
7330,1,908,908,0
7331,1,992,992,0
7332,1,956,956,0
9109,1,1250,1250,0
9110,1,952,952,0
7364,1,963,963,0
7365,1,962,962,0
7561,1,1032,1032,0
7562,1,905,905,0
7563,1,996,996,0
7603,1,1248,1248,0
7604,1,999,999,0
7605,1,1018,1018,0
7741,1,1128,1128,0
7742,1,1060,1060,0
7743,1,1253,1253,0
8158,1,968,968,0
8159,1,915,915,0
8160,1,979,979,0
8314,1,966,966,0
8203,1,845,845,0
8204,1,1012,1012,0
8205,1,863,863,0
8653,1,1069,1069,0
8654,1,940,940,0
8655,1,1029,1029,0
8315,1,1160,1160,0
8316,1,1070,1070,0
8359,1,841,841,0
8360,1,965,965,0
8361,1,1199,1199,0
8455,1,1191,1191,0
8457,1,970,970,0
8767,1,1099,1099,0
8768,1,991,991,0
8769,1,859,859,0
8557,1,1002,1002,0
8558,1,981,981,0
8559,1,1077,1077,0
8840,1,1060,1060,0
8841,1,1072,1072,0
9082,1,1128,1128,0
9083,1,957,957,0
9084,1,919,919,0
10228,1,1200,1200,0
10229,1,863,863,0
9111,1,1301,1301,0
9112,1,878,878,0
9113,1,957,957,0
9114,1,1177,1177,0
9144,1,1048,1048,0
9247,1,1024,1024,0
9249,1,1041,1041,0
11362,1,1038,1038,0
11363,1,1129,1129,0
11364,1,1109,1109,0
9328,1,1024,1024,0
9329,1,1003,1003,0
9330,1,913,913,0
9979,1,941,941,0
9980,1,1335,1335,0
9691,1,862,862,0
9692,1,871,871,0
9693,1,892,892,0
9766,1,904,904,0
9767,1,1084,1084,0
9768,1,916,916,0
9879,1,990,990,0
9892,1,903,903,0
9893,1,1019,1019,0
9894,1,1307,1307,0
9907,1,973,973,0
9981,1,897,897,0
10513,1,1045,1045,0
10514,1,1092,1092,0
10515,1,1023,1023,0
11770,1,906,906,0
10441,1,903,903,0
10442,1,1014,1014,0
10443,1,939,939,0
10582,1,1353,1353,0
10584,1,985,985,0
10583,1,1049,1049,0
10756,1,849,849,0
10757,1,1093,1093,0
10758,1,1099,1099,0
10867,1,969,969,0
10594,1,1177,1177,0
10595,1,1122,1122,0
10596,1,1021,1021,0
11302,1,883,883,0
11304,1,922,922,0
10868,1,1027,1027,0
10869,1,1235,1235,0
11236,1,1006,1006,0
11237,1,1151,1151,0
11238,1,1094,1094,0
11063,1,1152,1152,0
11296,1,1254,1254,0
11297,1,959,959,0
11298,1,1024,1024,0
11968,1,1130,1130,0
11191,1,1034,1034,0
11193,1,995,995,0
11815,1,998,998,0
11816,1,1056,1056,0
11817,1,1046,1046,0
11430,1,987,987,0
11659,1,961,961,0
11660,1,1085,1085,0
11661,1,1220,1220,0
11840,1,854,854,0
11459,1,890,890,0
11460,1,1157,1157,0
11503,1,873,873,0
11504,1,962,962,0
11505,1,996,996,0
11491,1,1295,1295,0
11492,1,1141,1141,0
11493,1,936,936,0
11689,1,1022,1022,0
11690,1,1116,1116,0
11771,1,864,864,0
11772,1,965,965,0
11941,1,882,882,0
11942,1,1249,1249,0
11943,1,1105,1105,0
310,1,1031,1031,0
311,1,941,941,0
312,1,1149,1149,0
982,1,1046,1046,0
984,1,955,955,0
421,1,1055,1055,0
422,1,876,876,0
423,1,1012,1012,0
7856,1,914,914,0
7857,1,1142,1142,0
2416,1,1006,1006,0
2417,1,1042,1042,0
2418,1,999,999,0
2443,1,1036,1036,0
2444,1,923,923,0
4093,1,1040,1040,0
4094,1,928,928,0
4095,1,1024,1024,0
5428,1,1038,1038,0
5429,1,1147,1147,0
9394,1,996,996,0
9395,1,1198,1198,0
9396,1,864,864,0
9877,1,1056,1056,0
9878,1,973,973,0
9908,1,1045,1045,0
9909,1,924,924,0
10174,1,1308,1308,0
10175,1,931,931,0
10176,1,911,911,0
10316,1,1053,1053,0
10317,1,991,991,0
10516,1,1085,1085,0
10517,1,956,956,0
10518,1,1102,1102,0
11969,1,1118,1118,0
11970,1,890,890,0
12034,1,1165,1165,0
12035,1,981,981,0
12036,1,890,890,0
12047,1,862,862,0
12227,1,1049,1049,0
12228,1,864,864,0
12961,1,1002,1002,0
12962,1,930,930,0
12963,1,1114,1114,0
12415,1,944,944,0
12417,1,1158,1158,0
13342,1,1059,1059,0
13343,1,1047,1047,0
13344,1,906,906,0
12727,1,1143,1143,0
12772,1,1018,1018,0
12773,1,909,909,0
12774,1,1099,1099,0
13040,1,1156,1156,0
12979,1,952,952,0
12980,1,1174,1174,0
12981,1,988,988,0
12988,1,1039,1039,0
12989,1,1024,1024,0
13187,1,1075,1075,0
13188,1,862,862,0
14794,1,966,966,0
14795,1,849,849,0
14796,1,844,844,0
14832,1,987,987,0
7855,1,1157,1157,0
9433,1,923,923,0
9434,1,944,944,0
9435,1,877,877,0
12046,1,985,985,0
12048,1,843,843,0
8596,1,1030,1030,0
8597,1,869,869,0
8598,1,1099,1099,0
10705,1,958,958,0
10706,1,989,989,0
8860,1,1083,1083,0
8861,1,883,883,0
8862,1,851,851,0
8875,1,897,897,0
8876,1,1275,1275,0
8877,1,1066,1066,0
12283,1,1111,1111,0
12284,1,1174,1174,0
12285,1,1000,1000,0
12344,1,1005,1005,0
10707,1,1005,1005,0
12328,1,919,919,0
12329,1,970,970,0
12330,1,1086,1086,0
12610,1,1086,1086,0
11449,1,937,937,0
11450,1,947,947,0
11451,1,1261,1261,0
12128,1,1291,1291,0
12129,1,990,990,0
12127,1,901,901,0
12592,1,861,861,0
12593,1,1262,1262,0
12594,1,1146,1146,0
12343,1,1029,1029,0
12345,1,879,879,0
14941,1,1024,1024,0
14942,1,1066,1066,0
14943,1,1331,1331,0
12611,1,877,877,0
12612,1,869,869,0
13945,1,957,957,0
13946,1,1082,1082,0
13947,1,1054,1054,0
14803,1,1100,1100,0
14804,1,1027,1027,0
14805,1,886,886,0
4369,1,992,992,0
4370,1,1027,1027,0
4371,1,877,877,0
12056,1,1075,1075,0
12057,1,944,944,0
11215,1,945,945,0
11216,1,1180,1180,0
11217,1,954,954,0
13822,1,1354,1354,0
13824,1,1078,1078,0
12055,1,1227,1227,0
13823,1,988,988,0
1234,1,926,926,0
1235,1,987,987,0
1236,1,828,828,0
1708,1,972,972,0
1709,1,1032,1032,0
1600,1,1326,1326,0
1601,1,969,969,0
1602,1,976,976,0
1693,1,974,974,0
1694,1,1076,1076,0
1695,1,1146,1146,0
3703,1,1065,1065,0
3704,1,983,983,0
3705,1,914,914,0
1773,1,1112,1112,0
1957,1,918,918,0
1958,1,1104,1104,0
1959,1,880,880,0
2944,1,1025,1025,0
2662,1,1133,1133,0
2663,1,1141,1141,0
2664,1,929,929,0
5539,1,843,843,0
5540,1,946,946,0
5203,1,960,960,0
5204,1,943,943,0
5205,1,933,933,0
5456,1,1045,1045,0
5457,1,988,988,0
5455,1,977,977,0
5541,1,1066,1066,0
9124,1,981,981,0
9125,1,1009,1009,0
9126,1,887,887,0
9178,1,1036,1036,0
9179,1,942,942,0
9180,1,1042,1042,0
11434,1,1037,1037,0
11435,1,977,977,0
11436,1,928,928,0
11647,1,973,973,0
6405,1,1071,1071,0
7489,1,880,880,0
7490,1,1127,1127,0
7491,1,1012,1012,0
7824,1,971,971,0
6517,1,939,939,0
6518,1,932,932,0
6519,1,859,859,0
6604,1,865,865,0
6605,1,1054,1054,0
6606,1,1078,1078,0
6670,1,1026,1026,0
6671,1,981,981,0
6672,1,891,891,0
6688,1,1135,1135,0
6689,1,1052,1052,0
6690,1,938,938,0
6769,1,973,973,0
6770,1,964,964,0
6771,1,978,978,0
6955,1,922,922,0
6956,1,965,965,0
6957,1,1001,1001,0
7051,1,1180,1180,0
7052,1,1137,1137,0
7053,1,963,963,0
7194,1,975,975,0
7444,1,1121,1121,0
7445,1,1020,1020,0
7446,1,1021,1021,0
9157,1,1016,1016,0
7822,1,937,937,0
7823,1,1035,1035,0
10192,1,1082,1082,0
10193,1,883,883,0
10194,1,857,857,0
10714,1,1164,1164,0
11389,1,1065,1065,0
11390,1,837,837,0
11391,1,961,961,0
11648,1,928,928,0
11649,1,1053,1053,0
3805,1,1227,1227,0
3806,1,1100,1100,0
3807,1,989,989,0
6328,1,1003,1003,0
6329,1,879,879,0
6330,1,1144,1144,0
6628,1,1158,1158,0
6629,1,862,862,0
6630,1,1338,1338,0
6925,1,938,938,0
6926,1,1000,1000,0
6927,1,1112,1112,0
6970,1,945,945,0
6971,1,1077,1077,0
6972,1,1062,1062,0
7048,1,903,903,0
7049,1,1124,1124,0
7050,1,842,842,0
7450,1,1052,1052,0
7451,1,1054,1054,0
7096,1,1013,1013,0
7097,1,1137,1137,0
7098,1,1037,1037,0
7192,1,897,897,0
7193,1,1036,1036,0
7223,1,1177,1177,0
7254,1,852,852,0
10090,1,1057,1057,0
10091,1,1344,1344,0
10092,1,988,988,0
7452,1,1073,1073,0
7624,1,927,927,0
7625,1,847,847,0
7626,1,897,897,0
7712,1,1147,1147,0
8508,1,857,857,0
9949,1,1046,1046,0
9950,1,905,905,0
9951,1,1141,1141,0
10544,1,893,893,0
10545,1,859,859,0
10543,1,1073,1073,0
11107,1,949,949,0
11108,1,954,954,0
11109,1,1047,1047,0
14815,1,954,954,0
3268,1,986,986,0
3269,1,943,943,0
3270,1,998,998,0
8506,1,1041,1041,0
8507,1,1023,1023,0
6292,1,1127,1127,0
6293,1,1112,1112,0
6294,1,852,852,0
7252,1,1099,1099,0
7253,1,1058,1058,0
6756,1,1028,1028,0
6829,1,974,974,0
6830,1,1038,1038,0
6831,1,902,902,0
7036,1,914,914,0
7037,1,946,946,0
7038,1,985,985,0
7078,1,874,874,0
7079,1,1024,1024,0
7080,1,912,912,0
7222,1,852,852,0
7224,1,877,877,0
7711,1,1062,1062,0
7713,1,972,972,0
11248,1,1111,1111,0
11249,1,940,940,0
11250,1,1168,1168,0
8878,1,1022,1022,0
8879,1,1087,1087,0
8880,1,933,933,0
14816,1,1042,1042,0
14817,1,902,902,0
18706,1,846,846,0
18707,1,969,969,0
18708,1,903,903,0
22441,1,1034,1034,0
22442,1,923,923,0
18709,1,1061,1061,0
18710,1,894,894,0
18711,1,1347,1347,0
18776,1,1016,1016,0
18777,1,966,966,0
18712,1,1150,1150,0
18713,1,860,860,0
18714,1,1011,1011,0
18724,1,919,919,0
18725,1,1080,1080,0
18726,1,1003,1003,0
28399,1,874,874,0
28400,1,1219,1219,0
28401,1,1221,1221,0
18775,1,864,864,0
22443,1,1171,1171,0
26218,1,940,940,0
26219,1,1034,1034,0
26220,1,1282,1282,0
23566,1,975,975,0
23567,1,898,898,0
23568,1,1074,1074,0
24814,1,987,987,0
24816,1,953,953,0
24815,1,987,987,0
25387,1,1068,1068,0
25388,1,946,946,0
25389,1,1047,1047,0
32410,1,986,986,0
32411,1,958,958,0
28395,1,1023,1023,0
32412,1,960,960,0
35983,1,859,859,0
15988,1,1008,1008,0
15989,1,1051,1051,0
15990,1,934,934,0
28393,1,890,890,0
28394,1,1029,1029,0
19783,1,884,884,0
19784,1,1318,1318,0
19785,1,865,865,0
35984,1,1008,1008,0
35985,1,1218,1218,0
850,1,963,963,0
851,1,1216,1216,0
852,1,1126,1126,0
4640,1,965,965,0
4641,1,1091,1091,0
1765,1,879,879,0
1766,1,1308,1308,0
1767,1,909,909,0
3973,1,993,993,0
3974,1,1024,1024,0
736,1,915,915,0
737,1,1012,1012,0
738,1,1010,1010,0
1099,1,1001,1001,0
1100,1,999,999,0
1101,1,927,927,0
1594,1,1000,1000,0
1595,1,1042,1042,0
1596,1,816,816,0
1728,1,1048,1048,0
3142,1,864,864,0
3143,1,852,852,0
3144,1,948,948,0
3241,1,1082,1082,0
3242,1,1052,1052,0
5707,1,866,866,0
5708,1,955,955,0
5709,1,937,937,0
14965,1,1023,1023,0
14966,1,859,859,0
14967,1,863,863,0
355,1,879,879,0
356,1,1035,1035,0
357,1,903,903,0
1786,1,1010,1010,0
1787,1,1006,1006,0
1788,1,849,849,0
1801,1,988,988,0
1802,1,1061,1061,0
1803,1,974,974,0
1942,1,908,908,0
1944,1,973,973,0
1867,1,855,855,0
1868,1,921,921,0
1869,1,929,929,0
1943,1,1232,1232,0
19048,1,1113,1113,0
19049,1,978,978,0
19050,1,1096,1096,0
19592,1,1008,1008,0
19593,1,856,856,0
19768,1,903,903,0
19769,1,1027,1027,0
19770,1,1004,1004,0
20026,1,835,835,0
20027,1,1211,1211,0
20028,1,967,967,0
20231,1,975,975,0
21942,1,1035,1035,0
33397,1,921,921,0
33398,1,1009,1009,0
33399,1,864,864,0
33409,1,1017,1017,0
21987,1,1002,1002,0
22683,1,1021,1021,0
23476,1,902,902,0
23477,1,1023,1023,0
23478,1,1161,1161,0
23440,1,1039,1039,0
23441,1,1110,1110,0
23442,1,879,879,0
23480,1,1054,1054,0
23481,1,929,929,0
23479,1,1005,1005,0
23482,1,871,871,0
23483,1,1185,1185,0
23484,1,905,905,0
27909,1,953,953,0
30594,1,954,954,0
32365,1,1015,1015,0
32366,1,987,987,0
32367,1,975,975,0
31579,1,939,939,0
31580,1,879,879,0
31581,1,956,956,0
31687,1,1072,1072,0
32623,1,1009,1009,0
32624,1,994,994,0
32625,1,1196,1196,0
32061,1,875,875,0
34218,1,1119,1119,0
34330,1,871,871,0
34331,1,1000,1000,0
34332,1,1044,1044,0
34378,1,1012,1012,0
34379,1,1346,1346,0
34380,1,960,960,0
34895,1,1034,1034,0
35395,1,890,890,0
35396,1,834,834,0
35397,1,1042,1042,0
36474,1,1075,1075,0
37480,1,1014,1014,0
37481,1,961,961,0
37482,1,1062,1062,0
15790,1,1112,1112,0
15791,1,1048,1048,0
15792,1,1111,1111,0
30610,1,1063,1063,0
30611,1,1086,1086,0
19648,1,1140,1140,0
19649,1,1046,1046,0
19650,1,1363,1363,0
34648,1,930,930,0
34649,1,1041,1041,0
21802,1,1189,1189,0
21803,1,955,955,0
21804,1,1116,1116,0
21940,1,1053,1053,0
21941,1,1031,1031,0
29905,1,972,972,0
29906,1,1097,1097,0
29907,1,1067,1067,0
34708,1,1082,1082,0
34709,1,868,868,0
30607,1,1009,1009,0
30608,1,1247,1247,0
30609,1,1088,1088,0
36472,1,1032,1032,0
36473,1,1108,1108,0
30612,1,991,991,0
34303,1,958,958,0
34304,1,1010,1010,0
34305,1,1177,1177,0
36240,1,1029,1029,0
30682,1,1083,1083,0
30683,1,964,964,0
30684,1,1190,1190,0
32059,1,1058,1058,0
32060,1,915,915,0
31597,1,1048,1048,0
31598,1,1053,1053,0
31599,1,1052,1052,0
31688,1,890,890,0
31689,1,1096,1096,0
34277,1,889,889,0
34278,1,1138,1138,0
34510,1,1090,1090,0
34511,1,1125,1125,0
34512,1,1111,1111,0
34650,1,892,892,0
34750,1,822,822,0
34751,1,1014,1014,0
34752,1,907,907,0
34894,1,1011,1011,0
34896,1,917,917,0
36238,1,895,895,0
36239,1,1065,1065,0
37129,1,985,985,0
37130,1,1000,1000,0
37131,1,976,976,0
16288,1,883,883,0
16289,1,885,885,0
16290,1,1057,1057,0
22681,1,832,832,0
22682,1,1227,1227,0
19978,1,1094,1094,0
19979,1,918,918,0
19980,1,1019,1019,0
20230,1,1248,1248,0
20232,1,995,995,0
21664,1,1059,1059,0
21665,1,888,888,0
21666,1,911,911,0
24307,1,943,943,0
24308,1,983,983,0
21901,1,902,902,0
21902,1,960,960,0
21903,1,966,966,0
21985,1,1069,1069,0
21986,1,1022,1022,0
24309,1,1007,1007,0
25102,1,896,896,0
25103,1,1043,1043,0
25104,1,1062,1062,0
26074,1,952,952,0
26075,1,1182,1182,0
26076,1,887,887,0
33361,1,1103,1103,0
33362,1,960,960,0
33363,1,863,863,0
30448,1,1329,1329,0
30449,1,1006,1006,0
30450,1,1352,1352,0
32072,1,1207,1207,0
33410,1,1200,1200,0
33411,1,877,877,0
34318,1,976,976,0
34319,1,863,863,0
34320,1,993,993,0
34710,1,973,973,0
34732,1,965,965,0
34733,1,930,930,0
34734,1,1004,1004,0
34882,1,1035,1035,0
34883,1,989,989,0
34884,1,932,932,0
35089,1,1105,1105,0
35090,1,964,964,0
35091,1,869,869,0
17326,1,1106,1106,0
17327,1,1036,1036,0
17328,1,975,975,0
27907,1,953,953,0
27908,1,1103,1103,0
19573,1,947,947,0
19574,1,1159,1159,0
19575,1,1065,1065,0
34216,1,1005,1005,0
34217,1,991,991,0
19591,1,854,854,0
33424,1,1123,1123,0
33425,1,1068,1068,0
33426,1,1006,1006,0
34276,1,939,939,0
23209,1,870,870,0
23210,1,1003,1003,0
23211,1,1103,1103,0
30592,1,1265,1265,0
30593,1,930,930,0
30079,1,853,853,0
30080,1,1003,1003,0
30081,1,816,816,0
30085,1,909,909,0
30086,1,970,970,0
30087,1,952,952,0
31492,1,854,854,0
31493,1,942,942,0
31494,1,1090,1090,0
32071,1,1084,1084,0
32073,1,1190,1190,0
36523,1,997,997,0
36524,1,910,910,0
36525,1,893,893,0
37576,1,927,927,0
37577,1,1001,1001,0
37578,1,928,928,0
21232,1,1172,1172,0
21233,1,991,991,0
21234,1,915,915,0
21238,1,908,908,0
21240,1,1072,1072,0
21402,1,868,868,0
21490,1,1009,1009,0
21491,1,1149,1149,0
21492,1,874,874,0
21523,1,1000,1000,0
21590,1,975,975,0
21591,1,839,839,0
21820,1,1135,1135,0
21821,1,899,899,0
21822,1,918,918,0
21607,1,1258,1258,0
23735,1,1107,1107,0
23947,1,1296,1296,0
23948,1,907,907,0
23949,1,1016,1016,0
25482,1,953,953,0
28144,1,1031,1031,0
28145,1,994,994,0
28146,1,1127,1127,0
29951,1,1160,1160,0
29953,1,927,927,0
29954,1,1057,1057,0
29955,1,1164,1164,0
30806,1,1116,1116,0
30807,1,1000,1000,0
30983,1,1047,1047,0
32872,1,901,901,0
32873,1,943,943,0
32874,1,1024,1024,0
33413,1,840,840,0
33414,1,1098,1098,0
34197,1,1015,1015,0
34791,1,890,890,0
35038,1,1155,1155,0
35039,1,1013,1013,0
35219,1,846,846,0
35220,1,1034,1034,0
35287,1,890,890,0
36943,1,963,963,0
36944,1,1010,1010,0
36945,1,984,984,0
18583,1,977,977,0
18619,1,1166,1166,0
18620,1,860,860,0
18621,1,1030,1030,0
18656,1,850,850,0
18655,1,971,971,0
18657,1,1009,1009,0
18697,1,1031,1031,0
18698,1,836,836,0
18699,1,1023,1023,0
19534,1,876,876,0
19535,1,898,898,0
19536,1,1007,1007,0
33349,1,1098,1098,0
33350,1,1145,1145,0
20032,1,1034,1034,0
20033,1,930,930,0
20034,1,870,870,0
34195,1,1018,1018,0
34196,1,1126,1126,0
21534,1,917,917,0
21595,1,1007,1007,0
21596,1,1033,1033,0
21597,1,915,915,0
33412,1,1016,1016,0
22951,1,1035,1035,0
23227,1,1124,1124,0
23228,1,946,946,0
23229,1,1047,1047,0
23299,1,874,874,0
23300,1,882,882,0
23301,1,930,930,0
23377,1,1037,1037,0
23378,1,1041,1041,0
23379,1,1097,1097,0
34685,1,1069,1069,0
34686,1,845,845,0
34786,1,916,916,0
34787,1,891,891,0
34788,1,1186,1186,0
34906,1,991,991,0
34907,1,908,908,0
34908,1,865,865,0
35176,1,1183,1183,0
35177,1,1092,1092,0
35178,1,1011,1011,0
35194,1,956,956,0
35195,1,991,991,0
35196,1,967,967,0
35218,1,1002,1002,0
15073,1,972,972,0
15074,1,953,953,0
15075,1,865,865,0
30790,1,1355,1355,0
30792,1,1038,1038,0
15598,1,865,865,0
15599,1,900,900,0
15600,1,1019,1019,0
15826,1,1108,1108,0
15827,1,924,924,0
15828,1,989,989,0
15853,1,856,856,0
15854,1,970,970,0
15855,1,1005,1005,0
19321,1,1037,1037,0
19322,1,944,944,0
19323,1,1034,1034,0
20248,1,977,977,0
20249,1,857,857,0
20250,1,1141,1141,0
23685,1,989,989,0
24445,1,1049,1049,0
24446,1,1051,1051,0
24447,1,843,843,0
30805,1,1035,1035,0
29444,1,1010,1010,0
29445,1,923,923,0
37249,1,859,859,0
37250,1,1019,1019,0
37251,1,869,869,0
30118,1,1075,1075,0
30119,1,962,962,0
30120,1,925,925,0
34789,1,977,977,0
34790,1,1117,1117,0
30791,1,963,963,0
34468,1,1024,1024,0
34469,1,976,976,0
34470,1,842,842,0
35040,1,951,951,0
20176,1,919,919,0
20177,1,949,949,0
20178,1,1020,1020,0
23173,1,853,853,0
23174,1,1014,1014,0
23175,1,982,982,0
21239,1,871,871,0
21259,1,974,974,0
21260,1,875,875,0
21261,1,948,948,0
21400,1,858,858,0
21401,1,1000,1000,0
21478,1,1063,1063,0
21479,1,962,962,0
21480,1,1129,1129,0
21499,1,1048,1048,0
21500,1,974,974,0
21501,1,840,840,0
21517,1,959,959,0
21518,1,1324,1324,0
21519,1,926,926,0
21589,1,1288,1288,0
21524,1,1000,1000,0
21525,1,985,985,0
21541,1,1113,1113,0
21542,1,995,995,0
21543,1,981,981,0
21571,1,1157,1157,0
21572,1,996,996,0
21573,1,1060,1060,0
21616,1,1150,1150,0
21617,1,1223,1223,0
21618,1,962,962,0
21631,1,1019,1019,0
21632,1,902,902,0
21633,1,1097,1097,0
21848,1,1107,1107,0
23455,1,1059,1059,0
23456,1,844,844,0
23457,1,952,952,0
33351,1,932,932,0
34372,1,1069,1069,0
34373,1,1098,1098,0
34374,1,933,933,0
34450,1,979,979,0
34451,1,961,961,0
34452,1,974,974,0
34456,1,841,841,0
34457,1,891,891,0
34458,1,866,866,0
34684,1,1059,1059,0
18265,1,998,998,0
18266,1,1041,1041,0
18267,1,847,847,0
18460,1,1017,1017,0
18461,1,948,948,0
18462,1,864,864,0
18493,1,942,942,0
18494,1,1081,1081,0
18495,1,1006,1006,0
18574,1,920,920,0
18576,1,1423,1423,0
18508,1,1125,1125,0
18509,1,950,950,0
18510,1,928,928,0
18584,1,1050,1050,0
18585,1,1064,1064,0
18575,1,974,974,0
18778,1,1032,1032,0
18779,1,1149,1149,0
18780,1,1078,1078,0
19645,1,881,881,0
20269,1,1078,1078,0
20270,1,955,955,0
20271,1,994,994,0
21472,1,1077,1077,0
21473,1,915,915,0
21133,1,993,993,0
21134,1,1035,1035,0
21135,1,1152,1152,0
22952,1,1028,1028,0
22953,1,908,908,0
21235,1,1157,1157,0
21236,1,912,912,0
21237,1,981,981,0
21608,1,1017,1017,0
21609,1,1013,1013,0
21847,1,1023,1023,0
21849,1,935,935,0
21904,1,1052,1052,0
21905,1,992,992,0
21906,1,1047,1047,0
21967,1,1065,1065,0
21968,1,1058,1058,0
21969,1,1141,1141,0
25480,1,1053,1053,0
25481,1,1285,1285,0
23404,1,1243,1243,0
23405,1,938,938,0
23406,1,1042,1042,0
29950,1,965,965,0
29952,1,934,934,0
23593,1,1051,1051,0
23594,1,945,945,0
23595,1,1028,1028,0
23734,1,928,928,0
23736,1,1004,1004,0
