3357,1,1005,1005,0
3358,1,1042,1042,0
3359,1,996,996,0
3769,1,995,995,0
3770,1,970,970,0
3451,1,1022,1022,0
3452,1,978,978,0
3545,1,1039,1039,0
3546,1,1045,1045,0
3547,1,1019,1019,0
5775,1,1024,1024,0
6257,1,997,997,0
6258,1,1017,1017,0
6259,1,992,992,0
6260,1,1034,1034,0
14588,1,1028,1028,0
14865,1,1035,1035,0
14866,1,1007,1007,0
14867,1,949,949,0
14868,1,969,969,0
14870,1,971,971,0
14871,1,983,983,0
14965,1,987,987,0
14966,1,983,983,0
14968,1,1011,1011,0
15485,1,1004,1004,0
15486,1,1031,1031,0
15487,1,1050,1050,0
15488,1,1015,1015,0
15501,1,974,974,0
15502,1,993,993,0
15503,1,1064,1064,0
15985,1,1046,1046,0
15986,1,961,961,0
21231,1,982,982,0
21429,1,1026,1026,0
21430,1,1051,1051,0
21431,1,1031,1031,0
21432,1,1015,1015,0
31085,1,975,975,0
31086,1,985,985,0
31087,1,1040,1040,0
31201,1,1031,1031,0
31202,1,1042,1042,0
32044,1,1000,1000,0
441,1,1014,1014,0
442,1,1030,1030,0
443,1,939,939,0
444,1,1053,1053,0
889,1,994,994,0
890,1,1009,1009,0
891,1,1002,1002,0
892,1,1030,1030,0
1193,1,1059,1059,0
1194,1,1032,1032,0
926,1,999,999,0
927,1,989,989,0
1073,1,983,983,0
1074,1,1028,1028,0
1075,1,1030,1030,0
2403,1,1008,1008,0
2404,1,1068,1068,0
4149,1,1044,1044,0
4150,1,961,961,0
4152,1,978,978,0
5921,1,1030,1030,0
5922,1,1030,1030,0
5923,1,998,998,0
5924,1,1012,1012,0
5952,1,1022,1022,0
6025,1,1026,1026,0
6026,1,993,993,0
6027,1,999,999,0
6028,1,1032,1032,0
21024,1,987,987,0
6737,1,998,998,0
6738,1,1019,1019,0
6739,1,1005,1005,0
6740,1,963,963,0
13992,1,1017,1017,0
7345,1,1000,1000,0
7346,1,1009,1009,0
7347,1,1045,1045,0
7348,1,1044,1044,0
7792,1,1030,1030,0
13989,1,999,999,0
13990,1,1022,1022,0
13991,1,973,973,0
14269,1,994,994,0
14272,1,986,986,0
14545,1,1000,1000,0
14546,1,1035,1035,0
14547,1,964,964,0
14548,1,1067,1067,0
14553,1,973,973,0
15118,1,997,997,0
15119,1,968,968,0
15125,1,953,953,0
15126,1,988,988,0
15128,1,970,970,0
15483,1,958,958,0
15484,1,949,949,0
15609,1,1002,1002,0
15610,1,991,991,0
15611,1,1026,1026,0
15612,1,1032,1032,0
15669,1,1006,1006,0
15670,1,1030,1030,0
15671,1,968,968,0
15672,1,936,936,0
15987,1,1006,1006,0
15988,1,965,965,0
22258,1,1042,1042,0
22259,1,978,978,0
22260,1,983,983,0
23009,1,1069,1069,0
23010,1,1005,1005,0
23011,1,964,964,0
23012,1,1010,1010,0
23313,1,1038,1038,0
23314,1,1059,1059,0
23315,1,1011,1011,0
1257,1,1003,1003,0
1258,1,1048,1048,0
1259,1,1014,1014,0
1260,1,1004,1004,0
4672,1,975,975,0
2201,1,1006,1006,0
2202,1,1023,1023,0
2203,1,1030,1030,0
2204,1,1011,1011,0
4105,1,1042,1042,0
3115,1,1014,1014,0
3116,1,952,952,0
3945,1,1031,1031,0
3946,1,1008,1008,0
3947,1,1032,1032,0
4045,1,1036,1036,0
4046,1,1015,1015,0
4047,1,975,975,0
4421,1,1033,1033,0
4424,1,1012,1012,0
4478,1,1045,1045,0
4479,1,995,995,0
20121,1,1028,1028,0
20122,1,997,997,0
20123,1,1010,1010,0
4854,1,1013,1013,0
4855,1,989,989,0
5021,1,1011,1011,0
5022,1,953,953,0
5024,1,1068,1068,0
5023,1,1021,1021,0
6717,1,1067,1067,0
6718,1,1001,1001,0
6719,1,1000,1000,0
6720,1,1026,1026,0
5949,1,1066,1066,0
5950,1,998,998,0
5951,1,981,981,0
6277,1,1031,1031,0
6280,1,1013,1013,0
12829,1,996,996,0
12830,1,994,994,0
12831,1,1033,1033,0
12832,1,997,997,0
14281,1,1030,1030,0
13843,1,1007,1007,0
13844,1,1042,1042,0
28085,1,1026,1026,0
28086,1,1047,1047,0
28087,1,1014,1014,0
28088,1,1082,1082,0
28128,1,1033,1033,0
3321,1,1034,1034,0
3322,1,967,967,0
3323,1,1007,1007,0
3324,1,1058,1058,0
4136,1,955,955,0
4106,1,1025,1025,0
4107,1,1011,1011,0
4108,1,992,992,0
4477,1,990,990,0
4480,1,1036,1036,0
8818,1,1007,1007,0
8819,1,1048,1048,0
8820,1,975,975,0
21985,1,1031,1031,0
21986,1,1004,1004,0
12033,1,1048,1048,0
12034,1,981,981,0
12035,1,1041,1041,0
12036,1,1048,1048,0
13793,1,982,982,0
12998,1,1027,1027,0
12999,1,1056,1056,0
13813,1,1039,1039,0
13814,1,1055,1055,0
13816,1,955,955,0
15127,1,995,995,0
15129,1,1054,1054,0
15130,1,1003,1003,0
15131,1,1059,1059,0
15132,1,949,949,0
15305,1,951,951,0
15306,1,973,973,0
15307,1,965,965,0
15308,1,994,994,0
15504,1,1025,1025,0
27486,1,955,955,0
27487,1,1045,1045,0
27673,1,1031,1031,0
27674,1,1038,1038,0
27675,1,1008,1008,0
27676,1,986,986,0
27709,1,1025,1025,0
27710,1,974,974,0
27711,1,1022,1022,0
27712,1,1017,1017,0
32022,1,1018,1018,0
32023,1,968,968,0
32041,1,1011,1011,0
32042,1,991,991,0
32043,1,1001,1001,0
549,1,1042,1042,0
550,1,968,968,0
551,1,1072,1072,0
552,1,987,987,0
1792,1,976,976,0
6189,1,984,984,0
6190,1,1010,1010,0
6191,1,1044,1044,0
6192,1,992,992,0
12576,1,1002,1002,0
7709,1,1055,1055,0
7710,1,1026,1026,0
7711,1,1002,1002,0
30321,1,1044,1044,0
30322,1,1015,1015,0
11538,1,998,998,0
11539,1,1061,1061,0
11540,1,960,960,0
13841,1,998,998,0
13842,1,965,965,0
12761,1,988,988,0
12762,1,1014,1014,0
12763,1,1002,1002,0
12764,1,1014,1014,0
14041,1,978,978,0
13202,1,970,970,0
13203,1,1043,1043,0
13204,1,1020,1020,0
14377,1,1035,1035,0
14378,1,1022,1022,0
14379,1,1012,1012,0
14380,1,1017,1017,0
14664,1,1011,1011,0
14541,1,971,971,0
14542,1,995,995,0
14543,1,1010,1010,0
14544,1,1026,1026,0
15505,1,955,955,0
15458,1,980,980,0
15459,1,968,968,0
15460,1,983,983,0
15681,1,988,988,0
15682,1,1010,1010,0
15683,1,1060,1060,0
15684,1,1027,1027,0
27649,1,979,979,0
21102,1,1061,1061,0
21103,1,980,980,0
21229,1,1041,1041,0
21230,1,1036,1036,0
21232,1,1057,1057,0
26294,1,985,985,0
26295,1,948,948,0
27197,1,1056,1056,0
27198,1,1029,1029,0
27200,1,1040,1040,0
27650,1,1041,1041,0
27651,1,1029,1029,0
27652,1,1040,1040,0
33021,1,1007,1007,0
33024,1,988,988,0
32646,1,960,960,0
32647,1,957,957,0
32685,1,980,980,0
32686,1,973,973,0
32688,1,1096,1096,0
12573,1,958,958,0
12574,1,985,985,0
12575,1,1000,1000,0
12997,1,1009,1009,0
13000,1,1012,1012,0
12937,1,1010,1010,0
12938,1,983,983,0
12939,1,1052,1052,0
12940,1,984,984,0
13201,1,1003,1003,0
13815,1,1001,1001,0
14285,1,940,940,0
14286,1,965,965,0
14287,1,984,984,0
14288,1,1018,1018,0
14270,1,959,959,0
14271,1,942,942,0
14585,1,1049,1049,0
14586,1,1036,1036,0
14587,1,1028,1028,0
14513,1,1033,1033,0
14514,1,991,991,0
14515,1,1012,1012,0
14516,1,1033,1033,0
15024,1,985,985,0
15021,1,975,975,0
15022,1,1007,1007,0
15023,1,943,943,0
20981,1,943,943,0
20984,1,987,987,0
15314,1,995,995,0
15315,1,998,998,0
15316,1,956,956,0
15506,1,1003,1003,0
15507,1,991,991,0
15508,1,965,965,0
15585,1,1018,1018,0
15586,1,991,991,0
20982,1,996,996,0
20983,1,990,990,0
33349,1,950,950,0
33350,1,1017,1017,0
33352,1,975,975,0
33351,1,968,968,0
618,1,1030,1030,0
619,1,1040,1040,0
620,1,986,986,0
2965,1,946,946,0
2968,1,970,970,0
2641,1,1009,1009,0
2642,1,988,988,0
2643,1,1008,1008,0
2644,1,976,976,0
7080,1,969,969,0
7077,1,898,898,0
7078,1,1002,1002,0
7079,1,972,972,0
13105,1,1010,1010,0
13106,1,964,964,0
9924,1,970,970,0
20205,1,1047,1047,0
20206,1,969,969,0
20207,1,1007,1007,0
20208,1,1047,1047,0
14118,1,1056,1056,0
14119,1,1006,1006,0
14705,1,1043,1043,0
14706,1,945,945,0
14707,1,1058,1058,0
14282,1,1033,1033,0
14283,1,984,984,0
14284,1,1033,1033,0
32021,1,993,993,0
32024,1,1017,1017,0
14473,1,1006,1006,0
14474,1,1014,1014,0
14475,1,1004,1004,0
14476,1,1035,1035,0
15457,1,1033,1033,0
14573,1,958,958,0
14574,1,1012,1012,0
14575,1,981,981,0
14576,1,1027,1027,0
15265,1,1002,1002,0
14708,1,939,939,0
15209,1,1027,1027,0
15210,1,977,977,0
15211,1,997,997,0
15212,1,978,978,0
15398,1,978,978,0
15399,1,1056,1056,0
15587,1,1017,1017,0
15588,1,1032,1032,0
33209,1,1002,1002,0
33210,1,1028,1028,0
33211,1,963,963,0
33022,1,995,995,0
33023,1,972,972,0
33193,1,1006,1006,0
33194,1,1025,1025,0
33195,1,1043,1043,0
453,1,935,935,0
454,1,994,994,0
455,1,974,974,0
456,1,1005,1005,0
617,1,1015,1015,0
2022,1,1020,1020,0
2023,1,1019,1019,0
6669,1,996,996,0
6670,1,1009,1009,0
6671,1,1030,1030,0
6672,1,979,979,0
7176,1,997,997,0
10085,1,1077,1077,0
10086,1,991,991,0
10087,1,962,962,0
10088,1,1053,1053,0
11537,1,928,928,0
13107,1,1012,1012,0
13108,1,1054,1054,0
14393,1,965,965,0
14394,1,1029,1029,0
14395,1,1024,1024,0
14042,1,1011,1011,0
14043,1,994,994,0
14044,1,1018,1018,0
14117,1,986,986,0
14120,1,1036,1036,0
14396,1,980,980,0
14481,1,972,972,0
14482,1,959,959,0
14483,1,1020,1020,0
14484,1,1010,1010,0
15963,1,995,995,0
15964,1,1001,1001,0
30538,1,988,988,0
30539,1,1051,1051,0
30540,1,989,989,0
33085,1,1030,1030,0
33086,1,1074,1074,0
33087,1,1016,1016,0
33212,1,998,998,0
33317,1,1003,1003,0
33318,1,1018,1018,0
33319,1,1019,1019,0
33320,1,1008,1008,0
745,1,970,970,0
746,1,1000,1000,0
747,1,1001,1001,0
748,1,986,986,0
1224,1,1059,1059,0
1221,1,987,987,0
1222,1,956,956,0
1223,1,945,945,0
2021,1,979,979,0
2024,1,1008,1008,0
2966,1,1038,1038,0
2967,1,997,997,0
3389,1,1015,1015,0
3390,1,978,978,0
3392,1,974,974,0
3391,1,1027,1027,0
4921,1,982,982,0
4922,1,1015,1015,0
4923,1,1004,1004,0
4924,1,975,975,0
7173,1,1035,1035,0
7174,1,1014,1014,0
7175,1,988,988,0
14009,1,970,970,0
14010,1,1050,1050,0
7237,1,994,994,0
7238,1,990,990,0
7239,1,1033,1033,0
12285,1,979,979,0
12286,1,1036,1036,0
12287,1,986,986,0
12288,1,1042,1042,0
15616,1,1008,1008,0
14011,1,965,965,0
14012,1,957,957,0
14157,1,988,988,0
14158,1,947,947,0
14160,1,1001,1001,0
14045,1,952,952,0
14046,1,1024,1024,0
14047,1,960,960,0
14048,1,1043,1043,0
26096,1,991,991,0
15266,1,1002,1002,0
15267,1,1004,1004,0
15268,1,1000,1000,0
15397,1,1081,1081,0
15400,1,993,993,0
26093,1,1041,1041,0
26094,1,1013,1013,0
26095,1,974,974,0
1413,1,1007,1007,0
1414,1,962,962,0
1415,1,1026,1026,0
1416,1,999,999,0
7240,1,966,966,0
1917,1,964,964,0
1918,1,1047,1047,0
1919,1,1050,1050,0
1920,1,1005,1005,0
30537,1,933,933,0
2285,1,1011,1011,0
2286,1,987,987,0
2287,1,946,946,0
2288,1,1061,1061,0
4168,1,1029,1029,0
4093,1,1050,1050,0
4094,1,1051,1051,0
4095,1,966,966,0
4096,1,1031,1031,0
6425,1,1013,1013,0
4165,1,1029,1029,0
4166,1,1004,1004,0
4167,1,1019,1019,0
15961,1,981,981,0
15962,1,1037,1037,0
6045,1,1006,1006,0
6046,1,1043,1043,0
6047,1,1014,1014,0
6048,1,992,992,0
6337,1,1029,1029,0
8161,1,995,995,0
8162,1,1015,1015,0
8163,1,968,968,0
8164,1,964,964,0
9496,1,995,995,0
9493,1,1050,1050,0
9494,1,1027,1027,0
9495,1,981,981,0
11037,1,987,987,0
11038,1,1009,1009,0
11039,1,1041,1041,0
11040,1,918,918,0
33088,1,1056,1056,0
14159,1,1075,1075,0
14373,1,957,957,0
14374,1,948,948,0
14375,1,983,983,0
14376,1,1001,1001,0
15613,1,956,956,0
15614,1,1037,1037,0
15615,1,1033,1033,0
33061,1,994,994,0
33062,1,1056,1056,0
33063,1,990,990,0
1853,1,987,987,0
1854,1,1001,1001,0
1855,1,1000,1000,0
1856,1,994,994,0
14745,1,986,986,0
10153,1,989,989,0
10154,1,1026,1026,0
10155,1,1018,1018,0
10156,1,1045,1045,0
13872,1,1058,1058,0
13009,1,993,993,0
13010,1,986,986,0
13011,1,962,962,0
13012,1,951,951,0
33064,1,1071,1071,0
13869,1,997,997,0
13870,1,992,992,0
13871,1,980,980,0
14746,1,1006,1006,0
14747,1,967,967,0
14748,1,949,949,0
14849,1,928,928,0
14850,1,1030,1030,0
14851,1,1028,1028,0
14852,1,1054,1054,0
15313,1,1055,1055,0
19849,1,1053,1053,0
19850,1,963,963,0
19851,1,997,997,0
19852,1,988,988,0
25576,1,1020,1020,0
25573,1,963,963,0
25574,1,946,946,0
25575,1,991,991,0
742,1,1033,1033,0
743,1,978,978,0
3505,1,1002,1002,0
3506,1,988,988,0
3507,1,969,969,0
1061,1,996,996,0
1062,1,946,946,0
1063,1,993,993,0
1064,1,967,967,0
1081,1,1004,1004,0
1082,1,1009,1009,0
1083,1,990,990,0
1084,1,994,994,0
3353,1,1040,1040,0
3354,1,983,983,0
1090,1,1030,1030,0
1091,1,1033,1033,0
1092,1,935,935,0
2861,1,948,948,0
2864,1,1006,1006,0
3355,1,935,935,0
3356,1,991,991,0
15981,1,1035,1035,0
15982,1,971,971,0
15984,1,987,987,0
3433,1,956,956,0
3434,1,1026,1026,0
3435,1,976,976,0
3436,1,938,938,0
3593,1,999,999,0
3594,1,992,992,0
3595,1,1001,1001,0
3596,1,1027,1027,0
3623,1,986,986,0
3694,1,1103,1103,0
3695,1,985,985,0
15853,1,942,942,0
15854,1,959,959,0
15856,1,1036,1036,0
15855,1,1000,1000,0
15983,1,1016,1016,0
65,1,971,971,0
66,1,951,951,0
67,1,1016,1016,0
68,1,1032,1032,0
528,1,1015,1015,0
525,1,966,966,0
526,1,981,981,0
527,1,968,968,0
741,1,997,997,0
744,1,1001,1001,0
593,1,995,995,0
594,1,1048,1048,0
595,1,937,937,0
596,1,1023,1023,0
1089,1,993,993,0
797,1,995,995,0
798,1,966,966,0
799,1,992,992,0
800,1,965,965,0
1025,1,1008,1008,0
1041,1,978,978,0
1042,1,1040,1040,0
1043,1,1037,1037,0
1044,1,1009,1009,0
1833,1,1005,1005,0
1834,1,1025,1025,0
1835,1,1001,1001,0
1836,1,974,974,0
3693,1,976,976,0
3696,1,1014,1014,0
2862,1,1016,1016,0
2863,1,977,977,0
3621,1,1026,1026,0
3622,1,1015,1015,0
3624,1,1017,1017,0
3351,1,1021,1021,0
3508,1,955,955,0
3585,1,961,961,0
3586,1,970,970,0
3587,1,1004,1004,0
3588,1,972,972,0
3540,1,992,992,0
7804,1,1038,1038,0
23084,1,1016,1016,0
23692,1,1008,1008,0
30983,1,1008,1008,0
31974,1,956,956,0
31975,1,986,986,0
1005,1,986,986,0
1006,1,1021,1021,0
1007,1,1004,1004,0
1261,1,1008,1008,0
1264,1,978,978,0
2283,1,929,929,0
2284,1,1008,1008,0
2469,1,1023,1023,0
2470,1,999,999,0
2472,1,984,984,0
2661,1,929,929,0
2662,1,1017,1017,0
2663,1,1022,1022,0
2664,1,1023,1023,0
3680,1,1040,1040,0
2797,1,972,972,0
2798,1,997,997,0
2799,1,962,962,0
3677,1,1052,1052,0
3678,1,995,995,0
3679,1,994,994,0
3845,1,936,936,0
3848,1,1045,1045,0
3785,1,1037,1037,0
3786,1,979,979,0
3787,1,1047,1047,0
3788,1,1046,1046,0
3846,1,986,986,0
3847,1,948,948,0
7453,1,1004,1004,0
7454,1,984,984,0
7455,1,955,955,0
21997,1,1006,1006,0
21998,1,993,993,0
21999,1,984,984,0
22000,1,964,964,0
22083,1,996,996,0
22084,1,971,971,0
22982,1,1031,1031,0
22983,1,1069,1069,0
23338,1,993,993,0
23339,1,1010,1010,0
23340,1,1010,1010,0
31181,1,992,992,0
31182,1,985,985,0
31183,1,1002,1002,0
153,1,948,948,0
154,1,990,990,0
155,1,1011,1011,0
156,1,991,991,0
304,1,995,995,0
501,1,982,982,0
502,1,980,980,0
503,1,1040,1040,0
504,1,1002,1002,0
2592,1,1055,1055,0
589,1,1039,1039,0
590,1,963,963,0
591,1,1000,1000,0
965,1,1000,1000,0
968,1,973,973,0
809,1,991,991,0
810,1,975,975,0
811,1,1022,1022,0
812,1,1048,1048,0
872,1,941,941,0
879,1,1020,1020,0
1065,1,1027,1027,0
1066,1,932,932,0
1067,1,1039,1039,0
1068,1,1017,1017,0
2018,1,1026,1026,0
2019,1,1028,1028,0
2020,1,1032,1032,0
2561,1,1007,1007,0
2562,1,993,993,0
3959,1,1103,1103,0
5673,1,1013,1013,0
5674,1,995,995,0
5675,1,1001,1001,0
5676,1,1009,1009,0
4667,1,1076,1076,0
4668,1,948,948,0
4757,1,1043,1043,0
4758,1,978,978,0
4760,1,934,934,0
6785,1,1032,1032,0
6786,1,991,991,0
6787,1,960,960,0
6788,1,964,964,0
6832,1,947,947,0
7613,1,1041,1041,0
7614,1,992,992,0
7615,1,995,995,0
7673,1,1037,1037,0
7674,1,1006,1006,0
21249,1,977,977,0
21250,1,961,961,0
21251,1,990,990,0
21252,1,935,935,0
22064,1,964,964,0
22541,1,989,989,0
22542,1,1013,1013,0
22543,1,1019,1019,0
22544,1,1025,1025,0
23273,1,993,993,0
23209,1,995,995,0
23210,1,960,960,0
23211,1,1012,1012,0
23212,1,1062,1062,0
23337,1,966,966,0
29958,1,1024,1024,0
29959,1,999,999,0
30981,1,1002,1002,0
30982,1,1011,1011,0
30984,1,1000,1000,0
30841,1,993,993,0
30842,1,971,971,0
30843,1,1015,1015,0
30844,1,1000,1000,0
5,1,968,968,0
6,1,960,960,0
7,1,976,976,0
8,1,966,966,0
681,1,974,974,0
1513,1,946,946,0
1514,1,1013,1013,0
1515,1,1051,1051,0
1516,1,978,978,0
1832,1,995,995,0
1623,1,1083,1083,0
1777,1,955,955,0
1778,1,993,993,0
1779,1,992,992,0
1780,1,980,980,0
3126,1,1005,1005,0
3127,1,997,997,0
3537,1,970,970,0
3538,1,969,969,0
3539,1,1051,1051,0
3221,1,977,977,0
3222,1,1043,1043,0
3223,1,984,984,0
3725,1,994,994,0
3728,1,1011,1011,0
3599,1,987,987,0
3697,1,1018,1018,0
3698,1,1002,1002,0
3699,1,956,956,0
3700,1,991,991,0
5466,1,1018,1018,0
5467,1,979,979,0
5468,1,1002,1002,0
6901,1,985,985,0
6904,1,1032,1032,0
8273,1,971,971,0
8274,1,994,994,0
8275,1,966,966,0
8276,1,1004,1004,0
8441,1,1052,1052,0
9949,1,998,998,0
9950,1,1027,1027,0
9951,1,959,959,0
10301,1,974,974,0
10304,1,1037,1037,0
28343,1,991,991,0
30281,1,1001,1001,0
30282,1,974,974,0
30283,1,1005,1005,0
30284,1,1025,1025,0
29820,1,993,993,0
29889,1,980,980,0
29890,1,947,947,0
29891,1,995,995,0
29892,1,943,943,0
529,1,974,974,0
530,1,1020,1020,0
531,1,972,972,0
532,1,983,983,0
657,1,974,974,0
569,1,969,969,0
570,1,978,978,0
571,1,1015,1015,0
572,1,1029,1029,0
592,1,985,985,0
749,1,983,983,0
750,1,991,991,0
751,1,994,994,0
752,1,1047,1047,0
1008,1,1021,1021,0
1530,1,1012,1012,0
1531,1,978,978,0
1532,1,1032,1032,0
1757,1,1027,1027,0
1760,1,960,960,0
1611,1,1028,1028,0
1612,1,979,979,0
1865,1,1039,1039,0
1866,1,995,995,0
1867,1,963,963,0
2974,1,1012,1012,0
2975,1,1054,1054,0
3597,1,999,999,0
3598,1,971,971,0
3600,1,1001,1001,0
4286,1,1000,1000,0
4287,1,1038,1038,0
4925,1,1044,1044,0
4926,1,960,960,0
4928,1,977,977,0
4449,1,973,973,0
4450,1,1027,1027,0
4451,1,975,975,0
4452,1,1028,1028,0
4504,1,1003,1003,0
6452,1,1005,1005,0
6757,1,937,937,0
6758,1,983,983,0
6759,1,968,968,0
6760,1,981,981,0
8740,1,1023,1023,0
9609,1,978,978,0
9610,1,997,997,0
9611,1,968,968,0
9612,1,1004,1004,0
11061,1,1016,1016,0
11062,1,1009,1009,0
11063,1,996,996,0
11064,1,961,961,0
17360,1,941,941,0
20557,1,989,989,0
20558,1,983,983,0
20559,1,991,991,0
20705,1,978,978,0
20706,1,985,985,0
21061,1,999,999,0
21062,1,1014,1014,0
21063,1,988,988,0
21497,1,993,993,0
21498,1,1028,1028,0
22519,1,996,996,0
28633,1,968,968,0
28634,1,990,990,0
28635,1,995,995,0
28636,1,1025,1025,0
23175,1,998,998,0
23429,1,1025,1025,0
23430,1,1011,1011,0
23431,1,999,999,0
23432,1,938,938,0
28005,1,952,952,0
28006,1,1007,1007,0
28007,1,1017,1017,0
28008,1,951,951,0
29936,1,942,942,0
966,1,1021,1021,0
967,1,978,978,0
1381,1,974,974,0
1382,1,1024,1024,0
1384,1,974,974,0
1026,1,923,923,0
1027,1,971,971,0
1028,1,981,981,0
1609,1,970,970,0
1610,1,969,969,0
1135,1,988,988,0
1569,1,974,974,0
1570,1,984,984,0
1571,1,978,978,0
1572,1,1023,1023,0
1262,1,1019,1019,0
1263,1,1004,1004,0
1737,1,1000,1000,0
1738,1,1024,1024,0
1739,1,1006,1006,0
2750,1,1054,1054,0
2751,1,958,958,0
4413,1,1026,1026,0
4414,1,990,990,0
4416,1,954,954,0
3857,1,990,990,0
3858,1,980,980,0
3859,1,965,965,0
3860,1,960,960,0
4361,1,1003,1003,0
4245,1,1030,1030,0
4246,1,981,981,0
4247,1,1040,1040,0
5485,1,1002,1002,0
5488,1,1047,1047,0
5606,1,979,979,0
5607,1,1014,1014,0
5821,1,986,986,0
5822,1,967,967,0
5824,1,950,950,0
6115,1,973,973,0
6116,1,1000,1000,0
6677,1,991,991,0
6678,1,1018,1018,0
6680,1,1011,1011,0
6197,1,995,995,0
6198,1,1011,1011,0
6199,1,987,987,0
7973,1,1049,1049,0
7976,1,1062,1062,0
6829,1,955,955,0
6830,1,976,976,0
6831,1,1012,1012,0
6889,1,1036,1036,0
6890,1,991,991,0
7159,1,1029,1029,0
7365,1,1019,1019,0
7366,1,946,946,0
7367,1,981,981,0
7368,1,975,975,0
7179,1,1009,1009,0
7180,1,1050,1050,0
7533,1,1003,1003,0
7534,1,982,982,0
7536,1,975,975,0
7972,1,995,995,0
20353,1,1021,1021,0
20354,1,909,909,0
20355,1,997,997,0
20356,1,969,969,0
28046,1,962,962,0
28047,1,919,919,0
28341,1,1017,1017,0
28342,1,1012,1012,0
28344,1,979,979,0
28069,1,965,965,0
28070,1,1048,1048,0
28071,1,979,979,0
28072,1,988,988,0
28808,1,959,959,0
513,1,955,955,0
514,1,1011,1011,0
515,1,999,999,0
516,1,1019,1019,0
1233,1,948,948,0
682,1,1014,1014,0
683,1,978,978,0
684,1,1011,1011,0
717,1,1013,1013,0
720,1,1001,1001,0
867,1,980,980,0
868,1,956,956,0
877,1,965,965,0
878,1,957,957,0
880,1,982,982,0
1825,1,1022,1022,0
1826,1,975,975,0
1827,1,999,999,0
1828,1,1031,1031,0
2017,1,957,957,0
1829,1,1009,1009,0
1830,1,988,988,0
1831,1,1050,1050,0
2281,1,1012,1012,0
2282,1,928,928,0
4199,1,1031,1031,0
5221,1,993,993,0
5222,1,978,978,0
5223,1,968,968,0
5224,1,929,929,0
6805,1,960,960,0
6806,1,954,954,0
6807,1,980,980,0
7845,1,1077,1077,0
7848,1,1006,1006,0
7641,1,952,952,0
7642,1,989,989,0
7643,1,981,981,0
7644,1,971,971,0
21064,1,977,977,0
28805,1,1025,1025,0
28806,1,969,969,0
28807,1,901,901,0
29325,1,996,996,0
29328,1,1080,1080,0
31418,1,1003,1003,0
31419,1,1006,1006,0
31420,1,1030,1030,0
31973,1,969,969,0
31976,1,966,966,0
718,1,1026,1026,0
719,1,982,982,0
937,1,1056,1056,0
938,1,986,986,0
939,1,985,985,0
778,1,1008,1008,0
779,1,1004,1004,0
780,1,999,999,0
1113,1,1021,1021,0
1114,1,1052,1052,0
7283,1,991,991,0
7284,1,996,996,0
20469,1,1005,1005,0
20470,1,978,978,0
20472,1,1034,1034,0
9765,1,970,970,0
9766,1,1042,1042,0
9767,1,923,923,0
9768,1,932,932,0
9952,1,968,968,0
20451,1,964,964,0
20452,1,1000,1000,0
22537,1,1029,1029,0
22538,1,1008,1008,0
22539,1,1006,1006,0
20471,1,983,983,0
22913,1,1044,1044,0
22914,1,996,996,0
22915,1,1000,1000,0
22916,1,1045,1045,0
21469,1,1004,1004,0
21470,1,1001,1001,0
21471,1,1016,1016,0
22145,1,983,983,0
22146,1,1050,1050,0
29933,1,996,996,0
29934,1,1014,1014,0
29935,1,1017,1017,0
29957,1,1007,1007,0
29960,1,946,946,0
30897,1,1040,1040,0
30898,1,1031,1031,0
30899,1,1047,1047,0
30900,1,1003,1003,0
31417,1,1045,1045,0
658,1,1010,1010,0
659,1,978,978,0
660,1,984,984,0
865,1,1020,1020,0
866,1,983,983,0
869,1,1001,1001,0
870,1,1018,1018,0
871,1,1050,1050,0
2749,1,970,970,0
2752,1,1027,1027,0
1357,1,970,970,0
1358,1,1010,1010,0
1359,1,1005,1005,0
4153,1,1044,1044,0
4154,1,972,972,0
2471,1,1018,1018,0
3709,1,1011,1011,0
3710,1,971,971,0
3711,1,1006,1006,0
3712,1,1003,1003,0
2563,1,933,933,0
2564,1,979,979,0
3349,1,1059,1059,0
3350,1,1041,1041,0
3352,1,985,985,0
2589,1,998,998,0
2590,1,984,984,0
2591,1,984,984,0
4285,1,980,980,0
4288,1,1008,1008,0
3203,1,952,952,0
3204,1,970,970,0
3897,1,970,970,0
3898,1,967,967,0
3899,1,994,994,0
4759,1,1024,1024,0
4905,1,994,994,0
4906,1,1017,1017,0
4907,1,983,983,0
4908,1,1012,1012,0
4799,1,984,984,0
5301,1,1020,1020,0
5302,1,1000,1000,0
5303,1,966,966,0
5304,1,1032,1032,0
5547,1,999,999,0
5548,1,1036,1036,0
7969,1,1036,1036,0
7970,1,970,970,0
7971,1,996,996,0
5677,1,1023,1023,0
5678,1,986,986,0
5679,1,1022,1022,0
5680,1,957,957,0
6808,1,978,978,0
6801,1,1029,1029,0
6802,1,1033,1033,0
6803,1,957,957,0
6804,1,1001,1001,0
7456,1,1024,1024,0
20181,1,1062,1062,0
20182,1,939,939,0
20183,1,976,976,0
20184,1,980,980,0
20560,1,1037,1037,0
22147,1,1046,1046,0
22148,1,985,985,0
29597,1,1012,1012,0
29598,1,995,995,0
29600,1,1047,1047,0
22540,1,1025,1025,0
23361,1,1012,1012,0
23362,1,974,974,0
23363,1,990,990,0
23364,1,1010,1010,0
22833,1,978,978,0
22834,1,1046,1046,0
22835,1,963,963,0
22836,1,962,962,0
23112,1,1063,1063,0
301,1,1003,1003,0
302,1,1044,1044,0
303,1,935,935,0
945,1,956,956,0
946,1,983,983,0
1868,1,986,986,0
2405,1,989,989,0
2406,1,1009,1009,0
2407,1,954,954,0
2408,1,981,981,0
2578,1,968,968,0
2579,1,954,954,0
2580,1,964,964,0
2973,1,994,994,0
2976,1,957,957,0
3017,1,1026,1026,0
3018,1,983,983,0
3019,1,998,998,0
3020,1,996,996,0
3033,1,974,974,0
3401,1,990,990,0
3402,1,1042,1042,0
3403,1,1042,1042,0
3404,1,959,959,0
4248,1,975,975,0
6477,1,1043,1043,0
6478,1,959,959,0
6479,1,1048,1048,0
6480,1,975,975,0
6633,1,979,979,0
7974,1,961,961,0
7975,1,1011,1011,0
22517,1,1001,1001,0
22518,1,994,994,0
22520,1,923,923,0
10302,1,1031,1031,0
10303,1,997,997,0
10341,1,981,981,0
10342,1,999,999,0
10344,1,994,994,0
22061,1,1008,1008,0
22062,1,984,984,0
22063,1,1008,1008,0
22081,1,946,946,0
22082,1,1002,1002,0
23274,1,978,978,0
23275,1,972,972,0
23276,1,971,971,0
28045,1,1023,1023,0
28048,1,1074,1074,0
29599,1,931,931,0
31633,1,981,981,0
31634,1,986,986,0
31635,1,936,936,0
31636,1,976,976,0
30274,1,1024,1024,0
30275,1,1023,1023,0
30276,1,1031,1031,0
30289,1,972,972,0
30290,1,1022,1022,0
30524,1,984,984,0
31013,1,979,979,0
31014,1,991,991,0
31015,1,992,992,0
31016,1,999,999,0
129,1,998,998,0
130,1,963,963,0
131,1,980,980,0
132,1,989,989,0
777,1,1030,1030,0
3437,1,999,999,0
3438,1,1035,1035,0
3439,1,958,958,0
4665,1,1016,1016,0
4666,1,958,958,0
5794,1,982,982,0
5795,1,1023,1023,0
5796,1,988,988,0
6113,1,961,961,0
6114,1,1012,1012,0
6551,1,1024,1024,0
6761,1,1007,1007,0
6762,1,978,978,0
6763,1,1041,1041,0
6764,1,944,944,0
7319,1,1047,1047,0
7885,1,1016,1016,0
7886,1,967,967,0
7887,1,1041,1041,0
7888,1,954,954,0
17357,1,995,995,0
17358,1,940,940,0
17359,1,1028,1028,0
20449,1,1043,1043,0
20450,1,1043,1043,0
19969,1,991,991,0
19970,1,925,925,0
19971,1,986,986,0
19972,1,942,942,0
21472,1,1028,1028,0
20081,1,988,988,0
20082,1,960,960,0
20083,1,973,973,0
20084,1,973,973,0
20912,1,1004,1004,0
21628,1,1002,1002,0
23021,1,993,993,0
23022,1,1007,1007,0
23023,1,1002,1002,0
23024,1,975,975,0
21860,1,1009,1009,0
22409,1,1040,1040,0
22410,1,976,976,0
22411,1,982,982,0
22412,1,1028,1028,0
28365,1,940,940,0
28366,1,984,984,0
28367,1,954,954,0
28368,1,957,957,0
29040,1,1023,1023,0
30291,1,1000,1000,0
30292,1,1014,1014,0
30521,1,1031,1031,0
30522,1,1008,1008,0
30523,1,974,974,0
4155,1,925,925,0
4156,1,996,996,0
4197,1,1025,1025,0
4198,1,1087,1087,0
4200,1,1000,1000,0
5041,1,1044,1044,0
5042,1,1095,1095,0
5043,1,1032,1032,0
5044,1,1042,1042,0
5472,1,1041,1041,0
7535,1,1007,1007,0
7721,1,1035,1035,0
7722,1,1018,1018,0
7723,1,967,967,0
7724,1,1042,1042,0
7846,1,1031,1031,0
7847,1,995,995,0
20265,1,961,961,0
20266,1,1042,1042,0
20267,1,1057,1057,0
11509,1,1014,1014,0
11510,1,971,971,0
11511,1,990,990,0
19809,1,987,987,0
19810,1,1010,1010,0
21658,1,1010,1010,0
21659,1,986,986,0
21660,1,980,980,0
22645,1,1064,1064,0
22648,1,1038,1038,0
22646,1,980,980,0
22647,1,1008,1008,0
23081,1,1000,1000,0
23082,1,966,966,0
23083,1,1029,1029,0
29326,1,1010,1010,0
29327,1,1005,1005,0
29817,1,976,976,0
29818,1,1010,1010,0
29819,1,1016,1016,0
29939,1,1024,1024,0
29940,1,1021,1021,0
30161,1,1063,1063,0
30162,1,1035,1035,0
30163,1,1034,1034,0
45,1,1045,1045,0
46,1,977,977,0
47,1,1049,1049,0
48,1,1039,1039,0
176,1,1013,1013,0
1115,1,1037,1037,0
1116,1,971,971,0
1237,1,1066,1066,0
1238,1,986,986,0
1240,1,1040,1040,0
1234,1,989,989,0
1235,1,1030,1030,0
1236,1,1044,1044,0
4273,1,1031,1031,0
4274,1,1027,1027,0
1701,1,991,991,0
1702,1,1038,1038,0
1703,1,1008,1008,0
1704,1,1021,1021,0
2464,1,982,982,0
1892,1,999,999,0
2265,1,959,959,0
2266,1,1002,1002,0
2267,1,1038,1038,0
2268,1,1035,1035,0
4430,1,1031,1031,0
4431,1,982,982,0
4805,1,978,978,0
4806,1,1051,1051,0
4808,1,1056,1056,0
5369,1,1010,1010,0
5370,1,1038,1038,0
5371,1,1009,1009,0
5372,1,1002,1002,0
5793,1,1033,1033,0
5417,1,1024,1024,0
5418,1,993,993,0
5419,1,1016,1016,0
5420,1,1019,1019,0
5489,1,959,959,0
5841,1,995,995,0
5842,1,950,950,0
5843,1,1063,1063,0
5844,1,1023,1023,0
6704,1,1026,1026,0
6902,1,1006,1006,0
6903,1,1049,1049,0
7157,1,1031,1031,0
7158,1,1010,1010,0
7160,1,949,949,0
113,1,1048,1048,0
114,1,994,994,0
115,1,945,945,0
116,1,990,990,0
1360,1,999,999,0
173,1,1034,1034,0
174,1,974,974,0
175,1,963,963,0
817,1,1004,1004,0
818,1,961,961,0
225,1,983,983,0
226,1,973,973,0
227,1,992,992,0
228,1,973,973,0
3440,1,1010,1010,0
819,1,1031,1031,0
820,1,957,957,0
1133,1,985,985,0
1134,1,1036,1036,0
1136,1,1035,1035,0
4275,1,1005,1005,0
4276,1,1016,1016,0
4797,1,979,979,0
4798,1,993,993,0
4800,1,960,960,0
4415,1,1000,1000,0
5697,1,1009,1009,0
5698,1,980,980,0
5699,1,1027,1027,0
5700,1,1024,1024,0
4501,1,968,968,0
4502,1,943,943,0
4503,1,997,997,0
7281,1,1006,1006,0
7282,1,1009,1009,0
4807,1,1009,1009,0
5053,1,1059,1059,0
5054,1,947,947,0
5055,1,1003,1003,0
5056,1,982,982,0
6659,1,931,931,0
6660,1,984,984,0
7317,1,1007,1007,0
7318,1,1050,1050,0
7320,1,971,971,0
6679,1,992,992,0
6925,1,948,948,0
6926,1,1065,1065,0
6927,1,1015,1015,0
6928,1,970,970,0
6701,1,999,999,0
6702,1,992,992,0
6703,1,1023,1023,0
7177,1,984,984,0
7178,1,965,965,0
7132,1,1018,1018,0
7265,1,1004,1004,0
7266,1,975,975,0
7267,1,984,984,0
7268,1,975,975,0
20166,1,1020,1020,0
20167,1,971,971,0
21857,1,970,970,0
21858,1,991,991,0
21859,1,979,979,0
20268,1,1009,1009,0
22545,1,1009,1009,0
22546,1,969,969,0
22547,1,1038,1038,0
22548,1,960,960,0
20707,1,984,984,0
20708,1,1033,1033,0
20745,1,1019,1019,0
20746,1,1029,1029,0
20747,1,973,973,0
21499,1,983,983,0
21500,1,975,975,0
21625,1,979,979,0
21626,1,993,993,0
21627,1,1006,1006,0
213,1,1013,1013,0
214,1,955,955,0
215,1,971,971,0
216,1,991,991,0
3409,1,984,984,0
947,1,964,964,0
948,1,965,965,0
1621,1,993,993,0
1622,1,1020,1020,0
1624,1,1012,1012,0
1383,1,1015,1015,0
1453,1,941,941,0
1454,1,1025,1025,0
1455,1,1010,1010,0
1456,1,1030,1030,0
1677,1,949,949,0
1678,1,932,932,0
1679,1,1033,1033,0
1680,1,979,979,0
1720,1,1080,1080,0
1740,1,998,998,0
2573,1,1027,1027,0
2574,1,984,984,0
2575,1,1031,1031,0
2576,1,990,990,0
2389,1,954,954,0
2390,1,924,924,0
2391,1,981,981,0
2392,1,1002,1002,0
2577,1,977,977,0
2409,1,987,987,0
2410,1,1038,1038,0
2411,1,996,996,0
2412,1,958,958,0
3224,1,1004,1004,0
2461,1,1006,1006,0
2462,1,1017,1017,0
2463,1,1059,1059,0
3201,1,1004,1004,0
3202,1,984,984,0
3034,1,991,991,0
3035,1,983,983,0
3036,1,982,982,0
3125,1,1013,1013,0
3128,1,977,977,0
3900,1,969,969,0
5149,1,959,959,0
5150,1,929,929,0
5151,1,1009,1009,0
5152,1,979,979,0
5445,1,1006,1006,0
5446,1,948,948,0
5447,1,1036,1036,0
5448,1,979,979,0
5465,1,1004,1004,0
5823,1,960,960,0
6301,1,1031,1031,0
6302,1,1018,1018,0
6303,1,950,950,0
6304,1,1045,1045,0
6634,1,1001,1001,0
6635,1,971,971,0
6636,1,990,990,0
6657,1,1034,1034,0
6658,1,1001,1001,0
6891,1,972,972,0
6892,1,1030,1030,0
7129,1,1004,1004,0
7130,1,965,965,0
7131,1,989,989,0
7949,1,1018,1018,0
7950,1,984,984,0
7951,1,937,937,0
20165,1,1016,1016,0
20168,1,980,980,0
8670,1,948,948,0
8671,1,1050,1050,0
8737,1,989,989,0
8738,1,1031,1031,0
8739,1,1024,1024,0
1239,1,1013,1013,0
1341,1,1001,1001,0
1342,1,1022,1022,0
1343,1,1032,1032,0
1344,1,1023,1023,0
1758,1,998,998,0
1759,1,991,991,0
1889,1,1078,1078,0
1890,1,1023,1023,0
1891,1,987,987,0
1926,1,983,983,0
1927,1,1064,1064,0
1945,1,1018,1018,0
1946,1,990,990,0
1947,1,995,995,0
1948,1,1030,1030,0
2301,1,1029,1029,0
2302,1,960,960,0
2303,1,1051,1051,0
2304,1,1018,1018,0
3410,1,1057,1057,0
3411,1,996,996,0
3412,1,1023,1023,0
5545,1,970,970,0
5546,1,993,993,0
5469,1,988,988,0
5470,1,1030,1030,0
5471,1,1020,1020,0
5605,1,973,973,0
5608,1,1001,1001,0
5486,1,998,998,0
5487,1,987,987,0
6549,1,1021,1021,0
6550,1,1014,1014,0
6552,1,1011,1011,0
5490,1,989,989,0
5491,1,1040,1040,0
5492,1,1014,1014,0
6033,1,1028,1028,0
6034,1,1025,1025,0
7301,1,976,976,0
7302,1,1020,1020,0
7303,1,1001,1001,0
7304,1,981,981,0
7616,1,1017,1017,0
20909,1,1038,1038,0
20910,1,974,974,0
20911,1,1056,1056,0
22981,1,1047,1047,0
22984,1,1007,1007,0
30885,1,1015,1015,0
30886,1,1044,1044,0
30887,1,972,972,0
30888,1,989,989,0
31184,1,1011,1011,0
940,1,1013,1013,0
1469,1,986,986,0
1470,1,1027,1027,0
1471,1,1026,1026,0
1472,1,1036,1036,0
1489,1,1015,1015,0
1490,1,1020,1020,0
1491,1,1025,1025,0
1492,1,1012,1012,0
1529,1,962,962,0
1717,1,1023,1023,0
1718,1,980,980,0
1719,1,1010,1010,0
1925,1,1035,1035,0
1928,1,1020,1020,0
4927,1,1028,1028,0
5585,1,991,991,0
5586,1,1030,1030,0
5587,1,1009,1009,0
5588,1,1044,1044,0
5597,1,996,996,0
5598,1,1046,1046,0
5599,1,1007,1007,0
5600,1,1016,1016,0
6200,1,1001,1001,0
7675,1,1009,1009,0
7676,1,951,951,0
7801,1,1049,1049,0
7802,1,959,959,0
7803,1,1040,1040,0
7781,1,1011,1011,0
7782,1,1053,1053,0
7783,1,1039,1039,0
7784,1,996,996,0
7952,1,973,973,0
23109,1,996,996,0
23110,1,1072,1072,0
23111,1,1002,1002,0
23501,1,971,971,0
23504,1,977,977,0
23502,1,1005,1005,0
23503,1,1034,1034,0
23689,1,1004,1004,0
23690,1,1029,1029,0
23691,1,1045,1045,0
29037,1,990,990,0
29038,1,1013,1013,0
29039,1,1018,1018,0
29937,1,995,995,0
29938,1,1038,1038,0
30253,1,1028,1028,0
30254,1,977,977,0
30255,1,1022,1022,0
30256,1,1021,1021,0
30273,1,944,944,0
2769,1,1048,1048,0
2770,1,1006,1006,0
2771,1,1034,1034,0
2772,1,1022,1022,0
2800,1,971,971,0
3726,1,1001,1001,0
3727,1,991,991,0
3957,1,978,978,0
3958,1,1021,1021,0
3960,1,966,966,0
4362,1,1035,1035,0
4363,1,999,999,0
4364,1,981,981,0
4429,1,1034,1034,0
4432,1,1043,1043,0
6035,1,1073,1073,0
6036,1,987,987,0
6449,1,1014,1014,0
6450,1,992,992,0
6451,1,1017,1017,0
8442,1,1063,1063,0
8443,1,1028,1028,0
8444,1,1040,1040,0
8669,1,984,984,0
8672,1,908,908,0
10321,1,1000,1000,0
10322,1,1006,1006,0
10323,1,1029,1029,0
10324,1,1003,1003,0
11512,1,1055,1055,0
19811,1,1039,1039,0
19812,1,1034,1034,0
23173,1,1024,1024,0
23174,1,973,973,0
23176,1,1020,1020,0
20748,1,991,991,0
20933,1,1004,1004,0
20934,1,1047,1047,0
20935,1,1060,1060,0
20936,1,1006,1006,0
21293,1,1036,1036,0
21294,1,1057,1057,0
21295,1,994,994,0
21296,1,966,966,0
21657,1,1018,1018,0
14077,1,990,990,0
14078,1,973,973,0
14079,1,1026,1026,0
14080,1,981,981,0
15241,1,957,957,0
18291,1,1034,1034,0
18292,1,973,973,0
26108,1,1039,1039,0
26756,1,1027,1027,0
28830,1,964,964,0
28831,1,1015,1015,0
29556,1,1022,1022,0
30164,1,1003,1003,0
30457,1,993,993,0
30458,1,989,989,0
30459,1,1042,1042,0
30460,1,1030,1030,0
30670,1,964,964,0
30671,1,982,982,0
31047,1,972,972,0
31214,1,1020,1020,0
31215,1,1008,1008,0
32082,1,1004,1004,0
32083,1,1054,1054,0
32084,1,991,991,0
33118,1,1067,1067,0
33119,1,1037,1037,0
33191,1,1032,1032,0
33275,1,1020,1020,0
33276,1,991,991,0
33339,1,961,961,0
33340,1,1001,1001,0
33463,1,1027,1027,0
33494,1,1015,1015,0
33495,1,961,961,0
33501,1,968,968,0
33502,1,1023,1023,0
33503,1,1001,1001,0
8446,1,979,979,0
8447,1,967,967,0
9277,1,1009,1009,0
9278,1,1007,1007,0
9280,1,1007,1007,0
9405,1,990,990,0
9406,1,963,963,0
9407,1,997,997,0
10101,1,987,987,0
10104,1,1039,1039,0
10141,1,1007,1007,0
10142,1,959,959,0
10143,1,955,955,0
10361,1,1003,1003,0
10362,1,936,936,0
10196,1,1026,1026,0
10325,1,974,974,0
10326,1,999,999,0
10327,1,1018,1018,0
10328,1,999,999,0
15242,1,1037,1037,0
15243,1,992,992,0
15244,1,956,956,0
15913,1,956,956,0
15914,1,1022,1022,0
15915,1,999,999,0
15916,1,992,992,0
26105,1,972,972,0
26106,1,953,953,0
26107,1,967,967,0
21893,1,1065,1065,0
21894,1,1008,1008,0
21895,1,989,989,0
26857,1,935,935,0
26858,1,1057,1057,0
26859,1,997,997,0
26860,1,1019,1019,0
27153,1,1022,1022,0
28751,1,1035,1035,0
29669,1,956,956,0
29670,1,926,926,0
29671,1,1035,1035,0
29672,1,1015,1015,0
31372,1,1003,1003,0
31897,1,962,962,0
31898,1,1000,1000,0
31899,1,987,987,0
31900,1,990,990,0
31729,1,1044,1044,0
31730,1,978,978,0
31731,1,967,967,0
31732,1,1006,1006,0
31921,1,1009,1009,0
31922,1,992,992,0
31923,1,941,941,0
31924,1,1080,1080,0
32762,1,1002,1002,0
32763,1,949,949,0
32764,1,1025,1025,0
33385,1,920,920,0
33386,1,962,962,0
33387,1,1033,1033,0
33388,1,954,954,0
33442,1,984,984,0
33443,1,981,981,0
33444,1,975,975,0
6990,1,1025,1025,0
6991,1,1001,1001,0
7105,1,1006,1006,0
7106,1,1041,1041,0
7107,1,993,993,0
7108,1,995,995,0
9541,1,970,970,0
9542,1,1012,1012,0
9543,1,975,975,0
9544,1,983,983,0
8277,1,1005,1005,0
8278,1,1032,1032,0
8279,1,972,972,0
8280,1,965,965,0
10144,1,1024,1024,0
8595,1,993,993,0
8596,1,1035,1035,0
10193,1,991,991,0
10194,1,945,945,0
10195,1,976,976,0
9437,1,991,991,0
9438,1,1028,1028,0
9439,1,968,968,0
9440,1,1006,1006,0
13697,1,982,982,0
10740,1,999,999,0
10929,1,985,985,0
10930,1,1027,1027,0
10931,1,1003,1003,0
10932,1,999,999,0
12185,1,972,972,0
12186,1,946,946,0
12187,1,1018,1018,0
12188,1,1001,1001,0
12745,1,961,961,0
13582,1,1050,1050,0
13583,1,977,977,0
13757,1,942,942,0
13758,1,1015,1015,0
13760,1,967,967,0
13759,1,966,966,0
13797,1,985,985,0
13798,1,1011,1011,0
13799,1,1035,1035,0
13800,1,979,979,0
24356,1,1035,1035,0
24481,1,962,962,0
24482,1,1026,1026,0
24483,1,981,981,0
24484,1,969,969,0
24524,1,938,938,0
26253,1,970,970,0
26254,1,1003,1003,0
26255,1,1010,1010,0
26256,1,1015,1015,0
24548,1,991,991,0
24989,1,1004,1004,0
24990,1,1013,1013,0
24991,1,1002,1002,0
24992,1,999,999,0
8773,1,1002,1002,0
8774,1,984,984,0
8775,1,1032,1032,0
11065,1,1036,1036,0
11066,1,992,992,0
9279,1,1024,1024,0
9589,1,975,975,0
9590,1,998,998,0
9591,1,972,972,0
9592,1,980,980,0
11945,1,977,977,0
11946,1,1032,1032,0
11947,1,984,984,0
11948,1,949,949,0
12193,1,973,973,0
12331,1,1053,1053,0
12332,1,982,982,0
12677,1,943,943,0
12678,1,1029,1029,0
12680,1,1003,1003,0
13698,1,1001,1001,0
13699,1,978,978,0
13700,1,988,988,0
33117,1,1006,1006,0
33120,1,1021,1021,0
14449,1,1010,1010,0
14450,1,999,999,0
14451,1,969,969,0
14452,1,1001,1001,0
15801,1,997,997,0
15802,1,976,976,0
15803,1,919,919,0
15804,1,991,991,0
26277,1,949,949,0
26280,1,969,969,0
26278,1,999,999,0
26279,1,1016,1016,0
27753,1,999,999,0
27754,1,982,982,0
27755,1,955,955,0
26946,1,983,983,0
26947,1,963,963,0
26948,1,991,991,0
27213,1,966,966,0
27216,1,971,971,0
27756,1,1012,1012,0
29601,1,1047,1047,0
29602,1,953,953,0
29603,1,972,972,0
29604,1,1039,1039,0
28197,1,1058,1058,0
28198,1,908,908,0
28199,1,931,931,0
28200,1,1041,1041,0
29312,1,1023,1023,0
28493,1,974,974,0
28494,1,1004,1004,0
28495,1,955,955,0
28496,1,973,973,0
29577,1,993,993,0
31002,1,991,991,0
31003,1,1082,1082,0
31004,1,1014,1014,0
31221,1,980,980,0
31224,1,996,996,0
32941,1,934,934,0
32942,1,968,968,0
32943,1,986,986,0
32944,1,963,963,0
33504,1,1102,1102,0
12679,1,964,964,0
12841,1,989,989,0
12842,1,1014,1014,0
12843,1,965,965,0
12844,1,986,986,0
13101,1,1015,1015,0
13102,1,1047,1047,0
13103,1,983,983,0
13104,1,960,960,0
13289,1,1016,1016,0
13157,1,928,928,0
13158,1,993,993,0
13159,1,1028,1028,0
13160,1,992,992,0
13713,1,1005,1005,0
14591,1,1004,1004,0
15169,1,988,988,0
15170,1,970,970,0
15171,1,954,954,0
15172,1,990,990,0
15163,1,1021,1021,0
15164,1,1008,1008,0
29553,1,1014,1014,0
29554,1,1031,1031,0
29555,1,970,970,0
15421,1,1015,1015,0
15422,1,1006,1006,0
15423,1,1008,1008,0
15424,1,977,977,0
32081,1,993,993,0
26443,1,1028,1028,0
26444,1,1015,1015,0
27009,1,1016,1016,0
27010,1,1010,1010,0
27011,1,988,988,0
27012,1,978,978,0
27441,1,1043,1043,0
27442,1,997,997,0
27443,1,970,970,0
27444,1,1029,1029,0
27214,1,958,958,0
27215,1,998,998,0
28749,1,985,985,0
28750,1,986,986,0
28752,1,1040,1040,0
32833,1,981,981,0
32834,1,1039,1039,0
32835,1,1019,1019,0
32836,1,955,955,0
33400,1,950,950,0
33397,1,997,997,0
33398,1,985,985,0
33399,1,996,996,0
33493,1,981,981,0
33496,1,1031,1031,0
8137,1,1007,1007,0
8138,1,986,986,0
8139,1,1015,1015,0
8140,1,979,979,0
8416,1,1016,1016,0
10343,1,953,953,0
17469,1,1001,1001,0
17470,1,992,992,0
17471,1,1023,1023,0
17472,1,964,964,0
10965,1,991,991,0
10966,1,962,962,0
10967,1,1009,1009,0
11977,1,989,989,0
11978,1,1032,1032,0
13897,1,992,992,0
13898,1,982,982,0
13899,1,977,977,0
13900,1,985,985,0
21896,1,971,971,0
15365,1,968,968,0
15366,1,1058,1058,0
15367,1,1056,1056,0
26497,1,1004,1004,0
26498,1,955,955,0
15553,1,1002,1002,0
15554,1,990,990,0
15555,1,952,952,0
15556,1,987,987,0
15576,1,1018,1018,0
24697,1,1034,1034,0
24698,1,1007,1007,0
24699,1,976,976,0
24700,1,996,996,0
26945,1,983,983,0
30219,1,1029,1029,0
30220,1,988,988,0
30857,1,978,978,0
30858,1,938,938,0
30859,1,950,950,0
32012,1,1058,1058,0
32157,1,997,997,0
32158,1,988,988,0
32159,1,992,992,0
32160,1,1021,1021,0
7033,1,965,965,0
7034,1,985,985,0
7035,1,1037,1037,0
7036,1,1004,1004,0
12136,1,983,983,0
11445,1,1059,1059,0
11446,1,956,956,0
11447,1,922,922,0
12209,1,964,964,0
12210,1,1037,1037,0
11738,1,962,962,0
11739,1,1047,1047,0
11740,1,1058,1058,0
20741,1,1015,1015,0
20744,1,947,947,0
12211,1,971,971,0
12212,1,985,985,0
12321,1,977,977,0
12322,1,975,975,0
12323,1,972,972,0
12885,1,1046,1046,0
12886,1,1011,1011,0
12887,1,988,988,0
12888,1,939,939,0
13056,1,967,967,0
13053,1,991,991,0
13054,1,962,962,0
13055,1,941,941,0
13197,1,968,968,0
13200,1,1055,1055,0
13687,1,976,976,0
24577,1,985,985,0
24578,1,975,975,0
24579,1,978,978,0
24580,1,993,993,0
14581,1,1065,1065,0
14582,1,965,965,0
14583,1,990,990,0
14584,1,942,942,0
14593,1,997,997,0
14594,1,1031,1031,0
14595,1,993,993,0
14596,1,1026,1026,0
15201,1,954,954,0
15202,1,973,973,0
15762,1,942,942,0
15763,1,950,950,0
15764,1,930,930,0
25077,1,1050,1050,0
25080,1,979,979,0
26499,1,990,990,0
26500,1,984,984,0
31045,1,987,987,0
31046,1,1006,1006,0
31048,1,1069,1069,0
27973,1,988,988,0
27974,1,1057,1057,0
27975,1,963,963,0
33337,1,1005,1005,0
33338,1,1008,1008,0
31882,1,973,973,0
31883,1,1000,1000,0
31884,1,995,995,0
31961,1,969,969,0
31962,1,951,951,0
1389,1,1008,1008,0
1390,1,997,997,0
1391,1,1094,1094,0
1392,1,981,981,0
2704,1,1000,1000,0
2701,1,1064,1064,0
2702,1,1016,1016,0
2703,1,1028,1028,0
6989,1,988,988,0
6992,1,996,996,0
8413,1,1030,1030,0
8414,1,989,989,0
8415,1,1047,1047,0
8593,1,1043,1043,0
8594,1,1010,1010,0
8469,1,1012,1012,0
8470,1,1016,1016,0
8471,1,982,982,0
8472,1,1021,1021,0
12304,1,1092,1092,0
10363,1,1027,1027,0
10364,1,964,964,0
10737,1,963,963,0
10738,1,983,983,0
10739,1,1040,1040,0
10876,1,1068,1068,0
10889,1,1003,1003,0
10890,1,1026,1026,0
10891,1,995,995,0
10892,1,1032,1032,0
12194,1,998,998,0
12195,1,1061,1061,0
12196,1,995,995,0
12329,1,1034,1034,0
12330,1,1001,1001,0
21954,1,982,982,0
21955,1,1023,1023,0
21956,1,989,989,0
30217,1,1022,1022,0
30218,1,1034,1034,0
10393,1,978,978,0
10394,1,986,986,0
10395,1,1007,1007,0
10396,1,984,984,0
10745,1,1018,1018,0
14039,1,1022,1022,0
14153,1,1003,1003,0
14154,1,1008,1008,0
14155,1,988,988,0
14156,1,977,977,0
14330,1,951,951,0
14331,1,981,981,0
14332,1,1033,1033,0
15829,1,1040,1040,0
15832,1,977,977,0
15203,1,1013,1013,0
15204,1,995,995,0
15389,1,1046,1046,0
15390,1,1043,1043,0
15392,1,1001,1001,0
15391,1,984,984,0
15537,1,956,956,0
15538,1,1055,1055,0
15539,1,1024,1024,0
15540,1,929,929,0
15830,1,964,964,0
15831,1,959,959,0
22285,1,1005,1005,0
22286,1,1020,1020,0
22288,1,996,996,0
22287,1,976,976,0
27413,1,996,996,0
27414,1,1004,1004,0
27415,1,982,982,0
27416,1,900,900,0
25078,1,964,964,0
25079,1,970,970,0
27825,1,985,985,0
27826,1,1029,1029,0
27827,1,1043,1043,0
27893,1,1015,1015,0
27894,1,988,988,0
27895,1,1034,1034,0
27896,1,991,991,0
27976,1,1023,1023,0
31053,1,1017,1017,0
31054,1,991,991,0
31055,1,976,976,0
31056,1,1010,1010,0
32761,1,1010,1010,0
4065,1,988,988,0
4066,1,1028,1028,0
4067,1,1002,1002,0
4068,1,1000,1000,0
12248,1,966,966,0
8485,1,942,942,0
8486,1,981,981,0
8487,1,1028,1028,0
8488,1,1041,1041,0
9408,1,1031,1031,0
12245,1,1011,1011,0
12246,1,1038,1038,0
12247,1,1001,1001,0
13705,1,1001,1001,0
13706,1,971,971,0
13707,1,1015,1015,0
13708,1,946,946,0
13821,1,992,992,0
13822,1,954,954,0
13824,1,983,983,0
14061,1,964,964,0
14062,1,1013,1013,0
14063,1,1031,1031,0
14185,1,993,993,0
14186,1,1021,1021,0
14187,1,951,951,0
14188,1,967,967,0
14229,1,993,993,0
14230,1,975,975,0
14232,1,965,965,0
14713,1,1041,1041,0
14714,1,967,967,0
14715,1,980,980,0
14716,1,968,968,0
15320,1,1029,1029,0
15317,1,1012,1012,0
15318,1,1002,1002,0
15319,1,1018,1018,0
15409,1,1016,1016,0
15410,1,1028,1028,0
15411,1,996,996,0
15412,1,945,945,0
15645,1,997,997,0
15646,1,1008,1008,0
15648,1,960,960,0
15647,1,956,956,0
15673,1,968,968,0
15674,1,987,987,0
15675,1,955,955,0
15676,1,977,977,0
15821,1,978,978,0
15822,1,1076,1076,0
15823,1,950,950,0
15824,1,994,994,0
15872,1,1019,1019,0
26847,1,979,979,0
31577,1,1018,1018,0
31578,1,1011,1011,0
31579,1,1001,1001,0
31580,1,987,987,0
27828,1,1011,1011,0
32177,1,1009,1009,0
32178,1,1005,1005,0
32179,1,985,985,0
32180,1,962,962,0
29030,1,1054,1054,0
29031,1,1056,1056,0
31073,1,967,967,0
31074,1,969,969,0
31075,1,1010,1010,0
30860,1,991,991,0
30877,1,1019,1019,0
30878,1,996,996,0
30879,1,921,921,0
30880,1,1008,1008,0
5113,1,1041,1041,0
5114,1,1000,1000,0
5115,1,1031,1031,0
5116,1,989,989,0
8776,1,996,996,0
10102,1,1023,1023,0
10103,1,971,971,0
10873,1,1028,1028,0
10874,1,988,988,0
10875,1,1038,1038,0
11493,1,1037,1037,0
11494,1,1037,1037,0
11495,1,1008,1008,0
11496,1,1023,1023,0
21953,1,1076,1076,0
12746,1,1077,1077,0
12747,1,1050,1050,0
12748,1,1015,1015,0
13581,1,1030,1030,0
13584,1,1031,1031,0
13290,1,1038,1038,0
13291,1,991,991,0
13292,1,987,987,0
13405,1,1017,1017,0
13408,1,1053,1053,0
13714,1,1030,1030,0
13715,1,996,996,0
13716,1,1041,1041,0
15161,1,952,952,0
15162,1,1031,1031,0
29578,1,946,946,0
29579,1,1019,1019,0
29580,1,1052,1052,0
31213,1,1015,1015,0
31216,1,1052,1052,0
31867,1,1051,1051,0
31868,1,1025,1025,0
32009,1,1045,1045,0
32010,1,968,968,0
32011,1,995,995,0
245,1,1039,1039,0
246,1,1041,1041,0
247,1,990,990,0
248,1,1029,1029,0
8072,1,998,998,0
1733,1,1053,1053,0
1734,1,1017,1017,0
1735,1,1027,1027,0
1736,1,1036,1036,0
15368,1,989,989,0
12133,1,1010,1010,0
12134,1,1045,1045,0
12135,1,943,943,0
12465,1,1029,1029,0
12466,1,1067,1067,0
12467,1,1047,1047,0
12468,1,985,985,0
12893,1,999,999,0
12894,1,1032,1032,0
12896,1,1016,1016,0
12705,1,1065,1065,0
12706,1,974,974,0
12707,1,1040,1040,0
12708,1,989,989,0
14329,1,1058,1058,0
12895,1,968,968,0
13293,1,1059,1059,0
13294,1,1015,1015,0
13295,1,1054,1054,0
13296,1,1036,1036,0
13786,1,968,968,0
13787,1,1017,1017,0
13788,1,1044,1044,0
13977,1,990,990,0
13978,1,956,956,0
13823,1,1003,1003,0
13865,1,1063,1063,0
13866,1,1000,1000,0
13867,1,993,993,0
13868,1,1027,1027,0
13997,1,1064,1064,0
13998,1,990,990,0
13999,1,1055,1055,0
14000,1,1017,1017,0
14064,1,969,969,0
14201,1,974,974,0
14202,1,1032,1032,0
14203,1,1042,1042,0
14204,1,1022,1022,0
15272,1,1038,1038,0
15269,1,987,987,0
15270,1,1019,1019,0
15271,1,1021,1021,0
15297,1,987,987,0
15298,1,995,995,0
15299,1,971,971,0
15300,1,1045,1045,0
15341,1,935,935,0
15342,1,1058,1058,0
15344,1,1009,1009,0
15343,1,1053,1053,0
15565,1,1017,1017,0
15566,1,1030,1030,0
15567,1,957,957,0
15568,1,1052,1052,0
15573,1,1041,1041,0
15574,1,996,996,0
15575,1,967,967,0
26441,1,968,968,0
26442,1,1037,1037,0
