43556,1,1006,1006,0
43565,1,1000,1000,0
43566,1,990,990,0
43567,1,1005,1005,0
43568,1,1031,1031,0
43569,1,990,990,0
43570,1,1015,1015,0
43571,1,982,982,0
43572,1,1003,1003,0
43584,1,1023,1023,0
43581,1,1026,1026,0
43582,1,1053,1053,0
43583,1,1029,1029,0
43589,1,1040,1040,0
43592,1,982,982,0
43585,1,1004,1004,0
43586,1,1003,1003,0
43587,1,966,966,0
43588,1,962,962,0
43616,1,1011,1011,0
43612,1,1027,1027,0
43617,1,1048,1048,0
43618,1,958,958,0
43619,1,978,978,0
43620,1,957,957,0
43613,1,995,995,0
43614,1,1001,1001,0
43615,1,994,994,0
43621,1,1000,1000,0
43622,1,989,989,0
43623,1,967,967,0
43624,1,1000,1000,0
43625,1,962,962,0
43626,1,1013,1013,0
43627,1,999,999,0
43628,1,958,958,0
43629,1,1028,1028,0
43632,1,983,983,0
43630,1,1028,1028,0
43631,1,1002,1002,0
48589,1,1057,1057,0
48590,1,923,923,0
48592,1,992,992,0
44546,1,999,999,0
44547,1,1014,1014,0
44548,1,955,955,0
47649,1,948,948,0
47650,1,970,970,0
47651,1,969,969,0
47652,1,990,990,0
47681,1,1019,1019,0
47682,1,966,966,0
47683,1,952,952,0
47684,1,1023,1023,0
48591,1,1012,1012,0
49805,1,969,969,0
49806,1,1002,1002,0
49807,1,1029,1029,0
49808,1,996,996,0
49861,1,1011,1011,0
49862,1,1012,1012,0
49863,1,1005,1005,0
49864,1,988,988,0
32929,1,994,994,0
32930,1,979,979,0
32931,1,940,940,0
32932,1,978,978,0
32945,1,1051,1051,0
32946,1,937,937,0
32947,1,1032,1032,0
32948,1,958,958,0
35401,1,997,997,0
35402,1,1012,1012,0
35403,1,974,974,0
35404,1,999,999,0
35753,1,1002,1002,0
35754,1,1000,1000,0
35755,1,957,957,0
35756,1,1049,1049,0
39561,1,953,953,0
39562,1,966,966,0
39563,1,973,973,0
39564,1,990,990,0
44545,1,945,945,0
41493,1,1018,1018,0
41494,1,1006,1006,0
41495,1,990,990,0
41496,1,995,995,0
42104,1,1007,1007,0
42101,1,991,991,0
42102,1,946,946,0
42103,1,1007,1007,0
43109,1,974,974,0
43112,1,942,942,0
43110,1,979,979,0
43111,1,971,971,0
43461,1,1005,1005,0
43462,1,1027,1027,0
43463,1,988,988,0
43464,1,995,995,0
43521,1,1065,1065,0
43482,1,985,985,0
43483,1,1060,1060,0
43484,1,997,997,0
43489,1,1079,1079,0
43490,1,1014,1014,0
43491,1,991,991,0
43492,1,1013,1013,0
43493,1,1051,1051,0
43494,1,958,958,0
43496,1,967,967,0
43522,1,1031,1031,0
43523,1,960,960,0
43524,1,997,997,0
43541,1,1012,1012,0
43544,1,1017,1017,0
43525,1,988,988,0
43526,1,993,993,0
43527,1,954,954,0
43528,1,1012,1012,0
43529,1,1015,1015,0
43530,1,974,974,0
43531,1,1012,1012,0
43532,1,1002,1002,0
43533,1,1015,1015,0
43536,1,1046,1046,0
43534,1,1007,1007,0
43535,1,1010,1010,0
43553,1,976,976,0
43554,1,1003,1003,0
43555,1,1012,1012,0
43542,1,1006,1006,0
43543,1,1025,1025,0
43545,1,969,969,0
43546,1,912,912,0
43547,1,990,990,0
43548,1,1002,1002,0
43577,1,1003,1003,0
43578,1,1050,1050,0
43579,1,989,989,0
43580,1,1030,1030,0
33101,1,1040,1040,0
33102,1,992,992,0
33103,1,1080,1080,0
33104,1,1000,1000,0
43465,1,1010,1010,0
34817,1,1058,1058,0
34818,1,1020,1020,0
34819,1,1017,1017,0
34820,1,992,992,0
41001,1,982,982,0
41002,1,980,980,0
41003,1,977,977,0
41004,1,954,954,0
43466,1,987,987,0
43467,1,1027,1027,0
43468,1,1004,1004,0
43469,1,1023,1023,0
43472,1,999,999,0
43470,1,990,990,0
43471,1,975,975,0
43485,1,1004,1004,0
43486,1,967,967,0
43488,1,972,972,0
43477,1,925,925,0
43478,1,1071,1071,0
43479,1,1020,1020,0
43480,1,1053,1053,0
43481,1,975,975,0
43487,1,994,994,0
43497,1,978,978,0
43498,1,994,994,0
43499,1,992,992,0
43500,1,991,991,0
43495,1,982,982,0
43505,1,969,969,0
43506,1,982,982,0
43507,1,996,996,0
43508,1,985,985,0
43509,1,998,998,0
43510,1,1018,1018,0
43511,1,941,941,0
43512,1,970,970,0
43513,1,1018,1018,0
43518,1,1015,1015,0
43519,1,1047,1047,0
43537,1,990,990,0
43538,1,1034,1034,0
43539,1,1031,1031,0
43540,1,983,983,0
43549,1,997,997,0
43550,1,982,982,0
43551,1,1029,1029,0
43552,1,999,999,0
43590,1,1047,1047,0
43591,1,983,983,0
43609,1,1000,1000,0
43610,1,1037,1037,0
43611,1,982,982,0
34501,1,1022,1022,0
34502,1,1015,1015,0
34503,1,962,962,0
34504,1,1048,1048,0
40521,1,960,960,0
38421,-1,0,0,0
38422,-1,0,0,0
38423,-1,0,0,0
38424,-1,0,0,0
44281,1,982,982,0
44282,1,972,972,0
44283,1,963,963,0
44284,1,1068,1068,0
45672,1,987,987,0
39005,1,986,986,0
39006,1,1050,1050,0
39007,1,983,983,0
39117,1,1029,1029,0
39118,1,980,980,0
39119,1,1002,1002,0
40522,1,978,978,0
40523,1,977,977,0
40524,1,1031,1031,0
43514,1,1067,1067,0
43515,1,967,967,0
43516,1,993,993,0
43517,1,1042,1042,0
43520,1,992,992,0
43557,1,1032,1032,0
43558,1,1011,1011,0
43559,1,996,996,0
43560,1,1010,1010,0
43561,1,995,995,0
44803,1,1006,1006,0
44804,1,1059,1059,0
45506,1,1033,1033,0
45507,1,954,954,0
45508,1,1052,1052,0
45669,1,1012,1012,0
45670,1,976,976,0
45671,1,987,987,0
49269,1,976,976,0
49272,1,1017,1017,0
45722,1,1008,1008,0
45723,1,982,982,0
45724,1,996,996,0
46493,1,1026,1026,0
46494,1,998,998,0
46495,1,974,974,0
46670,1,990,990,0
46671,1,963,963,0
47226,1,955,955,0
47227,1,988,988,0
47228,1,977,977,0
48082,1,947,947,0
48083,1,982,982,0
48084,1,1001,1001,0
48437,1,1018,1018,0
48438,1,1049,1049,0
48439,1,1021,1021,0
48906,1,987,987,0
48907,1,969,969,0
48908,1,1003,1003,0
49149,1,1059,1059,0
49150,1,1009,1009,0
49151,1,1057,1057,0
49237,1,1030,1030,0
49238,1,1056,1056,0
49239,1,1030,1030,0
49270,1,981,981,0
49271,1,964,964,0
50109,1,985,985,0
50110,1,1021,1021,0
50111,1,956,956,0
33357,1,1019,1019,0
33358,1,1028,1028,0
33359,1,1051,1051,0
33360,1,1007,1007,0
39120,1,1045,1045,0
33773,1,1015,1015,0
33774,1,973,973,0
33775,1,1014,1014,0
44801,1,947,947,0
44802,1,1004,1004,0
34669,1,1038,1038,0
34670,1,1062,1062,0
34671,1,1036,1036,0
34672,1,1013,1013,0
42673,1,961,961,0
40137,1,1053,1053,0
40138,1,1035,1035,0
40139,1,1020,1020,0
40140,1,960,960,0
49240,1,1018,1018,0
42761,1,1009,1009,0
42762,1,984,984,0
42763,1,995,995,0
42764,1,907,907,0
46297,1,1003,1003,0
46298,1,974,974,0
46299,1,1011,1011,0
46300,1,1016,1016,0
46394,1,972,972,0
46395,1,1040,1040,0
46396,1,1019,1019,0
46669,1,1016,1016,0
46672,1,985,985,0
46573,1,955,955,0
46574,1,985,985,0
46575,1,1025,1025,0
46576,1,1013,1013,0
47225,1,972,972,0
48641,1,980,980,0
48642,1,1024,1024,0
48643,1,986,986,0
48644,1,1033,1033,0
49152,1,1003,1003,0
32177,1,933,933,0
32178,1,974,974,0
32179,1,1012,1012,0
32180,1,1044,1044,0
46393,1,1010,1010,0
33141,1,1040,1040,0
33142,1,1043,1043,0
33143,1,1038,1038,0
33144,1,986,986,0
33776,1,995,995,0
35785,1,1010,1010,0
35786,1,979,979,0
35787,1,1003,1003,0
35788,1,1034,1034,0
48081,1,1004,1004,0
35861,1,985,985,0
35862,1,957,957,0
35863,1,1042,1042,0
35864,1,967,967,0
50112,1,1021,1021,0
37545,1,988,988,0
37546,1,980,980,0
37547,1,981,981,0
37548,1,1016,1016,0
45505,1,985,985,0
38089,1,992,992,0
38090,1,1035,1035,0
38091,1,981,981,0
38092,1,1009,1009,0
39008,1,957,957,0
40105,1,963,963,0
40106,1,979,979,0
40107,1,1016,1016,0
40108,1,998,998,0
42416,1,990,990,0
40865,1,1030,1030,0
40866,1,1020,1020,0
40867,1,996,996,0
40868,1,1015,1015,0
48905,1,1047,1047,0
41057,1,983,983,0
41058,1,1008,1008,0
41059,1,1007,1007,0
41060,1,1004,1004,0
45721,1,1008,1008,0
42413,1,972,972,0
42414,1,937,937,0
42415,1,958,958,0
42674,1,1040,1040,0
42675,1,990,990,0
42676,1,995,995,0
43562,1,990,990,0
43563,1,1062,1062,0
43564,1,972,972,0
43573,1,972,972,0
43576,1,984,984,0
43574,1,1036,1036,0
43575,1,960,960,0
43597,1,973,973,0
43598,1,972,972,0
43600,1,1065,1065,0
43599,1,993,993,0
43601,1,955,955,0
43602,1,1047,1047,0
43603,1,947,947,0
43604,1,1010,1010,0
45385,1,971,971,0
45386,1,1019,1019,0
45387,1,1003,1003,0
45388,1,983,983,0
45432,1,1021,1021,0
45429,1,963,963,0
45430,1,973,973,0
45431,1,991,991,0
46137,1,1003,1003,0
46138,1,1074,1074,0
46139,1,951,951,0
46140,1,966,966,0
46496,1,1024,1024,0
429,1,1012,1012,0
430,1,990,990,0
431,1,1021,1021,0
432,1,1046,1046,0
440,1,1007,1007,0
437,1,1028,1028,0
438,1,1004,1004,0
439,1,997,997,0
821,1,925,925,0
822,1,988,988,0
823,1,914,914,0
824,1,1000,1000,0
2080,1,1004,1004,0
1009,1,1042,1042,0
1010,1,942,942,0
1011,1,1046,1046,0
1012,1,1001,1001,0
1081,1,1016,1016,0
1082,1,1006,1006,0
1083,1,979,979,0
1084,1,989,989,0
1649,1,970,970,0
1650,1,1002,1002,0
1651,1,1057,1057,0
1652,1,998,998,0
2712,1,989,989,0
2077,1,1008,1008,0
2078,1,980,980,0
2079,1,1050,1050,0
2193,1,997,997,0
2194,1,992,992,0
2195,1,954,954,0
2196,1,1013,1013,0
2641,1,1051,1051,0
2709,1,1044,1044,0
2710,1,965,965,0
2711,1,1028,1028,0
2957,1,995,995,0
2958,1,966,966,0
2959,1,1005,1005,0
1349,1,1011,1011,0
1350,1,992,992,0
1351,1,1003,1003,0
1352,1,948,948,0
2960,1,1019,1019,0
1581,1,996,996,0
1582,1,953,953,0
1583,1,1011,1011,0
1584,1,991,991,0
4128,1,1012,1012,0
1605,1,989,989,0
1606,1,990,990,0
1607,1,1019,1019,0
1608,1,1064,1064,0
1680,1,1008,1008,0
1677,1,1002,1002,0
1678,1,1014,1014,0
1679,1,974,974,0
2642,1,981,981,0
2643,1,1033,1033,0
2644,1,1050,1050,0
4125,1,1000,1000,0
4126,1,976,976,0
4127,1,1032,1032,0
4221,1,1025,1025,0
4222,1,978,978,0
4223,1,1014,1014,0
4224,1,925,925,0
5664,1,1025,1025,0
5661,1,990,990,0
5662,1,1062,1062,0
5663,1,987,987,0
10469,1,991,991,0
10470,1,1011,1011,0
10471,1,1046,1046,0
10472,1,1041,1041,0
11641,1,990,990,0
11185,1,958,958,0
11186,1,991,991,0
11187,1,986,986,0
11188,1,1025,1025,0
13497,1,1059,1059,0
11642,1,971,971,0
11643,1,968,968,0
11644,1,1026,1026,0
11689,1,973,973,0
11690,1,1011,1011,0
13498,1,998,998,0
13499,1,1064,1064,0
13500,1,1013,1013,0
20149,1,957,957,0
20152,1,975,975,0
20053,1,941,941,0
20054,1,1029,1029,0
20055,1,974,974,0
20056,1,988,988,0
20081,1,1079,1079,0
20082,1,1029,1029,0
20083,1,1052,1052,0
20084,1,960,960,0
20150,1,990,990,0
20151,1,1043,1043,0
22357,1,938,938,0
22358,1,1027,1027,0
22360,1,1033,1033,0
21863,1,986,986,0
22359,1,1056,1056,0
24997,1,965,965,0
24998,1,964,964,0
24999,1,981,981,0
30374,1,1000,1000,0
30375,1,957,957,0
8189,1,961,961,0
8190,1,1042,1042,0
8191,1,999,999,0
8192,1,959,959,0
9713,1,1059,1059,0
9714,1,986,986,0
9715,1,1021,1021,0
9716,1,979,979,0
11809,1,985,985,0
11810,1,1001,1001,0
10986,1,996,996,0
10987,1,1010,1010,0
10988,1,1010,1010,0
14279,1,1071,1071,0
16305,1,973,973,0
16306,1,1013,1013,0
16307,1,1017,1017,0
16308,1,1025,1025,0
16701,1,971,971,0
16702,1,931,931,0
16703,1,1009,1009,0
16704,1,1008,1008,0
16880,1,993,993,0
16877,1,1007,1007,0
16878,1,968,968,0
16879,1,1005,1005,0
16945,1,1040,1040,0
16946,1,1053,1053,0
16947,1,996,996,0
16948,1,984,984,0
22693,1,1042,1042,0
22694,1,979,979,0
22696,1,1015,1015,0
22695,1,1003,1003,0
22781,1,1004,1004,0
22782,1,985,985,0
22783,1,977,977,0
22784,1,984,984,0
25781,1,971,971,0
25782,1,1059,1059,0
25783,1,1035,1035,0
25784,1,1054,1054,0
26272,1,1032,1032,0
26269,1,997,997,0
26270,1,1009,1009,0
26271,1,981,981,0
29413,1,1031,1031,0
29416,1,1053,1053,0
27163,1,1021,1021,0
27164,1,924,924,0
29414,1,985,985,0
29415,1,1042,1042,0
8589,1,1015,1015,0
8590,1,987,987,0
8591,1,997,997,0
8592,1,1050,1050,0
9936,1,990,990,0
8609,1,973,973,0
8610,1,960,960,0
8611,1,1029,1029,0
8612,1,964,964,0
8697,1,929,929,0
8698,1,1025,1025,0
8699,1,990,990,0
8700,1,1042,1042,0
20133,1,987,987,0
20136,1,985,985,0
9933,1,984,984,0
9934,1,978,978,0
9935,1,1050,1050,0
10361,1,965,965,0
10362,1,1023,1023,0
10363,1,952,952,0
10364,1,976,976,0
10593,1,1006,1006,0
10594,1,1008,1008,0
10595,1,1002,1002,0
10596,1,965,965,0
11165,1,1049,1049,0
11168,1,1028,1028,0
10833,1,1040,1040,0
10834,1,967,967,0
10835,1,995,995,0
10836,1,993,993,0
11368,1,991,991,0
10961,1,1037,1037,0
10962,1,1007,1007,0
10963,1,968,968,0
10964,1,982,982,0
10985,1,1043,1043,0
11365,1,957,957,0
11366,1,994,994,0
11367,1,961,961,0
13117,1,1006,1006,0
13120,1,986,986,0
11691,1,1022,1022,0
11692,1,1043,1043,0
14277,1,970,970,0
14278,1,972,972,0
14280,1,1051,1051,0
11755,1,947,947,0
11756,1,952,952,0
11811,1,952,952,0
11812,1,987,987,0
14229,1,1049,1049,0
14230,1,1027,1027,0
14232,1,1002,1002,0
19913,1,1020,1020,0
19914,1,1038,1038,0
19915,1,1040,1040,0
19916,1,973,973,0
21105,1,988,988,0
20134,1,973,973,0
20135,1,958,958,0
21106,1,1012,1012,0
21107,1,1070,1070,0
21108,1,1013,1013,0
27161,1,1020,1020,0
27162,1,1043,1043,0
22106,1,1039,1039,0
22107,1,1043,1043,0
22108,1,1035,1035,0
23388,1,954,954,0
28013,1,970,970,0
28014,1,981,981,0
28015,1,1045,1045,0
8657,1,999,999,0
8658,1,1017,1017,0
8659,1,1010,1010,0
8660,1,1000,1000,0
16896,1,1018,1018,0
8897,1,1017,1017,0
8898,1,975,975,0
8899,1,996,996,0
8900,1,981,981,0
9448,1,931,931,0
9445,1,1018,1018,0
9446,1,975,975,0
9447,1,1000,1000,0
9557,1,1006,1006,0
9560,1,973,973,0
9558,1,1021,1021,0
9559,1,1024,1024,0
20545,1,964,964,0
20546,1,1035,1035,0
20547,1,989,989,0
13118,1,930,930,0
13119,1,1025,1025,0
17341,1,954,954,0
17342,1,960,960,0
17344,1,995,995,0
14613,1,1027,1027,0
14614,1,984,984,0
14615,1,977,977,0
14616,1,1011,1011,0
22105,1,1032,1032,0
16893,1,999,999,0
16894,1,910,910,0
16895,1,983,983,0
23081,1,991,991,0
23082,1,982,982,0
17343,1,932,932,0
19577,1,1018,1018,0
19578,1,990,990,0
19579,1,1003,1003,0
19580,1,1068,1068,0
20001,1,959,959,0
20002,1,1028,1028,0
20003,1,1032,1032,0
20004,1,974,974,0
21120,1,957,957,0
20548,1,984,984,0
21085,1,984,984,0
21086,1,997,997,0
21087,1,967,967,0
21088,1,1005,1005,0
21117,1,1048,1048,0
21118,1,977,977,0
21119,1,947,947,0
30373,1,991,991,0
30376,1,983,983,0
21181,1,1003,1003,0
21182,1,1059,1059,0
21183,1,1051,1051,0
21184,1,934,934,0
21201,1,971,971,0
21202,1,1003,1003,0
21203,1,985,985,0
21204,1,987,987,0
22837,1,1028,1028,0
22840,1,1033,1033,0
22838,1,994,994,0
22839,1,1020,1020,0
23385,1,943,943,0
23386,1,952,952,0
23387,1,973,973,0
23083,1,955,955,0
23084,1,1044,1044,0
23117,1,970,970,0
23118,1,1041,1041,0
23120,1,1016,1016,0
23119,1,955,955,0
25657,1,983,983,0
25658,1,995,995,0
25659,1,936,936,0
25660,1,1041,1041,0
8577,1,946,946,0
8578,1,1022,1022,0
8579,1,981,981,0
8580,1,960,960,0
28016,1,1036,1036,0
8597,1,1013,1013,0
8598,1,1016,1016,0
8599,1,985,985,0
8600,1,983,983,0
15521,1,1008,1008,0
8985,1,1012,1012,0
8986,1,1011,1011,0
8987,1,1037,1037,0
8988,1,940,940,0
11345,1,1023,1023,0
11166,1,1037,1037,0
11167,1,990,990,0
21861,1,1001,1001,0
21862,1,983,983,0
21864,1,1055,1055,0
11346,1,981,981,0
11347,1,1000,1000,0
11348,1,1021,1021,0
11753,1,989,989,0
11754,1,953,953,0
14231,1,989,989,0
22261,1,1022,1022,0
22262,1,1009,1009,0
22263,1,977,977,0
22264,1,1027,1027,0
15522,1,987,987,0
15523,1,988,988,0
15524,1,925,925,0
16705,1,985,985,0
16706,1,996,996,0
16806,1,1010,1010,0
16807,1,1003,1003,0
21933,1,996,996,0
21934,1,1059,1059,0
21935,1,976,976,0
21936,1,1041,1041,0
25000,1,969,969,0
23822,1,993,993,0
23823,1,992,992,0
28149,1,1009,1009,0
28150,1,999,999,0
28151,1,984,984,0
28152,1,1004,1004,0
9485,1,991,991,0
9486,1,996,996,0
9487,1,973,973,0
9488,1,996,996,0
15680,1,987,987,0
13217,1,984,984,0
13218,1,1008,1008,0
13219,1,1031,1031,0
13220,1,958,958,0
15569,1,977,977,0
15570,1,966,966,0
15571,1,946,946,0
15572,1,1021,1021,0
17029,1,955,955,0
17032,1,935,935,0
16707,1,1004,1004,0
16708,1,1009,1009,0
18413,1,1010,1010,0
18414,1,981,981,0
18416,1,1013,1013,0
17030,1,1033,1033,0
17031,1,1032,1032,0
18393,1,985,985,0
18394,1,999,999,0
18395,1,968,968,0
18415,1,982,982,0
18977,1,1061,1061,0
18978,1,938,938,0
18979,1,991,991,0
18980,1,959,959,0
20237,1,998,998,0
20238,1,1019,1019,0
20239,1,1058,1058,0
20240,1,962,962,0
26080,1,947,947,0
22001,1,964,964,0
22002,1,1038,1038,0
22003,1,992,992,0
22004,1,1032,1032,0
23544,1,1053,1053,0
26077,1,971,971,0
26078,1,1018,1018,0
26079,1,956,956,0
8565,1,992,992,0
8566,1,972,972,0
8567,1,1024,1024,0
8568,1,1024,1024,0
9184,1,1020,1020,0
9181,1,1031,1031,0
9182,1,1018,1018,0
9183,1,990,990,0
13113,1,1006,1006,0
13114,1,986,986,0
13115,1,1014,1014,0
13116,1,982,982,0
16725,1,1018,1018,0
16726,1,1028,1028,0
16728,1,929,929,0
15677,1,993,993,0
15678,1,1051,1051,0
15679,1,988,988,0
16805,1,1020,1020,0
16808,1,1084,1084,0
17901,1,1034,1034,0
17902,1,977,977,0
17903,1,1019,1019,0
18396,1,1040,1040,0
22821,1,1001,1001,0
22822,1,990,990,0
22823,1,1040,1040,0
22824,1,1026,1026,0
20177,1,1025,1025,0
20178,1,1020,1020,0
20179,1,1000,1000,0
20180,1,1003,1003,0
27776,1,1043,1043,0
21238,1,988,988,0
21239,1,1020,1020,0
22111,1,1053,1053,0
23541,1,1029,1029,0
23542,1,993,993,0
23543,1,1105,1105,0
23821,1,1001,1001,0
23824,1,1040,1040,0
24139,1,1032,1032,0
24140,1,1000,1000,0
27773,1,1001,1001,0
27774,1,998,998,0
27775,1,1033,1033,0
28194,1,1058,1058,0
28195,1,1022,1022,0
28196,1,929,929,0
28380,1,1035,1035,0
31301,1,1011,1011,0
31302,1,962,962,0
31303,1,1027,1027,0
31304,1,985,985,0
8261,1,1017,1017,0
8262,1,957,957,0
8263,1,1034,1034,0
8264,1,1021,1021,0
22961,1,996,996,0
9833,1,1050,1050,0
9834,1,1001,1001,0
9835,1,982,982,0
9836,1,960,960,0
12377,1,1039,1039,0
12833,1,965,965,0
12834,1,1043,1043,0
12835,1,964,964,0
12836,1,971,971,0
20992,1,993,993,0
14269,1,1034,1034,0
14270,1,985,985,0
14271,1,1002,1002,0
14272,1,936,936,0
20144,1,1023,1023,0
16727,1,1047,1047,0
22273,1,1018,1018,0
22274,1,996,996,0
22275,1,1017,1017,0
22276,1,953,953,0
20141,1,1001,1001,0
20142,1,994,994,0
20143,1,981,981,0
20621,1,1030,1030,0
20624,1,1008,1008,0
20622,1,964,964,0
20623,1,1011,1011,0
20757,1,965,965,0
20758,1,1001,1001,0
20760,1,992,992,0
20759,1,972,972,0
22089,1,1015,1015,0
22090,1,973,973,0
22091,1,988,988,0
22092,1,990,990,0
21691,1,990,990,0
21692,1,1058,1058,0
23289,1,964,964,0
23290,1,967,967,0
23291,1,971,971,0
22914,1,1005,1005,0
22915,1,1031,1031,0
22916,1,1001,1001,0
25101,1,952,952,0
25104,1,1022,1022,0
25102,1,1005,1005,0
25103,1,1002,1002,0
28377,1,987,987,0
28378,1,1027,1027,0
28379,1,946,946,0
10589,1,1009,1009,0
10590,1,970,970,0
10591,1,975,975,0
10592,1,953,953,0
20969,1,1000,1000,0
12378,1,964,964,0
12379,1,1017,1017,0
12380,1,1007,1007,0
22061,1,940,940,0
22064,1,1052,1052,0
13201,1,1035,1035,0
13202,1,979,979,0
13203,1,964,964,0
13204,1,1009,1009,0
28193,1,1003,1003,0
20970,1,1009,1009,0
20971,1,1031,1031,0
20972,1,1001,1001,0
21237,1,1002,1002,0
21240,1,1025,1025,0
20989,1,1048,1048,0
20990,1,998,998,0
20991,1,977,977,0
21689,1,1012,1012,0
21690,1,1009,1009,0
22062,1,932,932,0
22063,1,947,947,0
22109,1,1003,1003,0
22110,1,1003,1003,0
22112,1,1027,1027,0
22477,1,1050,1050,0
22478,1,980,980,0
22479,1,1000,1000,0
22480,1,997,997,0
22913,1,1002,1002,0
22962,1,1049,1049,0
22963,1,994,994,0
22964,1,978,978,0
24137,1,1034,1034,0
24138,1,996,996,0
23292,1,989,989,0
24833,1,979,979,0
24834,1,1042,1042,0
24835,1,1050,1050,0
24836,1,1038,1038,0
9033,1,995,995,0
9034,1,1027,1027,0
9035,1,1007,1007,0
9036,1,1003,1003,0
11744,1,986,986,0
11741,1,969,969,0
11742,1,1028,1028,0
11743,1,1064,1064,0
17537,1,992,992,0
17538,1,1015,1015,0
17539,1,1037,1037,0
17540,1,984,984,0
17904,1,1029,1029,0
34674,1,978,978,0
34675,1,947,947,0
34676,1,961,961,0
35129,1,1000,1000,0
35130,1,969,969,0
35131,1,986,986,0
35132,1,977,977,0
35141,1,1046,1046,0
35142,1,1035,1035,0
35144,1,965,965,0
35165,1,1024,1024,0
35166,1,1013,1013,0
35167,1,1006,1006,0
35168,1,973,973,0
35497,1,986,986,0
35498,1,998,998,0
35499,1,1042,1042,0
35500,1,983,983,0
46529,1,940,940,0
46530,1,948,948,0
36414,1,1001,1001,0
36415,1,1001,1001,0
41989,1,981,981,0
41990,1,974,974,0
41992,1,1013,1013,0
41037,1,998,998,0
41038,1,1005,1005,0
41039,1,1043,1043,0
41040,1,953,953,0
48368,1,992,992,0
41991,1,1008,1008,0
48369,1,962,962,0
48370,1,992,992,0
48371,1,996,996,0
48372,1,996,996,0
46531,1,946,946,0
46532,1,1001,1001,0
48455,1,975,975,0
48505,1,974,974,0
48506,1,984,984,0
48507,1,992,992,0
48508,1,999,999,0
49266,1,969,969,0
49267,1,1022,1022,0
49268,1,975,975,0
34641,1,1034,1034,0
34642,1,1016,1016,0
34643,1,1060,1060,0
34644,1,988,988,0
34673,1,1019,1019,0
35143,1,1005,1005,0
35145,1,1010,1010,0
35146,1,1010,1010,0
35147,1,1017,1017,0
35148,1,1016,1016,0
35149,1,1022,1022,0
35150,1,989,989,0
35151,1,1023,1023,0
35152,1,1004,1004,0
35713,1,1036,1036,0
35714,1,1043,1043,0
35715,1,997,997,0
35716,1,996,996,0
36413,1,990,990,0
36416,1,991,991,0
40585,1,1024,1024,0
40586,1,995,995,0
40587,1,1016,1016,0
40588,1,1001,1001,0
49265,1,984,984,0
48273,1,1010,1010,0
48274,1,935,935,0
48275,1,1036,1036,0
48276,1,997,997,0
48376,1,1032,1032,0
48365,1,967,967,0
48366,1,991,991,0
48367,1,974,974,0
48417,1,1042,1042,0
48418,1,1035,1035,0
48419,1,972,972,0
48420,1,963,963,0
48453,1,990,990,0
48454,1,1006,1006,0
48456,1,994,994,0
48427,1,1049,1049,0
48428,1,939,939,0
48469,1,1028,1028,0
48470,1,980,980,0
48472,1,963,963,0
32917,1,1034,1034,0
32918,1,1038,1038,0
32919,1,976,976,0
32920,1,1011,1011,0
33313,1,1038,1038,0
33314,1,967,967,0
33315,1,974,974,0
33316,1,1029,1029,0
34253,1,1010,1010,0
34254,1,1004,1004,0
34255,1,950,950,0
34256,1,996,996,0
46265,1,986,986,0
43297,1,991,991,0
43298,1,1018,1018,0
43299,1,1038,1038,0
43300,1,1009,1009,0
45545,1,986,986,0
45546,1,989,989,0
45547,1,953,953,0
45548,1,1077,1077,0
49913,1,982,982,0
49914,1,991,991,0
46266,1,996,996,0
46267,1,1010,1010,0
46268,1,1049,1049,0
46741,1,991,991,0
46742,1,967,967,0
46743,1,985,985,0
48373,1,1018,1018,0
48374,1,1002,1002,0
48375,1,1020,1020,0
48425,1,1060,1060,0
48426,1,1029,1029,0
48471,1,1013,1013,0
49041,1,1009,1009,0
49042,1,1038,1038,0
49043,1,1019,1019,0
49044,1,1005,1005,0
49915,1,981,981,0
49916,1,1015,1015,0
33681,1,1032,1032,0
33682,1,965,965,0
33683,1,979,979,0
33684,1,1024,1024,0
37537,1,968,968,0
37538,1,1029,1029,0
37539,1,1044,1044,0
37540,1,965,965,0
37541,1,1068,1068,0
37542,1,998,998,0
37543,1,1000,1000,0
37544,1,1033,1033,0
46744,1,1014,1014,0
33193,1,996,996,0
33194,1,969,969,0
33195,1,998,998,0
33196,1,998,998,0
35136,1,1025,1025,0
35133,1,999,999,0
35134,1,1017,1017,0
35135,1,956,956,0
35817,1,985,985,0
35818,1,1000,1000,0
35809,1,1047,1047,0
35810,1,986,986,0
35811,1,985,985,0
35812,1,972,972,0
35832,1,954,954,0
35819,1,984,984,0
35820,1,954,954,0
35821,1,1005,1005,0
35822,1,1034,1034,0
35824,1,1034,1034,0
35823,1,1025,1025,0
35825,1,988,988,0
35826,1,1004,1004,0
35827,1,962,962,0
35828,1,1048,1048,0
35829,1,970,970,0
35830,1,1000,1000,0
35831,1,1027,1027,0
35841,1,1021,1021,0
35842,1,1036,1036,0
35843,1,1065,1065,0
35844,1,942,942,0
46725,1,970,970,0
46726,1,1006,1006,0
46728,1,1032,1032,0
45809,1,1028,1028,0
45810,1,1011,1011,0
45811,1,973,973,0
45812,1,1055,1055,0
46089,1,939,939,0
46090,1,1023,1023,0
46091,1,1026,1026,0
46092,1,1043,1043,0
46557,1,1042,1042,0
46560,1,998,998,0
46727,1,1017,1017,0
32957,1,974,974,0
32958,1,1036,1036,0
32959,1,999,999,0
32960,1,979,979,0
39489,1,1019,1019,0
36138,1,995,995,0
36139,1,1010,1010,0
36140,1,1020,1020,0
36165,1,1030,1030,0
36168,1,1005,1005,0
36149,1,1012,1012,0
36150,1,986,986,0
36151,1,995,995,0
36152,1,993,993,0
36161,1,1044,1044,0
36166,1,997,997,0
36167,1,1017,1017,0
36173,1,971,971,0
36174,1,940,940,0
36176,1,991,991,0
36175,1,1041,1041,0
36245,1,959,959,0
36246,1,998,998,0
36247,1,985,985,0
36248,1,1057,1057,0
39506,1,1033,1033,0
39507,1,997,997,0
39508,1,1001,1001,0
39529,1,1015,1015,0
39530,1,1051,1051,0
39617,1,976,976,0
39618,1,1037,1037,0
39619,1,962,962,0
39620,1,932,932,0
39641,1,1030,1030,0
39635,1,1027,1027,0
39636,1,966,966,0
39642,1,981,981,0
39643,1,957,957,0
39644,1,964,964,0
40653,1,1036,1036,0
40654,1,967,967,0
40655,1,1031,1031,0
40656,1,1008,1008,0
40664,1,1024,1024,0
40661,1,999,999,0
40662,1,1050,1050,0
40663,1,1012,1012,0
40953,1,1000,1000,0
40954,1,964,964,0
40955,1,953,953,0
40956,1,1024,1024,0
43225,1,943,943,0
43226,1,970,970,0
43227,1,970,970,0
43228,1,1015,1015,0
46558,1,1046,1046,0
46559,1,1050,1050,0
46717,1,969,969,0
46718,1,1016,1016,0
46720,1,1015,1015,0
46719,1,1020,1020,0
47117,1,1035,1035,0
47118,1,1008,1008,0
47119,1,988,988,0
47120,1,1005,1005,0
34097,1,999,999,0
34098,1,1017,1017,0
34099,1,951,951,0
34100,1,1006,1006,0
43416,1,984,984,0
35437,1,1046,1046,0
35438,1,921,921,0
35439,1,1028,1028,0
35440,1,1007,1007,0
35505,1,1054,1054,0
35506,1,986,986,0
35507,1,976,976,0
35508,1,959,959,0
35529,1,1018,1018,0
35530,1,1061,1061,0
35531,1,985,985,0
35532,1,1029,1029,0
36133,1,1008,1008,0
36134,1,1033,1033,0
36135,1,986,986,0
36136,1,1011,1011,0
36137,1,979,979,0
36162,1,1034,1034,0
36163,1,983,983,0
36164,1,1000,1000,0
39633,1,1019,1019,0
39634,1,1027,1027,0
36265,1,1025,1025,0
36266,1,1015,1015,0
36267,1,1034,1034,0
36268,1,1084,1084,0
39505,1,958,958,0
39490,1,1008,1008,0
39491,1,946,946,0
39492,1,1006,1006,0
39531,1,1009,1009,0
39532,1,1004,1004,0
39533,1,1059,1059,0
39534,1,1093,1093,0
39536,1,997,997,0
39535,1,1005,1005,0
39549,1,1026,1026,0
39550,1,1035,1035,0
39551,1,955,955,0
39552,1,1007,1007,0
43413,1,935,935,0
43414,1,995,995,0
43415,1,1036,1036,0
33457,1,1011,1011,0
33458,1,1039,1039,0
33459,1,984,984,0
33460,1,975,975,0
46304,1,1055,1055,0
33765,1,1022,1022,0
33766,1,1011,1011,0
33767,1,999,999,0
33768,1,1024,1024,0
47416,1,978,978,0
35433,1,1011,1011,0
35434,1,1044,1044,0
35435,1,1004,1004,0
35436,1,1003,1003,0
44680,1,967,967,0
42493,1,966,966,0
42494,1,996,996,0
42495,1,1021,1021,0
42496,1,1010,1010,0
49768,1,990,990,0
44677,1,968,968,0
44678,1,1057,1057,0
44679,1,989,989,0
46301,1,1027,1027,0
46302,1,988,988,0
46303,1,1041,1041,0
47413,1,1047,1047,0
47414,1,997,997,0
47415,1,988,988,0
49765,1,996,996,0
49766,1,1004,1004,0
49767,1,1070,1070,0
34214,1,998,998,0
34215,1,934,934,0
36081,1,984,984,0
36082,1,983,983,0
36083,1,979,979,0
36084,1,949,949,0
36177,1,997,997,0
36178,1,1030,1030,0
36179,1,1010,1010,0
36180,1,1013,1013,0
36181,1,1028,1028,0
36184,1,960,960,0
36252,1,970,970,0
36273,1,1025,1025,0
36274,1,949,949,0
36275,1,918,918,0
36276,1,938,938,0
39475,1,1033,1033,0
39476,1,1031,1031,0
39513,1,947,947,0
39514,1,942,942,0
39515,1,1004,1004,0
39516,1,1045,1045,0
39517,1,985,985,0
39518,1,955,955,0
39519,1,1035,1035,0
39520,1,963,963,0
39655,1,979,979,0
39677,1,971,971,0
39678,1,1001,1001,0
39679,1,972,972,0
39680,1,1009,1009,0
40717,1,1036,1036,0
40718,1,945,945,0
40719,1,946,946,0
40720,1,979,979,0
43240,1,961,961,0
42023,1,978,978,0
43237,1,975,975,0
43238,1,1024,1024,0
43239,1,964,964,0
43242,1,1033,1033,0
43243,1,977,977,0
43244,1,960,960,0
43452,1,943,943,0
47181,1,953,953,0
47182,1,1023,1023,0
47183,1,1009,1009,0
49837,1,975,975,0
49838,1,1001,1001,0
49839,1,1011,1011,0
49842,1,966,966,0
49843,1,998,998,0
49844,1,997,997,0
49854,1,960,960,0
49855,1,970,970,0
34125,1,1035,1035,0
34126,1,1010,1010,0
34127,1,1043,1043,0
34128,1,983,983,0
35457,1,988,988,0
35153,1,1039,1039,0
35154,1,1010,1010,0
35155,1,983,983,0
35156,1,1063,1063,0
49841,1,989,989,0
35801,1,1049,1049,0
35802,1,1041,1041,0
35803,1,989,989,0
35804,1,1002,1002,0
35833,1,949,949,0
38525,1,986,986,0
38526,1,1017,1017,0
38527,1,1040,1040,0
38528,1,966,966,0
49848,1,1012,1012,0
39497,1,1040,1040,0
39498,1,986,986,0
39499,1,988,988,0
39500,1,1039,1039,0
39504,1,1012,1012,0
39501,1,1012,1012,0
39502,1,1026,1026,0
39503,1,1049,1049,0
39525,1,1008,1008,0
39528,1,991,991,0
39540,1,1048,1048,0
39545,1,985,985,0
39546,1,984,984,0
39547,1,1038,1038,0
39548,1,1034,1034,0
39541,1,1014,1014,0
39542,1,1055,1055,0
39543,1,1003,1003,0
39544,1,978,978,0
39585,1,1026,1026,0
39557,1,1032,1032,0
39558,1,1034,1034,0
39559,1,1041,1041,0
39560,1,1000,1000,0
39568,1,1010,1010,0
39612,1,1063,1063,0
39625,1,1010,1010,0
39626,1,949,949,0
39627,1,1075,1075,0
39628,1,994,994,0
40668,1,972,972,0
40697,1,948,948,0
40698,1,973,973,0
40699,1,1030,1030,0
40700,1,1037,1037,0
39526,1,1031,1031,0
39527,1,969,969,0
40665,1,1019,1019,0
40666,1,941,941,0
40667,1,1022,1022,0
39565,1,990,990,0
39566,1,946,946,0
39567,1,985,985,0
39581,1,1015,1015,0
39584,1,959,959,0
39582,1,963,963,0
39583,1,999,999,0
39609,1,958,958,0
39610,1,981,981,0
39611,1,1059,1059,0
39586,1,999,999,0
39587,1,1008,1008,0
39588,1,986,986,0
39649,1,962,962,0
39650,1,1031,1031,0
39651,1,1005,1005,0
39652,1,995,995,0
39653,1,1038,1038,0
39654,1,1015,1015,0
39656,1,925,925,0
43233,1,966,966,0
43234,1,1016,1016,0
43235,1,1036,1036,0
43236,1,1013,1013,0
43241,1,1014,1014,0
43245,1,948,948,0
43246,1,1015,1015,0
43247,1,995,995,0
43248,1,991,991,0
49840,1,1003,1003,0
46733,1,974,974,0
46734,1,1044,1044,0
46735,1,1001,1001,0
46736,1,972,972,0
47184,1,1014,1014,0
49845,1,978,978,0
49846,1,964,964,0
49847,1,1080,1080,0
49853,1,925,925,0
49856,1,984,984,0
34105,1,1009,1009,0
34106,1,1014,1014,0
34107,1,1022,1022,0
34108,1,949,949,0
34120,1,1014,1014,0
34117,1,1025,1025,0
34118,1,972,972,0
34119,1,1042,1042,0
34213,1,1017,1017,0
34216,1,1031,1031,0
35177,1,988,988,0
35178,1,998,998,0
35179,1,969,969,0
35180,1,989,989,0
35184,1,968,968,0
35181,1,972,972,0
35182,1,949,949,0
35183,1,961,961,0
35185,1,948,948,0
35186,1,1001,1001,0
35187,1,985,985,0
35188,1,1033,1033,0
35189,1,971,971,0
35190,1,979,979,0
35192,1,1008,1008,0
35191,1,960,960,0
49793,1,963,963,0
49794,1,973,973,0
49795,1,992,992,0
49796,1,990,990,0
35458,1,994,994,0
35459,1,1022,1022,0
35460,1,972,972,0
35961,1,1008,1008,0
35962,1,986,986,0
35834,1,1018,1018,0
35835,1,1011,1011,0
35836,1,1007,1007,0
35837,1,975,975,0
35840,1,1001,1001,0
35838,1,995,995,0
35839,1,1053,1053,0
42021,1,968,968,0
42022,1,1025,1025,0
42024,1,1010,1010,0
35963,1,941,941,0
35964,1,982,982,0
43449,1,1006,1006,0
43450,1,1039,1039,0
43451,1,980,980,0
36153,1,940,940,0
36154,1,1016,1016,0
36155,1,971,971,0
36156,1,1008,1008,0
36160,1,992,992,0
36157,1,974,974,0
36158,1,1030,1030,0
36159,1,976,976,0
36293,1,993,993,0
36296,1,976,976,0
36182,1,962,962,0
36183,1,1006,1006,0
36249,1,1008,1008,0
36250,1,946,946,0
36251,1,1014,1014,0
36277,1,1016,1016,0
36278,1,990,990,0
36279,1,1010,1010,0
36280,1,1013,1013,0
36305,1,956,956,0
36294,1,990,990,0
36295,1,970,970,0
39537,1,1018,1018,0
39538,1,966,966,0
39539,1,953,953,0
36306,1,973,973,0
36307,1,992,992,0
36308,1,990,990,0
39473,1,1011,1011,0
39474,1,1015,1015,0
38213,1,1038,1038,0
38214,1,1015,1015,0
38215,1,1057,1057,0
38216,1,1016,1016,0
48520,1,958,958,0
38217,1,958,958,0
38218,1,970,970,0
38219,1,997,997,0
38220,1,947,947,0
38241,1,1028,1028,0
38242,1,1021,1021,0
38243,1,979,979,0
38244,1,947,947,0
38261,1,988,988,0
38262,1,1040,1040,0
38263,1,1063,1063,0
38264,1,1033,1033,0
38280,1,979,979,0
38277,1,976,976,0
38278,1,924,924,0
38279,1,975,975,0
38281,1,958,958,0
38282,1,965,965,0
38283,1,1034,1034,0
38284,1,994,994,0
38288,1,1043,1043,0
38285,1,1005,1005,0
38286,1,994,994,0
38287,1,989,989,0
38289,1,1037,1037,0
38290,1,993,993,0
38291,1,1005,1005,0
38292,1,1041,1041,0
38293,1,945,945,0
38294,1,978,978,0
38296,1,1023,1023,0
38295,1,1006,1006,0
40161,1,924,924,0
40162,1,1021,1021,0
40163,1,1037,1037,0
40164,1,986,986,0
48517,1,961,961,0
48518,1,996,996,0
48519,1,1023,1023,0
13521,1,1006,1006,0
13522,1,1019,1019,0
13523,1,1011,1011,0
13524,1,976,976,0
13536,1,970,970,0
13533,1,993,993,0
13534,1,1018,1018,0
13535,1,1005,1005,0
13573,1,978,978,0
13576,1,1033,1033,0
13549,1,1010,1010,0
13550,1,1025,1025,0
13551,1,958,958,0
13552,1,1026,1026,0
25729,1,1017,1017,0
13553,1,1040,1040,0
13554,1,1023,1023,0
13555,1,1037,1037,0
13556,1,1038,1038,0
25800,1,952,952,0
13561,1,1001,1001,0
13562,1,979,979,0
13563,1,1032,1032,0
13564,1,1019,1019,0
27577,1,984,984,0
13574,1,1023,1023,0
13575,1,1084,1084,0
13593,1,1042,1042,0
13594,1,977,977,0
13595,1,1003,1003,0
13596,1,990,990,0
25626,1,973,973,0
25627,1,976,976,0
25628,1,993,993,0
25730,1,1041,1041,0
25731,1,998,998,0
25732,1,1015,1015,0
27578,1,1043,1043,0
27579,1,1016,1016,0
27580,1,1037,1037,0
27587,1,950,950,0
27588,1,1004,1004,0
12881,1,930,930,0
12882,1,1027,1027,0
12883,1,1066,1066,0
12884,1,1024,1024,0
12921,1,1058,1058,0
12922,1,1009,1009,0
12923,1,985,985,0
12924,1,1053,1053,0
19209,1,997,997,0
19210,1,1013,1013,0
13581,1,1007,1007,0
13582,1,1041,1041,0
13583,1,1007,1007,0
13584,1,1025,1025,0
25625,1,983,983,0
13641,1,1015,1015,0
13642,1,1009,1009,0
13643,1,992,992,0
13644,1,999,999,0
19249,1,1006,1006,0
19250,1,979,979,0
19251,1,1043,1043,0
19252,1,1017,1017,0
19256,1,988,988,0
19253,1,1050,1050,0
19254,1,990,990,0
19255,1,1039,1039,0
25598,1,1000,1000,0
25599,1,1029,1029,0
25737,1,972,972,0
25738,1,1006,1006,0
25739,1,962,962,0
25740,1,952,952,0
25817,1,1055,1055,0
25797,1,1011,1011,0
25798,1,1019,1019,0
25799,1,1020,1020,0
27585,1,1073,1073,0
27586,1,986,986,0
25818,1,967,967,0
25819,1,1016,1016,0
25820,1,1003,1003,0
31963,1,969,969,0
31964,1,957,957,0
12893,1,961,961,0
12894,1,993,993,0
12895,1,1017,1017,0
12896,1,1002,1002,0
13632,1,1054,1054,0
12901,1,1014,1014,0
12902,1,1047,1047,0
12903,1,1048,1048,0
12904,1,1021,1021,0
19304,1,965,965,0
13605,1,1007,1007,0
13606,1,1015,1015,0
13607,1,955,955,0
13608,1,965,965,0
19312,1,984,984,0
13629,1,975,975,0
13630,1,975,975,0
13631,1,989,989,0
18569,1,1063,1063,0
18570,1,967,967,0
18571,1,1000,1000,0
18572,1,997,997,0
19233,1,1017,1017,0
19234,1,983,983,0
19235,1,1040,1040,0
19211,1,977,977,0
19212,1,984,984,0
19241,1,994,994,0
19242,1,972,972,0
19243,1,1000,1000,0
19236,1,979,979,0
19261,1,980,980,0
19262,1,1055,1055,0
19263,1,973,973,0
19264,1,959,959,0
19277,1,1044,1044,0
19278,1,998,998,0
19279,1,977,977,0
19280,1,998,998,0
24480,1,982,982,0
19301,1,996,996,0
19302,1,1017,1017,0
19303,1,957,957,0
19309,1,971,971,0
19310,1,1007,1007,0
19311,1,971,971,0
24477,1,964,964,0
24478,1,966,966,0
24479,1,1003,1003,0
25597,1,983,983,0
25600,1,1045,1045,0
30062,1,1027,1027,0
30063,1,966,966,0
30070,1,1029,1029,0
30071,1,988,988,0
12734,1,970,970,0
12735,1,997,997,0
19269,1,988,988,0
19270,1,976,976,0
19272,1,1031,1031,0
12861,1,1007,1007,0
12862,1,965,965,0
12863,1,960,960,0
12864,1,1031,1031,0
24425,1,981,981,0
19244,1,1008,1008,0
19257,1,1040,1040,0
19258,1,962,962,0
19259,1,1039,1039,0
19260,1,1020,1020,0
19271,1,970,970,0
24417,1,999,999,0
24418,1,994,994,0
24419,1,1002,1002,0
24420,1,1033,1033,0
24426,1,1046,1046,0
24427,1,972,972,0
24428,1,1031,1031,0
30061,1,942,942,0
30064,1,1039,1039,0
24457,1,1053,1053,0
24458,1,961,961,0
24459,1,1021,1021,0
24460,1,1016,1016,0
24537,1,975,975,0
24497,1,966,966,0
24498,1,1012,1012,0
24499,1,1011,1011,0
24500,1,1040,1040,0
29889,1,967,967,0
24538,1,1028,1028,0
24539,1,1004,1004,0
24540,1,959,959,0
30069,1,1017,1017,0
30072,1,967,967,0
29890,1,910,910,0
29891,1,1021,1021,0
29892,1,989,989,0
31961,1,1023,1023,0
31962,1,1032,1032,0
8305,1,971,971,0
8306,1,1011,1011,0
8307,1,932,932,0
8308,1,937,937,0
20976,1,979,979,0
8709,1,997,997,0
8710,1,951,951,0
8711,1,1048,1048,0
8712,1,984,984,0
20129,1,958,958,0
12597,1,947,947,0
12598,1,967,967,0
12599,1,996,996,0
12600,1,994,994,0
12632,1,1003,1003,0
12629,1,1109,1109,0
12630,1,979,979,0
12631,1,1003,1003,0
12733,1,1015,1015,0
12736,1,957,957,0
20130,1,964,964,0
20131,1,945,945,0
20132,1,1010,1010,0
25349,1,982,982,0
25352,1,1012,1012,0
20973,1,1022,1022,0
20974,1,985,985,0
20975,1,959,959,0
22717,1,967,967,0
22720,1,913,913,0
23276,1,1046,1046,0
24421,1,940,940,0
24422,1,1025,1025,0
24423,1,1016,1016,0
24424,1,990,990,0
25350,1,938,938,0
25351,1,1007,1007,0
30861,1,949,949,0
30862,1,990,990,0
30864,1,978,978,0
25537,1,1012,1012,0
25538,1,981,981,0
25539,1,1015,1015,0
25540,1,984,984,0
30041,1,998,998,0
25927,1,1001,1001,0
30042,1,1021,1021,0
30043,1,1048,1048,0
30044,1,977,977,0
30863,1,1001,1001,0
13053,1,1053,1053,0
13054,1,1007,1007,0
13055,1,945,945,0
13056,1,1008,1008,0
22433,1,992,992,0
13385,1,953,953,0
13386,1,991,991,0
13387,1,1018,1018,0
13388,1,974,974,0
13513,1,1022,1022,0
13514,1,980,980,0
13515,1,1002,1002,0
13516,1,988,988,0
13541,1,946,946,0
13544,1,1015,1015,0
13542,1,1007,1007,0
13543,1,1019,1019,0
13601,1,975,975,0
13602,1,1013,1013,0
13603,1,957,957,0
13604,1,1058,1058,0
13621,1,1013,1013,0
13622,1,1007,1007,0
13623,1,1069,1069,0
13624,1,946,946,0
22434,1,988,988,0
22435,1,1033,1033,0
22436,1,1004,1004,0
22657,1,1023,1023,0
22658,1,987,987,0
22659,1,1035,1035,0
22660,1,1005,1005,0
25925,1,966,966,0
25926,1,998,998,0
25928,1,973,973,0
22718,1,999,999,0
22719,1,989,989,0
23273,1,986,986,0
23274,1,973,973,0
23275,1,1012,1012,0
8917,1,1002,1002,0
8918,1,992,992,0
8919,1,976,976,0
8920,1,1007,1007,0
15504,1,1005,1005,0
10465,1,1038,1038,0
10466,1,1017,1017,0
10467,1,1010,1010,0
10468,1,1011,1011,0
20712,1,1001,1001,0
10645,1,1035,1035,0
10646,1,958,958,0
10647,1,1001,1001,0
10648,1,1031,1031,0
22440,1,1004,1004,0
11489,1,1042,1042,0
11490,1,990,990,0
11491,1,1081,1081,0
11492,1,1016,1016,0
15609,1,1001,1001,0
15501,1,1021,1021,0
15502,1,1073,1073,0
15503,1,935,935,0
15610,1,1016,1016,0
15611,1,962,962,0
15612,1,1033,1033,0
20709,1,989,989,0
20710,1,1010,1010,0
20711,1,1022,1022,0
22437,1,1004,1004,0
22438,1,1075,1075,0
22439,1,1050,1050,0
13165,1,995,995,0
13166,1,974,974,0
13167,1,989,989,0
13168,1,994,994,0
19721,1,988,988,0
19513,1,999,999,0
19514,1,973,973,0
19515,1,956,956,0
19516,1,983,983,0
21832,1,943,943,0
19713,1,1007,1007,0
19714,1,990,990,0
19715,1,1023,1023,0
19716,1,1011,1011,0
23265,1,1074,1074,0
19722,1,1040,1040,0
19723,1,1028,1028,0
19724,1,991,991,0
19733,1,1000,1000,0
19734,1,993,993,0
19735,1,1008,1008,0
19736,1,1008,1008,0
21288,1,998,998,0
20121,1,1064,1064,0
20122,1,1004,1004,0
20123,1,997,997,0
20124,1,967,967,0
21504,1,973,973,0
21274,1,964,964,0
21275,1,997,997,0
21276,1,1025,1025,0
21341,1,1018,1018,0
21344,1,965,965,0
21285,1,994,994,0
21286,1,1036,1036,0
21287,1,1007,1007,0
21342,1,1041,1041,0
21343,1,1028,1028,0
21501,1,986,986,0
21502,1,950,950,0
21503,1,998,998,0
21829,1,1049,1049,0
21830,1,969,969,0
21831,1,1046,1046,0
23266,1,985,985,0
23267,1,985,985,0
23268,1,967,967,0
8473,1,997,997,0
8474,1,1039,1039,0
8475,1,997,997,0
8476,1,936,936,0
8584,1,932,932,0
11549,1,975,975,0
11550,1,1012,1012,0
11551,1,954,954,0
11552,1,1009,1009,0
20089,1,1021,1021,0
18777,1,963,963,0
18778,1,995,995,0
18779,1,1017,1017,0
18780,1,1033,1033,0
21664,1,982,982,0
19473,1,1021,1021,0
19474,1,1078,1078,0
19475,1,1068,1068,0
19476,1,1007,1007,0
21273,1,953,953,0
19625,1,1032,1032,0
19626,1,992,992,0
19627,1,1013,1013,0
19628,1,995,995,0
20185,1,1027,1027,0
19749,1,1004,1004,0
19750,1,991,991,0
19751,1,960,960,0
19752,1,1054,1054,0
23280,1,978,978,0
19769,1,988,988,0
19770,1,992,992,0
19771,1,998,998,0
19772,1,1048,1048,0
19849,1,997,997,0
19850,1,1009,1009,0
19851,1,1003,1003,0
19852,1,1063,1063,0
20090,1,1016,1016,0
20091,1,961,961,0
20092,1,980,980,0
20186,1,956,956,0
20187,1,967,967,0
20188,1,1013,1013,0
21661,1,1046,1046,0
21662,1,987,987,0
21663,1,1010,1010,0
21917,1,980,980,0
21920,1,980,980,0
21918,1,944,944,0
21919,1,1013,1013,0
23277,1,981,981,0
23278,1,1005,1005,0
23279,1,997,997,0
23597,1,1031,1031,0
23600,1,1043,1043,0
23598,1,970,970,0
23599,1,977,977,0
8581,1,990,990,0
8582,1,982,982,0
8583,1,962,962,0
8717,1,1013,1013,0
8720,1,981,981,0
8718,1,991,991,0
8719,1,1009,1009,0
9073,1,963,963,0
9074,1,1031,1031,0
9075,1,1035,1035,0
9076,1,981,981,0
9441,1,1027,1027,0
9442,1,1024,1024,0
9443,1,1058,1058,0
9444,1,1074,1074,0
10057,1,959,959,0
10058,1,1010,1010,0
10059,1,1011,1011,0
10060,1,953,953,0
10200,1,1006,1006,0
10197,1,934,934,0
10198,1,993,993,0
10199,1,1005,1005,0
10265,1,1032,1032,0
10266,1,970,970,0
10267,1,1012,1012,0
10268,1,1032,1032,0
10953,1,1003,1003,0
10954,1,994,994,0
10955,1,1072,1072,0
10956,1,1002,1002,0
14389,1,1002,1002,0
14390,1,1005,1005,0
14391,1,1002,1002,0
14392,1,980,980,0
17051,1,977,977,0
17052,1,1012,1012,0
21301,1,986,986,0
21302,1,996,996,0
21303,1,1038,1038,0
21304,1,1051,1051,0
29000,1,1028,1028,0
29171,1,1033,1033,0
29172,1,1007,1007,0
11137,1,934,934,0
11138,1,981,981,0
11139,1,1025,1025,0
11140,1,1025,1025,0
13312,1,1016,1016,0
13309,1,960,960,0
13310,1,970,970,0
13311,1,954,954,0
17049,1,1089,1089,0
17050,1,993,993,0
19377,1,989,989,0
19378,1,967,967,0
19379,1,998,998,0
19380,1,1004,1004,0
19425,1,1017,1017,0
19426,1,1004,1004,0
19427,1,1029,1029,0
19428,1,1000,1000,0
19553,1,1011,1011,0
19554,1,991,991,0
19815,1,984,984,0
20181,1,994,994,0
20182,1,1019,1019,0
20183,1,998,998,0
20184,1,1017,1017,0
27793,1,1042,1042,0
27794,1,988,988,0
27795,1,939,939,0
27796,1,976,976,0
28997,1,1022,1022,0
28998,1,1015,1015,0
28999,1,1035,1035,0
29169,1,949,949,0
29170,1,1003,1003,0
29069,1,965,965,0
29070,1,996,996,0
29071,1,1002,1002,0
29072,1,1036,1036,0
29129,1,961,961,0
29130,1,1000,1000,0
29131,1,1052,1052,0
29132,1,1069,1069,0
8977,1,1010,1010,0
8978,1,987,987,0
8979,1,946,946,0
8980,1,1003,1003,0
11049,1,1026,1026,0
11050,1,980,980,0
11051,1,990,990,0
11052,1,1028,1028,0
21049,1,991,991,0
21050,1,993,993,0
12137,1,957,957,0
12138,1,1000,1000,0
12139,1,977,977,0
12140,1,1019,1019,0
28473,1,1039,1039,0
17098,1,974,974,0
17099,1,972,972,0
17100,1,1007,1007,0
19555,1,1011,1011,0
19556,1,1000,1000,0
19813,1,1045,1045,0
19814,1,1003,1003,0
19816,1,1036,1036,0
20677,1,949,949,0
20678,1,980,980,0
20679,1,970,970,0
20680,1,1079,1079,0
20792,1,989,989,0
20838,1,1040,1040,0
20839,1,1026,1026,0
22277,1,918,918,0
22278,1,973,973,0
22280,1,995,995,0
21051,1,1023,1023,0
21052,1,1018,1018,0
21641,1,1003,1003,0
21642,1,1029,1029,0
21643,1,968,968,0
21644,1,1050,1050,0
22279,1,1027,1027,0
28474,1,992,992,0
28475,1,995,995,0
28476,1,1021,1021,0
9773,1,1013,1013,0
9774,1,1030,1030,0
9775,1,1004,1004,0
9776,1,980,980,0
17097,1,1077,1077,0
17141,1,1022,1022,0
17142,1,960,960,0
17143,1,1020,1020,0
17144,1,974,974,0
17369,1,1035,1035,0
17370,1,978,978,0
17371,1,1038,1038,0
17372,1,1044,1044,0
20245,1,1035,1035,0
20246,1,1022,1022,0
20247,1,1044,1044,0
20248,1,1034,1034,0
20384,1,1014,1014,0
20381,1,974,974,0
20382,1,994,994,0
20383,1,1008,1008,0
20789,1,996,996,0
20790,1,1041,1041,0
20791,1,1029,1029,0
20837,1,1055,1055,0
20840,1,997,997,0
40113,1,966,966,0
40114,1,1016,1016,0
40115,1,946,946,0
40116,1,948,948,0
40145,1,1006,1006,0
40146,1,988,988,0
40147,1,1060,1060,0
40148,1,1022,1022,0
40157,1,1016,1016,0
40160,1,948,948,0
40158,1,1024,1024,0
40159,1,997,997,0
43025,1,1015,1015,0
43026,1,1009,1009,0
43027,1,997,997,0
40373,1,1026,1026,0
40374,1,1032,1032,0
40375,1,992,992,0
40376,1,992,992,0
42584,1,988,988,0
42429,1,976,976,0
42430,1,992,992,0
42431,1,989,989,0
42432,1,990,990,0
43032,1,1006,1006,0
42441,1,1039,1039,0
42442,1,978,978,0
42443,1,948,948,0
42444,1,990,990,0
43880,1,1017,1017,0
42750,1,977,977,0
42751,1,984,984,0
43028,1,1014,1014,0
43054,1,998,998,0
43055,1,1039,1039,0
43138,1,1030,1030,0
43139,1,962,962,0
43140,1,1033,1033,0
43188,1,1014,1014,0
43877,1,1015,1015,0
43878,1,976,976,0
43879,1,975,975,0
40426,1,1003,1003,0
40427,1,973,973,0
40428,1,1000,1000,0
42581,1,1000,1000,0
42582,1,981,981,0
42583,1,982,982,0
42749,1,1035,1035,0
42752,1,962,962,0
42733,1,1024,1024,0
42734,1,1021,1021,0
42735,1,1007,1007,0
42736,1,1067,1067,0
43137,1,1064,1064,0
42945,1,997,997,0
42946,1,983,983,0
42947,1,1007,1007,0
42948,1,938,938,0
43272,1,966,966,0
43029,1,969,969,0
43030,1,960,960,0
43031,1,994,994,0
43161,1,1050,1050,0
43162,1,1021,1021,0
43045,1,1005,1005,0
43046,1,1005,1005,0
43047,1,994,994,0
43048,1,974,974,0
43049,1,981,981,0
43050,1,960,960,0
43051,1,954,954,0
43052,1,1047,1047,0
43053,1,962,962,0
43056,1,981,981,0
43141,1,1066,1066,0
43142,1,985,985,0
43143,1,977,977,0
43163,1,1015,1015,0
43164,1,1006,1006,0
43185,1,968,968,0
43186,1,1030,1030,0
43187,1,989,989,0
40125,1,967,967,0
40126,1,970,970,0
40127,1,1039,1039,0
40128,1,997,997,0
43144,1,980,980,0
40213,1,1029,1029,0
40214,1,1013,1013,0
40215,1,1020,1020,0
40216,1,968,968,0
40425,1,1003,1003,0
40277,1,990,990,0
40278,1,978,978,0
40279,1,981,981,0
40280,1,984,984,0
40353,1,977,977,0
40354,1,1016,1016,0
40355,1,1014,1014,0
40356,1,1017,1017,0
40441,1,1024,1024,0
40442,1,1041,1041,0
40443,1,963,963,0
40444,1,1016,1016,0
42449,1,978,978,0
42450,1,988,988,0
42451,1,1008,1008,0
42452,1,1012,1012,0
43264,1,931,931,0
43089,1,1035,1035,0
43090,1,955,955,0
43091,1,1012,1012,0
43092,1,1028,1028,0
43105,1,976,976,0
43106,1,1030,1030,0
43107,1,982,982,0
43108,1,1031,1031,0
43261,1,997,997,0
43262,1,1033,1033,0
43263,1,1030,1030,0
43285,1,970,970,0
43288,1,1079,1079,0
43269,1,1028,1028,0
43270,1,988,988,0
43271,1,1006,1006,0
43286,1,994,994,0
43287,1,1033,1033,0
40217,1,1013,1013,0
40218,1,994,994,0
40219,1,1023,1023,0
40220,1,1018,1018,0
40225,1,990,990,0
40226,1,956,956,0
40227,1,1024,1024,0
40228,1,983,983,0
43037,1,991,991,0
43038,1,957,957,0
43039,1,1000,1000,0
43040,1,938,938,0
43201,1,1004,1004,0
43097,1,1003,1003,0
43098,1,1040,1040,0
43099,1,1002,1002,0
43100,1,1014,1014,0
43113,1,1027,1027,0
43114,1,1035,1035,0
43115,1,1027,1027,0
43116,1,998,998,0
43202,1,984,984,0
43203,1,1017,1017,0
43204,1,1014,1014,0
43209,1,960,960,0
43210,1,1011,1011,0
43211,1,992,992,0
43212,1,962,962,0
43280,1,1005,1005,0
43265,1,997,997,0
43266,1,999,999,0
43267,1,976,976,0
43268,1,992,992,0
43281,1,1018,1018,0
43277,1,980,980,0
43278,1,980,980,0
43279,1,987,987,0
43282,1,1017,1017,0
43283,1,973,973,0
43284,1,1039,1039,0
37,1,1018,1018,0
38,1,975,975,0
39,1,999,999,0
40,1,1015,1015,0
225,1,1017,1017,0
57,1,984,984,0
58,1,987,987,0
59,1,1005,1005,0
60,1,985,985,0
88,1,960,960,0
65,1,1037,1037,0
66,1,1007,1007,0
67,1,1012,1012,0
68,1,980,980,0
80,1,1008,1008,0
77,1,1017,1017,0
78,1,1006,1006,0
79,1,970,970,0
125,1,1041,1041,0
128,1,1027,1027,0
107,1,985,985,0
108,1,1078,1078,0
273,1,995,995,0
274,1,997,997,0
275,1,977,977,0
254,1,1035,1035,0
255,1,1001,1001,0
473,1,979,979,0
474,1,1012,1012,0
475,1,1009,1009,0
276,1,1029,1029,0
421,1,951,951,0
422,1,954,954,0
423,1,996,996,0
424,1,955,955,0
476,1,1030,1030,0
577,1,998,998,0
578,1,1015,1015,0
579,1,962,962,0
580,1,1005,1005,0
623,1,991,991,0
3981,1,1038,1038,0
3982,1,965,965,0
3983,1,1044,1044,0
7990,1,976,976,0
7991,1,1053,1053,0
126,1,1050,1050,0
127,1,994,994,0
137,1,1024,1024,0
138,1,1022,1022,0
139,1,1000,1000,0
140,1,1004,1004,0
165,1,996,996,0
166,1,1017,1017,0
167,1,1011,1011,0
168,1,1016,1016,0
185,1,1023,1023,0
186,1,981,981,0
187,1,1033,1033,0
188,1,1018,1018,0
208,1,970,970,0
205,1,998,998,0
206,1,1033,1033,0
207,1,1039,1039,0
245,1,985,985,0
248,1,1041,1041,0
226,1,1037,1037,0
227,1,1030,1030,0
228,1,1047,1047,0
253,1,1016,1016,0
256,1,977,977,0
246,1,1007,1007,0
247,1,1048,1048,0
313,1,984,984,0
314,1,993,993,0
315,1,1034,1034,0
316,1,1033,1033,0
361,1,971,971,0
362,1,1056,1056,0
363,1,1019,1019,0
364,1,953,953,0
381,1,1003,1003,0
382,1,1107,1107,0
383,1,964,964,0
384,1,1006,1006,0
464,1,1016,1016,0
501,1,958,958,0
502,1,963,963,0
503,1,963,963,0
504,1,986,986,0
3992,1,1045,1045,0
547,1,1019,1019,0
548,1,965,965,0
621,1,979,979,0
622,1,973,973,0
624,1,1032,1032,0
601,1,960,960,0
602,1,1020,1020,0
603,1,1039,1039,0
604,1,1046,1046,0
3984,1,963,963,0
85,1,1071,1071,0
86,1,1045,1045,0
87,1,1022,1022,0
105,1,975,975,0
106,1,972,972,0
337,1,1048,1048,0
338,1,1004,1004,0
339,1,982,982,0
340,1,1011,1011,0
1369,1,994,994,0
461,1,1031,1031,0
462,1,996,996,0
463,1,1018,1018,0
545,1,1029,1029,0
546,1,981,981,0
1370,1,1052,1052,0
1371,1,1006,1006,0
1372,1,1001,1001,0
1373,1,967,967,0
1376,1,975,975,0
1374,1,974,974,0
1375,1,1018,1018,0
3989,1,1043,1043,0
3990,1,988,988,0
3991,1,996,996,0
7989,1,957,957,0
7992,1,1024,1024,0
12081,1,974,974,0
12082,1,1012,1012,0
12083,1,1011,1011,0
12084,1,1034,1034,0
18817,1,1022,1022,0
19073,1,1025,1025,0
19074,1,1031,1031,0
19075,1,993,993,0
19076,1,1003,1003,0
19433,1,1044,1044,0
19405,1,1027,1027,0
19406,1,987,987,0
19407,1,1002,1002,0
19408,1,1061,1061,0
19601,1,956,956,0
19434,1,1042,1042,0
19435,1,1007,1007,0
19436,1,1032,1032,0
19437,1,1020,1020,0
19440,1,1005,1005,0
19438,1,988,988,0
19439,1,977,977,0
19445,1,999,999,0
19446,1,1013,1013,0
19447,1,1032,1032,0
19448,1,1012,1012,0
21264,1,1004,1004,0
19602,1,1029,1029,0
19603,1,1006,1006,0
19604,1,1016,1016,0
19661,1,990,990,0
19662,1,1052,1052,0
19663,1,1004,1004,0
19664,1,1002,1002,0
19809,1,968,968,0
19810,1,1005,1005,0
19811,1,996,996,0
19812,1,993,993,0
21261,1,1002,1002,0
21262,1,985,985,0
21263,1,1038,1038,0
22995,1,1008,1008,0
22996,1,987,987,0
13881,1,994,994,0
13882,1,1026,1026,0
13883,1,1006,1006,0
13884,1,1013,1013,0
29272,1,991,991,0
13933,1,977,977,0
13934,1,987,987,0
13935,1,1044,1044,0
13936,1,982,982,0
29160,1,1016,1016,0
13969,1,1033,1033,0
13970,1,925,925,0
13971,1,967,967,0
13972,1,988,988,0
21657,1,957,957,0
18818,1,1001,1001,0
18819,1,971,971,0
18820,1,1025,1025,0
22993,1,1010,1010,0
22994,1,1038,1038,0
21453,1,1008,1008,0
21454,1,931,931,0
21455,1,1023,1023,0
21456,1,960,960,0
29041,1,984,984,0
21658,1,1008,1008,0
21659,1,1045,1045,0
21660,1,995,995,0
29181,1,957,957,0
29184,1,982,982,0
29029,1,1035,1035,0
29030,1,1005,1005,0
29031,1,1013,1013,0
29042,1,995,995,0
29043,1,982,982,0
29044,1,996,996,0
29121,1,990,990,0
29122,1,1061,1061,0
29123,1,986,986,0
29124,1,977,977,0
29377,1,991,991,0
29378,1,981,981,0
29379,1,984,984,0
29157,1,1000,1000,0
29158,1,994,994,0
29159,1,1010,1010,0
29401,1,1022,1022,0
29402,1,1024,1024,0
29182,1,1046,1046,0
29183,1,1022,1022,0
29309,1,956,956,0
29310,1,975,975,0
29312,1,996,996,0
29249,1,1014,1014,0
29250,1,990,990,0
29251,1,979,979,0
29252,1,1008,1008,0
29257,1,933,933,0
29258,1,1010,1010,0
29259,1,980,980,0
29260,1,974,974,0
29393,1,978,978,0
29394,1,1051,1051,0
29311,1,990,990,0
29348,1,1019,1019,0
29489,1,962,962,0
29490,1,983,983,0
29491,1,1021,1021,0
29492,1,1023,1023,0
29380,1,1002,1002,0
29395,1,1013,1013,0
29396,1,974,974,0
29403,1,949,949,0
29404,1,1013,1013,0
13861,1,934,934,0
13862,1,962,962,0
13863,1,1005,1005,0
13864,1,1045,1045,0
29032,1,974,974,0
14045,1,986,986,0
14046,1,1025,1025,0
14047,1,986,986,0
14048,1,1030,1030,0
14136,1,1000,1000,0
14133,1,972,972,0
14134,1,1048,1048,0
14135,1,1050,1050,0
19005,1,985,985,0
19006,1,1037,1037,0
19007,1,1017,1017,0
19008,1,975,975,0
20360,1,970,970,0
20357,1,938,938,0
20358,1,1003,1003,0
20359,1,941,941,0
20661,1,1037,1037,0
20662,1,979,979,0
20663,1,945,945,0
20664,1,984,984,0
23128,1,981,981,0
22871,1,958,958,0
23125,1,979,979,0
23126,1,999,999,0
23127,1,989,989,0
29269,1,1032,1032,0
29270,1,1021,1021,0
29271,1,980,980,0
29329,1,996,996,0
29330,1,1022,1022,0
29331,1,1052,1052,0
29332,1,996,996,0
29345,1,973,973,0
29346,1,1036,1036,0
29347,1,984,984,0
8785,1,962,962,0
8786,1,1006,1006,0
8787,1,1027,1027,0
8788,1,1041,1041,0
8872,1,1017,1017,0
8869,1,990,990,0
8870,1,1002,1002,0
8871,1,1030,1030,0
18969,1,984,984,0
18970,1,1007,1007,0
18971,1,962,962,0
18972,1,935,935,0
22869,1,1005,1005,0
22870,1,1001,1001,0
22872,1,1074,1074,0
20653,1,1014,1014,0
20654,1,985,985,0
20655,1,1010,1010,0
20656,1,1025,1025,0
22136,1,1016,1016,0
20917,1,953,953,0
20918,1,995,995,0
20919,1,1028,1028,0
20920,1,1054,1054,0
29849,1,1025,1025,0
20965,1,1021,1021,0
20966,1,1050,1050,0
20967,1,993,993,0
20968,1,964,964,0
23177,1,1041,1041,0
22133,1,991,991,0
22134,1,1031,1031,0
22135,1,1012,1012,0
23178,1,1003,1003,0
23179,1,1014,1014,0
23180,1,1019,1019,0
29850,1,979,979,0
29851,1,1001,1001,0
29852,1,996,996,0
35657,1,999,999,0
35658,1,1045,1045,0
35659,1,984,984,0
35660,1,961,961,0
35688,1,998,998,0
37325,1,1054,1054,0
37326,1,1010,1010,0
37327,1,999,999,0
37328,1,1046,1046,0
47121,1,1003,1003,0
42345,1,1007,1007,0
42346,1,1007,1007,0
42347,1,980,980,0
42348,1,1017,1017,0
42777,1,1040,1040,0
42778,1,969,969,0
42779,1,1015,1015,0
42780,1,1001,1001,0
48237,1,972,972,0
48240,1,987,987,0
44533,1,983,983,0
44534,1,977,977,0
44535,1,1013,1013,0
44536,1,1022,1022,0
47408,1,1003,1003,0
47122,1,1005,1005,0
47123,1,1002,1002,0
47124,1,984,984,0
48238,1,992,992,0
48239,1,1021,1021,0
48433,1,1032,1032,0
48434,1,1002,1002,0
48435,1,1012,1012,0
48266,1,999,999,0
48267,1,983,983,0
48268,1,1015,1015,0
48321,1,1032,1032,0
48322,1,953,953,0
48436,1,982,982,0
48481,1,1025,1025,0
48482,1,951,951,0
48483,1,979,979,0
48484,1,1003,1003,0
48988,1,1011,1011,0
35685,1,1005,1005,0
35686,1,986,986,0
35687,1,1065,1065,0
35793,1,1025,1025,0
35794,1,1050,1050,0
35795,1,974,974,0
35796,1,1016,1016,0
42357,1,1024,1024,0
42358,1,1024,1024,0
42360,1,985,985,0
44754,1,960,960,0
44755,1,1029,1029,0
44756,1,1006,1006,0
45853,1,1032,1032,0
45854,1,1011,1011,0
45855,1,1019,1019,0
45856,1,1031,1031,0
48265,1,1011,1011,0
46243,1,986,986,0
46244,1,1011,1011,0
47405,1,995,995,0
47406,1,1030,1030,0
47407,1,1068,1068,0
47629,1,971,971,0
47632,1,1014,1014,0
48323,1,1033,1033,0
48324,1,1039,1039,0
48397,1,1005,1005,0
48398,1,1031,1031,0
48400,1,1013,1013,0
48399,1,968,968,0
48445,1,1075,1075,0
48446,1,994,994,0
48447,1,990,990,0
48448,1,1021,1021,0
48550,1,1055,1055,0
48551,1,995,995,0
49753,1,992,992,0
49754,1,1014,1014,0
49755,1,1029,1029,0
34169,1,989,989,0
34170,1,1035,1035,0
34171,1,1020,1020,0
34172,1,1050,1050,0
34449,1,952,952,0
34450,1,1066,1066,0
34451,1,968,968,0
34452,1,988,988,0
41317,1,1027,1027,0
41320,1,970,970,0
34537,1,1024,1024,0
34538,1,1015,1015,0
34539,1,977,977,0
34540,1,985,985,0
44768,1,1009,1009,0
40669,1,968,968,0
40670,1,1038,1038,0
40671,1,1005,1005,0
40672,1,971,971,0
44817,1,1021,1021,0
41318,1,1010,1010,0
41319,1,1048,1048,0
44765,1,937,937,0
44766,1,1017,1017,0
44767,1,1000,1000,0
44818,1,1011,1011,0
44819,1,1009,1009,0
44820,1,993,993,0
46241,1,986,986,0
46242,1,1017,1017,0
48477,1,984,984,0
48478,1,1049,1049,0
48479,1,1063,1063,0
48480,1,1054,1054,0
48528,1,987,987,0
48525,1,1022,1022,0
48526,1,1052,1052,0
48527,1,994,994,0
48549,1,1032,1032,0
48552,1,960,960,0
38866,1,1035,1035,0
38867,1,996,996,0
38868,1,1065,1065,0
41065,1,1080,1080,0
41066,1,1016,1016,0
41333,1,986,986,0
41334,1,953,953,0
41335,1,988,988,0
44341,1,1046,1046,0
44342,1,959,959,0
44343,1,1005,1005,0
44344,1,1032,1032,0
44753,1,996,996,0
45529,1,1005,1005,0
45530,1,981,981,0
45531,1,993,993,0
45532,1,971,971,0
46360,1,1034,1034,0
45827,1,966,966,0
45828,1,993,993,0
46570,1,959,959,0
46571,1,1046,1046,0
46572,1,1004,1004,0
47297,1,990,990,0
47298,1,971,971,0
47230,1,940,940,0
47231,1,941,941,0
47299,1,987,987,0
47300,1,1006,1006,0
47307,1,1001,1001,0
47308,1,974,974,0
47334,1,1033,1033,0
47335,1,1039,1039,0
47378,1,1042,1042,0
47379,1,1003,1003,0
47380,1,1055,1055,0
49756,1,955,955,0
49817,1,1046,1046,0
49818,1,1058,1058,0
49819,1,1014,1014,0
49820,1,1010,1010,0
38393,1,986,986,0
38394,1,962,962,0
38395,1,981,981,0
38396,1,964,964,0
45777,1,1030,1030,0
45778,1,1056,1056,0
45779,1,1005,1005,0
45780,1,1004,1004,0
45825,1,950,950,0
45826,1,1006,1006,0
46372,1,1024,1024,0
46593,1,1038,1038,0
46594,1,951,951,0
46595,1,1018,1018,0
46596,1,947,947,0
46597,1,1003,1003,0
46598,1,993,993,0
46599,1,1006,1006,0
46600,1,993,993,0
47137,1,961,961,0
47138,1,979,979,0
47139,1,1021,1021,0
47140,1,940,940,0
47157,1,1022,1022,0
47160,1,979,979,0
47158,1,986,986,0
47159,1,990,990,0
47189,1,958,958,0
47190,1,1002,1002,0
47192,1,1028,1028,0
47191,1,1000,1000,0
47197,1,1025,1025,0
47198,1,991,991,0
47199,1,901,901,0
47200,1,1065,1065,0
47285,1,1026,1026,0
47286,1,1021,1021,0
47287,1,983,983,0
47288,1,991,991,0
47296,1,984,984,0
47293,1,989,989,0
47294,1,1006,1006,0
47295,1,973,973,0
47333,1,1038,1038,0
47336,1,971,971,0
40841,1,984,984,0
40842,1,912,912,0
40843,1,1051,1051,0
40844,1,1005,1005,0
41336,1,994,994,0
45293,1,977,977,0
45294,1,989,989,0
45295,1,1029,1029,0
45296,1,989,989,0
45561,1,1035,1035,0
45445,1,981,981,0
45446,1,943,943,0
45447,1,999,999,0
45448,1,1015,1015,0
47169,1,982,982,0
45562,1,1051,1051,0
45563,1,1024,1024,0
45564,1,987,987,0
45773,1,1001,1001,0
45776,1,1078,1078,0
45774,1,1038,1038,0
45775,1,981,981,0
46349,1,983,983,0
46350,1,1005,1005,0
46352,1,1025,1025,0
46351,1,994,994,0
46353,1,1012,1012,0
46354,1,985,985,0
46355,1,1004,1004,0
46356,1,1041,1041,0
46357,1,987,987,0
46358,1,1034,1034,0
46359,1,996,996,0
46361,1,1064,1064,0
46362,1,994,994,0
46363,1,1006,1006,0
46364,1,1024,1024,0
46369,1,993,993,0
46370,1,1068,1068,0
46371,1,962,962,0
46581,1,998,998,0
46582,1,998,998,0
46583,1,1019,1019,0
46584,1,1080,1080,0
47377,1,966,966,0
46617,1,1037,1037,0
46618,1,987,987,0
46619,1,974,974,0
46620,1,1003,1003,0
46624,1,986,986,0
46621,1,1022,1022,0
46622,1,985,985,0
46623,1,1043,1043,0
47305,1,1067,1067,0
47306,1,1044,1044,0
47170,1,983,983,0
47171,1,987,987,0
47172,1,1007,1007,0
47229,1,1005,1005,0
47232,1,963,963,0
34289,1,958,958,0
34290,1,986,986,0
34291,1,1030,1030,0
34292,1,1006,1006,0
43120,1,964,964,0
37525,1,979,979,0
37526,1,994,994,0
37527,1,1025,1025,0
37528,1,980,980,0
41073,1,972,972,0
38209,1,1003,1003,0
38210,1,978,978,0
38211,1,997,997,0
38212,1,960,960,0
47409,1,1016,1016,0
41074,1,1056,1056,0
41075,1,970,970,0
41076,1,988,988,0
43117,1,1034,1034,0
43118,1,993,993,0
43119,1,1010,1010,0
44209,1,973,973,0
44210,1,971,971,0
44211,1,1031,1031,0
44212,1,955,955,0
49201,1,1039,1039,0
46321,1,1050,1050,0
46322,1,1053,1053,0
46323,1,1013,1013,0
46324,1,1034,1034,0
46569,1,1007,1007,0
47410,1,1036,1036,0
47411,1,1008,1008,0
47412,1,999,999,0
49202,1,1011,1011,0
49203,1,986,986,0
49204,1,1084,1084,0
33209,1,1043,1043,0
33210,1,955,955,0
33211,1,974,974,0
33212,1,994,994,0
34704,1,976,976,0
34437,1,993,993,0
34438,1,994,994,0
34439,1,1006,1006,0
34440,1,1001,1001,0
38865,1,978,978,0
34701,1,1011,1011,0
34702,1,991,991,0
34703,1,972,972,0
34717,1,1019,1019,0
34720,1,1037,1037,0
34718,1,1014,1014,0
34719,1,1018,1018,0
35593,1,967,967,0
35594,1,954,954,0
35595,1,959,959,0
35633,1,955,955,0
35634,1,991,991,0
35635,1,975,975,0
35636,1,1027,1027,0
48272,1,1017,1017,0
41067,1,1020,1020,0
41068,1,953,953,0
42359,1,1011,1011,0
47630,1,1028,1028,0
47631,1,1041,1041,0
48269,1,1006,1006,0
48270,1,1021,1021,0
48271,1,1033,1033,0
48377,1,940,940,0
48378,1,980,980,0
48379,1,931,931,0
48380,1,1049,1049,0
48493,1,1009,1009,0
48494,1,1009,1009,0
48495,1,971,971,0
48496,1,1016,1016,0
32937,1,973,973,0
32938,1,957,957,0
32939,1,1039,1039,0
32940,1,977,977,0
34937,1,951,951,0
34938,1,1009,1009,0
34939,1,1032,1032,0
34940,1,980,980,0
40917,1,1015,1015,0
40920,1,1021,1021,0
35596,1,1032,1032,0
35601,1,958,958,0
35602,1,993,993,0
35603,1,992,992,0
35604,1,1018,1018,0
35725,1,1023,1023,0
35726,1,944,944,0
35727,1,968,968,0
35728,1,1044,1044,0
35768,1,1019,1019,0
35765,1,960,960,0
35766,1,945,945,0
35767,1,995,995,0
35781,1,1046,1046,0
35784,1,988,988,0
35782,1,959,959,0
35783,1,1002,1002,0
38577,1,979,979,0
38578,1,964,964,0
38579,1,1042,1042,0
38580,1,1018,1018,0
41997,1,969,969,0
41998,1,1003,1003,0
41999,1,970,970,0
42000,1,1006,1006,0
40918,1,1011,1011,0
40919,1,1018,1018,0
48985,1,981,981,0
48986,1,980,980,0
48987,1,994,994,0
10053,1,981,981,0
10054,1,1014,1014,0
10055,1,976,976,0
10056,1,990,990,0
16353,1,1076,1076,0
10605,1,966,966,0
10606,1,979,979,0
10607,1,1009,1009,0
10873,1,960,960,0
10874,1,1005,1005,0
10875,1,1052,1052,0
10876,1,1077,1077,0
11721,1,997,997,0
10949,1,962,962,0
10950,1,972,972,0
10951,1,1010,1010,0
10952,1,1027,1027,0
11129,1,993,993,0
11077,1,1044,1044,0
11078,1,1028,1028,0
11079,1,970,970,0
11722,1,1001,1001,0
11723,1,948,948,0
11724,1,1028,1028,0
11889,1,988,988,0
11890,1,966,966,0
11891,1,958,958,0
11892,1,1032,1032,0
16321,1,1013,1013,0
16322,1,996,996,0
16323,1,1048,1048,0
16324,1,956,956,0
20304,1,1009,1009,0
16354,1,970,970,0
16355,1,985,985,0
16356,1,987,987,0
17149,1,1023,1023,0
17150,1,1019,1019,0
17151,1,1005,1005,0
17726,1,995,995,0
17727,1,1005,1005,0
20301,1,956,956,0
20302,1,1038,1038,0
20303,1,1010,1010,0
8269,1,1009,1009,0
8270,1,973,973,0
8271,1,1008,1008,0
8272,1,986,986,0
29937,1,1033,1033,0
10249,1,1036,1036,0
10250,1,1013,1013,0
10251,1,993,993,0
10252,1,999,999,0
19313,1,1043,1043,0
10321,1,984,984,0
10322,1,1005,1005,0
10323,1,984,984,0
10324,1,1056,1056,0
11080,1,1064,1064,0
10409,1,1006,1006,0
10410,1,1011,1011,0
10411,1,1019,1019,0
10412,1,1021,1021,0
10608,1,995,995,0
10489,1,957,957,0
10490,1,1001,1001,0
10491,1,931,931,0
10492,1,1055,1055,0
11625,1,1020,1020,0
10625,1,1012,1012,0
10626,1,1064,1064,0
10627,1,951,951,0
10628,1,1016,1016,0
17152,1,1030,1030,0
11130,1,973,973,0
11131,1,993,993,0
11132,1,1026,1026,0
17725,1,1035,1035,0
17728,1,980,980,0
11626,1,1014,1014,0
11627,1,1017,1017,0
11628,1,986,986,0
19314,1,1054,1054,0
19315,1,1040,1040,0
19316,1,1011,1011,0
29938,1,973,973,0
29939,1,1012,1012,0
29940,1,1017,1017,0
26597,1,1011,1011,0
26598,1,951,951,0
26599,1,1032,1032,0
26600,1,990,990,0
30208,1,977,977,0
30077,1,947,947,0
30078,1,994,994,0
30079,1,978,978,0
30080,1,972,972,0
30120,1,1008,1008,0
30109,1,1030,1030,0
30110,1,993,993,0
30111,1,967,967,0
30112,1,982,982,0
30121,1,964,964,0
30117,1,1048,1048,0
30118,1,1036,1036,0
30119,1,1037,1037,0
30181,1,1019,1019,0
30184,1,990,990,0
30122,1,994,994,0
30123,1,953,953,0
30124,1,963,963,0
30141,1,1017,1017,0
30144,1,994,994,0
30142,1,995,995,0
30143,1,1029,1029,0
30173,1,991,991,0
30174,1,1051,1051,0
30176,1,1050,1050,0
30175,1,1045,1045,0
30225,1,998,998,0
30226,1,1009,1009,0
30227,1,1048,1048,0
30228,1,988,988,0
30182,1,1039,1039,0
30183,1,1043,1043,0
30217,1,1009,1009,0
30218,1,978,978,0
30219,1,972,972,0
30205,1,1013,1013,0
30206,1,984,984,0
30207,1,1072,1072,0
30220,1,996,996,0
30265,1,954,954,0
30266,1,1003,1003,0
30267,1,1046,1046,0
30268,1,1005,1005,0
30277,1,1024,1024,0
30278,1,1009,1009,0
30279,1,1008,1008,0
30280,1,1029,1029,0
17402,1,1015,1015,0
17403,1,936,936,0
17404,1,997,997,0
20769,1,1026,1026,0
20770,1,1021,1021,0
20771,1,1002,1002,0
20772,1,1040,1040,0
21880,1,965,965,0
21877,1,954,954,0
21878,1,1051,1051,0
21879,1,1018,1018,0
29901,1,979,979,0
29902,1,980,980,0
29903,1,1042,1042,0
29904,1,980,980,0
30104,1,1014,1014,0
30081,1,1053,1053,0
30082,1,1027,1027,0
30083,1,974,974,0
30084,1,977,977,0
30129,1,1002,1002,0
30097,1,985,985,0
30098,1,1022,1022,0
30099,1,1011,1011,0
30100,1,1005,1005,0
30185,1,1011,1011,0
30101,1,1039,1039,0
30102,1,954,954,0
30103,1,962,962,0
30153,1,1041,1041,0
30154,1,993,993,0
30130,1,1011,1011,0
30131,1,1042,1042,0
30132,1,1041,1041,0
30273,1,973,973,0
30274,1,1047,1047,0
30155,1,1020,1020,0
30156,1,968,968,0
30285,1,1026,1026,0
30286,1,1018,1018,0
30288,1,1024,1024,0
30186,1,927,927,0
30187,1,1024,1024,0
30188,1,991,991,0
30237,1,924,924,0
30240,1,1020,1020,0
30238,1,971,971,0
30239,1,995,995,0
30275,1,1045,1045,0
30276,1,947,947,0
31620,1,1000,1000,0
10449,1,904,904,0
10450,1,959,959,0
10451,1,959,959,0
10452,1,1019,1019,0
20160,1,1026,1026,0
32861,1,1001,1001,0
32862,1,997,997,0
32863,1,1000,1000,0
32864,1,1010,1010,0
32872,1,1057,1057,0
32949,1,979,979,0
32950,1,1027,1027,0
32951,1,1047,1047,0
33053,1,1029,1029,0
33056,1,960,960,0
33037,1,980,980,0
33038,1,974,974,0
33039,1,1036,1036,0
33040,1,1004,1004,0
33264,1,1005,1005,0
33054,1,991,991,0
33055,1,991,991,0
33149,1,982,982,0
33150,1,957,957,0
33152,1,1042,1042,0
33145,1,963,963,0
33146,1,968,968,0
33147,1,977,977,0
33148,1,984,984,0
33153,1,990,990,0
33151,1,994,994,0
33225,1,999,999,0
33226,1,1003,1003,0
33227,1,1021,1021,0
33228,1,995,995,0
37426,1,988,988,0
37427,1,954,954,0
37428,1,1011,1011,0
38329,1,1031,1031,0
38330,1,1075,1075,0
38157,1,1000,1000,0
38158,1,993,993,0
38159,1,967,967,0
38165,1,1032,1032,0
38168,1,945,945,0
38172,1,1024,1024,0
49009,1,1039,1039,0
49010,1,975,975,0
49011,1,1019,1019,0
49012,1,964,964,0
38333,1,984,984,0
38334,1,1022,1022,0
38335,1,1004,1004,0
38336,1,1030,1030,0
38625,1,965,965,0
38365,1,1003,1003,0
38366,1,1071,1071,0
38367,1,1014,1014,0
38368,1,1020,1020,0
38713,1,1013,1013,0
38623,1,951,951,0
49529,1,1006,1006,0
49530,1,1036,1036,0
49531,1,991,991,0
49532,1,947,947,0
38626,1,1021,1021,0
38627,1,996,996,0
38628,1,1033,1033,0
43041,1,989,989,0
43042,1,944,944,0
38714,1,1022,1022,0
38715,1,981,981,0
38716,1,997,997,0
44225,1,1039,1039,0
44226,1,947,947,0
43043,1,964,964,0
43044,1,1009,1009,0
49565,1,1008,1008,0
49566,1,957,957,0
49568,1,980,980,0
44001,1,1006,1006,0
44002,1,938,938,0
44003,1,924,924,0
44004,1,1076,1076,0
46417,1,1039,1039,0
37929,1,993,993,0
37930,1,1063,1063,0
37931,1,1034,1034,0
37932,1,1042,1042,0
37992,1,967,967,0
37989,1,1009,1009,0
37990,1,1093,1093,0
37991,1,968,968,0
38133,1,984,984,0
38134,1,1052,1052,0
38135,1,975,975,0
38136,1,992,992,0
38360,1,985,985,0
38353,1,971,971,0
38354,1,1016,1016,0
38355,1,1019,1019,0
38356,1,935,935,0
46385,1,1012,1012,0
38357,1,1022,1022,0
38358,1,947,947,0
38359,1,973,973,0
38629,1,982,982,0
38632,1,985,985,0
38361,1,994,994,0
38362,1,1070,1070,0
38363,1,971,971,0
38364,1,1048,1048,0
49552,1,965,965,0
38630,1,1020,1020,0
38631,1,989,989,0
49577,1,1013,1013,0
49578,1,1001,1001,0
49579,1,1021,1021,0
46386,1,994,994,0
46387,1,1013,1013,0
46388,1,941,941,0
49509,1,1063,1063,0
49512,1,940,940,0
49510,1,973,973,0
49511,1,1008,1008,0
49549,1,950,950,0
49550,1,997,997,0
49551,1,965,965,0
49580,1,1004,1004,0
37937,1,1023,1023,0
37938,1,1049,1049,0
37939,1,979,979,0
37940,1,976,976,0
37984,1,971,971,0
37945,1,971,971,0
37946,1,999,999,0
37947,1,1003,1003,0
37948,1,989,989,0
38024,1,921,921,0
37957,1,1025,1025,0
37958,1,980,980,0
37959,1,986,986,0
37960,1,1041,1041,0
38009,1,967,967,0
37981,1,995,995,0
37982,1,997,997,0
37983,1,964,964,0
37985,1,993,993,0
37986,1,974,974,0
38018,1,1030,1030,0
38019,1,986,986,0
38020,1,1023,1023,0
38061,1,1003,1003,0
38064,1,991,991,0
38054,1,1043,1043,0
38055,1,985,985,0
38062,1,1017,1017,0
38063,1,1014,1014,0
38076,1,1000,1000,0
38081,1,1022,1022,0
38082,1,985,985,0
38083,1,1035,1035,0
38084,1,980,980,0
38154,1,933,933,0
38155,1,988,988,0
38156,1,1006,1006,0
38309,1,1013,1013,0
38312,1,999,999,0
38316,1,1070,1070,0
49517,1,966,966,0
49518,1,989,989,0
49519,1,948,948,0
49520,1,985,985,0
38319,1,934,934,0
38321,1,990,990,0
38322,1,992,992,0
38323,1,1003,1003,0
38324,1,1005,1005,0
38328,1,953,953,0
38325,1,972,972,0
38326,1,1020,1020,0
38327,1,999,999,0
45125,1,1015,1015,0
45128,1,989,989,0
41449,1,997,997,0
41450,1,964,964,0
41451,1,971,971,0
41452,1,943,943,0
49057,1,1018,1018,0
45126,1,1008,1008,0
45127,1,1021,1021,0
48545,1,995,995,0
48546,1,980,980,0
48547,1,989,989,0
48548,1,980,980,0
49058,1,1025,1025,0
49059,1,1012,1012,0
49060,1,986,986,0
37941,1,1012,1012,0
37942,1,989,989,0
37943,1,994,994,0
37944,1,1105,1105,0
38017,1,998,998,0
37987,1,989,989,0
37988,1,967,967,0
38317,1,977,977,0
38318,1,1011,1011,0
38320,1,1025,1025,0
38010,1,996,996,0
38011,1,1003,1003,0
38012,1,1023,1023,0
38013,1,999,999,0
38016,1,963,963,0
38014,1,1026,1026,0
38015,1,1058,1058,0
38073,1,1024,1024,0
38074,1,1049,1049,0
38075,1,974,974,0
38021,1,1081,1081,0
38022,1,1034,1034,0
38023,1,1002,1002,0
38053,1,987,987,0
38056,1,1035,1035,0
38049,1,1013,1013,0
38050,1,1009,1009,0
38051,1,1014,1014,0
38052,1,1043,1043,0
38153,1,1061,1061,0
38310,1,988,988,0
38311,1,995,995,0
38313,1,996,996,0
38314,1,999,999,0
38315,1,1040,1040,0
42804,1,968,968,0
45801,1,1017,1017,0
45802,1,1023,1023,0
45803,1,1008,1008,0
45804,1,984,984,0
46968,1,984,984,0
46825,1,1004,1004,0
46826,1,992,992,0
46827,1,1062,1062,0
46828,1,1012,1012,0
46953,1,1024,1024,0
46845,1,1021,1021,0
46846,1,1004,1004,0
46847,1,1007,1007,0
46848,1,960,960,0
48720,1,1041,1041,0
46965,1,1000,1000,0
46966,1,1009,1009,0
46967,1,997,997,0
47985,1,975,975,0
47986,1,1005,1005,0
47987,1,984,984,0
47988,1,973,973,0
48061,1,1010,1010,0
48062,1,960,960,0
48063,1,1018,1018,0
48064,1,1033,1033,0
48097,1,1027,1027,0
48174,1,1040,1040,0
48175,1,1044,1044,0
48177,1,960,960,0
48178,1,1002,1002,0
48179,1,1031,1031,0
48180,1,980,980,0
48601,1,1029,1029,0
48602,1,1007,1007,0
48603,1,948,948,0
48604,1,1034,1034,0
48674,1,1066,1066,0
48675,1,979,979,0
48676,1,970,970,0
48777,1,1011,1011,0
48778,1,973,973,0
48717,1,972,972,0
48718,1,928,928,0
48719,1,976,976,0
48779,1,975,975,0
48780,1,1009,1009,0
48789,1,1019,1019,0
48790,1,1033,1033,0
48792,1,1036,1036,0
48791,1,977,977,0
49933,1,1042,1042,0
49934,1,1005,1005,0
49935,1,974,974,0
49949,1,985,985,0
49952,1,999,999,0
49950,1,1054,1054,0
49951,1,985,985,0
38491,1,992,992,0
38492,1,989,989,0
40205,1,1008,1008,0
40206,1,970,970,0
40207,1,988,988,0
40429,1,1044,1044,0
40432,1,993,993,0
40430,1,961,961,0
40431,1,995,995,0
41741,1,959,959,0
41742,1,992,992,0
41744,1,994,994,0
41743,1,1014,1014,0
42529,1,962,962,0
42530,1,1061,1061,0
42531,1,949,949,0
42532,1,1018,1018,0
42828,1,1015,1015,0
46038,1,1008,1008,0
46039,1,983,983,0
46076,1,988,988,0
46131,1,998,998,0
46132,1,1032,1032,0
48122,1,1043,1043,0
48123,1,992,992,0
48124,1,963,963,0
48129,1,951,951,0
48130,1,984,984,0
48131,1,945,945,0
48132,1,987,987,0
48133,1,983,983,0
48134,1,950,950,0
48136,1,988,988,0
48213,1,973,973,0
48214,1,964,964,0
48215,1,975,975,0
48216,1,1001,1001,0
48704,1,1048,1048,0
48701,1,1003,1003,0
48702,1,1016,1016,0
48703,1,961,961,0
48725,1,994,994,0
48728,1,993,993,0
49722,1,975,975,0
49723,1,1026,1026,0
49724,1,915,915,0
32309,1,1012,1012,0
32310,1,1007,1007,0
32311,1,975,975,0
32312,1,1009,1009,0
32720,1,1017,1017,0
40062,1,982,982,0
40063,1,1009,1009,0
40201,1,961,961,0
40202,1,1003,1003,0
40203,1,1030,1030,0
40065,1,1047,1047,0
40066,1,1014,1014,0
40067,1,1026,1026,0
40068,1,965,965,0
40208,1,1029,1029,0
40204,1,998,998,0
40221,1,1010,1010,0
40222,1,1041,1041,0
40223,1,980,980,0
40224,1,981,981,0
40209,1,980,980,0
40210,1,1000,1000,0
40211,1,1025,1025,0
40212,1,1025,1025,0
41865,1,1017,1017,0
41293,1,979,979,0
41294,1,1003,1003,0
41295,1,966,966,0
41296,1,1047,1047,0
41568,1,957,957,0
41565,1,975,975,0
41566,1,954,954,0
41567,1,988,988,0
45973,1,1031,1031,0
45976,1,1008,1008,0
41866,1,969,969,0
41867,1,1015,1015,0
41868,1,1004,1004,0
41869,1,970,970,0
41872,1,961,961,0
41870,1,981,981,0
41871,1,929,929,0
48069,1,968,968,0
48070,1,1013,1013,0
48072,1,1007,1007,0
42538,1,1023,1023,0
42539,1,970,970,0
42540,1,983,983,0
42645,1,1027,1027,0
42648,1,966,966,0
42646,1,1000,1000,0
42647,1,948,948,0
42665,1,1056,1056,0
42666,1,978,978,0
42667,1,969,969,0
42668,1,927,927,0
42693,1,998,998,0
42694,1,995,995,0
42695,1,946,946,0
42696,1,963,963,0
42697,1,959,959,0
42698,1,969,969,0
42699,1,1018,1018,0
42700,1,1040,1040,0
42744,1,937,937,0
45974,1,1002,1002,0
45975,1,976,976,0
46073,1,960,960,0
46074,1,1003,1003,0
46075,1,994,994,0
46041,1,976,976,0
46042,1,1031,1031,0
46043,1,976,976,0
46044,1,1011,1011,0
49721,1,992,992,0
46293,1,980,980,0
46294,1,1006,1006,0
46295,1,986,986,0
48071,1,962,962,0
48089,1,1062,1062,0
48090,1,1032,1032,0
48091,1,1060,1060,0
48092,1,968,968,0
48098,1,1005,1005,0
48099,1,973,973,0
48100,1,1068,1068,0
48173,1,977,977,0
48176,1,1031,1031,0
48117,1,974,974,0
48118,1,1038,1038,0
48119,1,1000,1000,0
48120,1,1028,1028,0
48121,1,1051,1051,0
48135,1,1030,1030,0
48141,1,1015,1015,0
48142,1,1012,1012,0
48143,1,1058,1058,0
48144,1,974,974,0
48669,1,1081,1081,0
48670,1,1020,1020,0
48671,1,961,961,0
48672,1,982,982,0
48673,1,988,988,0
48726,1,1001,1001,0
48727,1,1038,1038,0
48737,1,994,994,0
48738,1,972,972,0
48739,1,1047,1047,0
48740,1,1016,1016,0
49825,1,1061,1061,0
49826,1,966,966,0
49827,1,1024,1024,0
49828,1,1031,1031,0
49737,1,1018,1018,0
49738,1,999,999,0
49739,1,1044,1044,0
49740,1,1004,1004,0
49936,1,986,986,0
32641,1,933,933,0
32642,1,1048,1048,0
32643,1,981,981,0
32644,1,982,982,0
33032,1,1035,1035,0
32717,1,1021,1021,0
32718,1,1007,1007,0
32719,1,1002,1002,0
32953,1,954,954,0
32954,1,969,969,0
32955,1,1030,1030,0
32956,1,1004,1004,0
33265,1,998,998,0
33266,1,988,988,0
33267,1,967,967,0
32981,1,1011,1011,0
32982,1,1013,1013,0
32983,1,1045,1045,0
32984,1,1019,1019,0
34344,1,1007,1007,0
33029,1,1014,1014,0
33030,1,1050,1050,0
33031,1,1038,1038,0
38489,1,1023,1023,0
38490,1,978,978,0
33268,1,959,959,0
33725,1,956,956,0
33726,1,987,987,0
33727,1,957,957,0
33728,1,1003,1003,0
33321,1,1069,1069,0
33322,1,1018,1018,0
33323,1,996,996,0
33324,1,963,963,0
38337,1,983,983,0
34341,1,1035,1035,0
34342,1,1028,1028,0
34343,1,968,968,0
39573,1,1030,1030,0
39576,1,1072,1072,0
37909,1,982,982,0
37910,1,994,994,0
37911,1,944,944,0
37912,1,989,989,0
44849,1,990,990,0
39574,1,958,958,0
39575,1,984,984,0
40029,1,992,992,0
40030,1,1027,1027,0
40032,1,1041,1041,0
40025,1,1007,1007,0
40026,1,1025,1025,0
40027,1,1057,1057,0
40028,1,1048,1048,0
40033,1,978,978,0
40031,1,1013,1013,0
40049,1,967,967,0
40050,1,980,980,0
40051,1,953,953,0
40052,1,1010,1010,0
40034,1,964,964,0
40035,1,985,985,0
40036,1,976,976,0
40037,1,971,971,0
40040,1,969,969,0
40038,1,992,992,0
40039,1,957,957,0
42565,1,963,963,0
42566,1,965,965,0
42568,1,1009,1009,0
40053,1,1024,1024,0
40054,1,1007,1007,0
40055,1,1054,1054,0
40056,1,1019,1019,0
40057,1,1024,1024,0
40058,1,961,961,0
40059,1,990,990,0
40060,1,980,980,0
40061,1,989,989,0
40064,1,1047,1047,0
40561,1,1021,1021,0
40562,1,998,998,0
40563,1,972,972,0
40564,1,952,952,0
46105,1,962,962,0
40581,1,992,992,0
40582,1,1041,1041,0
40583,1,1004,1004,0
40584,1,1074,1074,0
42537,1,931,931,0
42567,1,967,967,0
42573,1,995,995,0
42574,1,1008,1008,0
42575,1,1009,1009,0
42576,1,985,985,0
42577,1,1011,1011,0
42578,1,988,988,0
42579,1,1004,1004,0
42580,1,936,936,0
42624,1,1022,1022,0
42621,1,956,956,0
42622,1,1008,1008,0
42623,1,1009,1009,0
42805,1,1007,1007,0
42808,1,1055,1055,0
42741,1,1051,1051,0
42742,1,961,961,0
42743,1,1018,1018,0
42793,1,1011,1011,0
42794,1,1039,1039,0
42795,1,1008,1008,0
42796,1,951,951,0
42801,1,1023,1023,0
42802,1,943,943,0
42803,1,1066,1066,0
42806,1,1018,1018,0
42807,1,1004,1004,0
42825,1,972,972,0
42826,1,976,976,0
42827,1,1067,1067,0
44850,1,1021,1021,0
44851,1,966,966,0
44852,1,1021,1021,0
46037,1,982,982,0
46040,1,1016,1016,0
46106,1,967,967,0
46107,1,993,993,0
46108,1,1030,1030,0
46129,1,994,994,0
46130,1,1000,1000,0
46149,1,1029,1029,0
46150,1,1033,1033,0
46151,1,997,997,0
46152,1,993,993,0
46296,1,984,984,0
46954,1,1032,1032,0
46955,1,997,997,0
46956,1,1012,1012,0
47013,1,983,983,0
47016,1,1045,1045,0
47014,1,1017,1017,0
47015,1,1015,1015,0
47057,1,1000,1000,0
47058,1,1003,1003,0
47059,1,1055,1055,0
47060,1,1017,1017,0
47073,1,1038,1038,0
47074,1,1030,1030,0
47075,1,1021,1021,0
47076,1,977,977,0
49127,1,990,990,0
49145,1,995,995,0
49146,1,1013,1013,0
49147,1,970,970,0
49148,1,988,988,0
32257,1,1012,1012,0
32258,1,984,984,0
32259,1,973,973,0
32260,1,1029,1029,0
41193,1,978,978,0
32889,1,1026,1026,0
32890,1,978,978,0
32891,1,954,954,0
32892,1,1006,1006,0
32952,1,988,988,0
32966,1,1054,1054,0
32967,1,1008,1008,0
32997,1,961,961,0
32998,1,938,938,0
33000,1,1000,1000,0
32999,1,992,992,0
33093,1,957,957,0
33094,1,1047,1047,0
33095,1,970,970,0
33096,1,1003,1003,0
38160,1,996,996,0
33154,1,974,974,0
33155,1,1057,1057,0
33156,1,952,952,0
39933,1,951,951,0
39936,1,1007,1007,0
33261,1,1022,1022,0
33262,1,1023,1023,0
33263,1,1006,1006,0
45069,1,1016,1016,0
45072,1,1000,1000,0
38338,1,1048,1048,0
38339,1,1030,1030,0
38340,1,959,959,0
45085,1,1028,1028,0
45088,1,1080,1080,0
39934,1,990,990,0
39935,1,1001,1001,0
41194,1,1015,1015,0
41195,1,996,996,0
41196,1,977,977,0
44227,1,1010,1010,0
44228,1,979,979,0
45086,1,1038,1038,0
45087,1,1005,1005,0
49125,1,1016,1016,0
49126,1,1018,1018,0
49128,1,998,998,0
49543,1,1030,1030,0
49567,1,993,993,0
49581,1,1016,1016,0
49582,1,978,978,0
49583,1,1017,1017,0
49584,1,1032,1032,0
49589,1,1007,1007,0
49590,1,1036,1036,0
49591,1,993,993,0
49731,1,1010,1010,0
49732,1,1028,1028,0
49929,1,1051,1051,0
49930,1,1027,1027,0
49931,1,1031,1031,0
49932,1,960,960,0
32869,1,1004,1004,0
32870,1,1018,1018,0
32871,1,975,975,0
32965,1,1040,1040,0
32968,1,986,986,0
33113,1,1028,1028,0
33114,1,991,991,0
33115,1,994,994,0
33116,1,982,982,0
37425,1,1057,1057,0
37569,1,1009,1009,0
37570,1,990,990,0
37571,1,980,980,0
37572,1,990,990,0
43745,1,1047,1047,0
38166,1,1002,1002,0
38167,1,1008,1008,0
38169,1,1029,1029,0
38170,1,1007,1007,0
38171,1,1021,1021,0
38331,1,1027,1027,0
38332,1,1039,1039,0
38621,1,995,995,0
38622,1,1071,1071,0
38624,1,999,999,0
43746,1,969,969,0
43747,1,1009,1009,0
43748,1,971,971,0
44049,1,960,960,0
44050,1,970,970,0
44051,1,997,997,0
44052,1,1008,1008,0
49541,1,979,979,0
49542,1,1027,1027,0
49544,1,952,952,0
45070,1,1003,1003,0
45071,1,923,923,0
45649,1,969,969,0
45650,1,974,974,0
45651,1,965,965,0
45652,1,994,994,0
47593,1,1026,1026,0
47594,1,983,983,0
47595,1,1050,1050,0
47596,1,987,987,0
46418,1,984,984,0
46419,1,975,975,0
46420,1,1001,1001,0
49729,1,1061,1061,0
49730,1,973,973,0
49553,1,975,975,0
49554,1,986,986,0
49555,1,1004,1004,0
49556,1,1007,1007,0
49592,1,1037,1037,0
9177,1,973,973,0
9178,1,980,980,0
9179,1,1033,1033,0
9180,1,998,998,0
9673,1,951,951,0
13849,1,931,931,0
13850,1,974,974,0
13851,1,994,994,0
13852,1,993,993,0
20120,1,1008,1008,0
17617,1,1001,1001,0
17618,1,1030,1030,0
17619,1,1073,1073,0
17620,1,1014,1014,0
21896,1,1013,1013,0
20117,1,952,952,0
20118,1,977,977,0
20119,1,978,978,0
20811,1,1001,1001,0
20812,1,998,998,0
21893,1,997,997,0
21894,1,1008,1008,0
21895,1,988,988,0
22229,1,1004,1004,0
22230,1,959,959,0
22231,1,980,980,0
22232,1,1001,1001,0
31489,1,1067,1067,0
22669,1,984,984,0
22670,1,983,983,0
22671,1,953,953,0
29389,1,982,982,0
29390,1,989,989,0
29391,1,934,934,0
29897,1,963,963,0
29898,1,992,992,0
29899,1,894,894,0
29900,1,1002,1002,0
30145,1,1011,1011,0
30146,1,1018,1018,0
30147,1,1029,1029,0
30148,1,1034,1034,0
31490,1,988,988,0
31491,1,1073,1073,0
31492,1,966,966,0
8741,1,1023,1023,0
8742,1,1032,1032,0
8743,1,951,951,0
8744,1,1013,1013,0
10776,1,995,995,0
9674,1,947,947,0
9675,1,960,960,0
9676,1,1020,1020,0
20809,1,942,942,0
20810,1,1038,1038,0
10117,1,1024,1024,0
10118,1,982,982,0
10119,1,1014,1014,0
10120,1,938,938,0
16208,1,1011,1011,0
10773,1,988,988,0
10774,1,975,975,0
10775,1,965,965,0
16205,1,929,929,0
16206,1,995,995,0
16207,1,1007,1007,0
19761,1,980,980,0
19762,1,985,985,0
19763,1,997,997,0
19764,1,1004,1004,0
22672,1,1046,1046,0
21781,1,1035,1035,0
21782,1,1066,1066,0
21783,1,983,983,0
21784,1,964,964,0
22225,1,991,991,0
22226,1,1006,1006,0
22227,1,1050,1050,0
22228,1,1015,1015,0
25857,1,1000,1000,0
25858,1,941,941,0
25859,1,1029,1029,0
25860,1,943,943,0
29392,1,1033,1033,0
28018,1,1010,1010,0
28019,1,1007,1007,0
28020,1,1010,1010,0
20333,1,936,936,0
20334,1,992,992,0
20335,1,997,997,0
20336,1,977,977,0
28017,1,1007,1007,0
309,1,1042,1042,0
310,1,1056,1056,0
311,1,989,989,0
312,1,1025,1025,0
321,1,1000,1000,0
1065,1,998,998,0
1066,1,993,993,0
1067,1,1010,1010,0
1068,1,991,991,0
3233,1,1007,1007,0
2769,1,922,922,0
2770,1,1043,1043,0
2771,1,980,980,0
2772,1,995,995,0
2880,1,986,986,0
2817,1,1044,1044,0
2818,1,999,999,0
2819,1,988,988,0
2820,1,1011,1011,0
3672,1,1002,1002,0
2877,1,934,934,0
2878,1,971,971,0
2879,1,1012,1012,0
3025,1,972,972,0
3026,1,994,994,0
3027,1,984,984,0
3028,1,1019,1019,0
3193,1,1063,1063,0
3194,1,997,997,0
3195,1,978,978,0
3196,1,1001,1001,0
3234,1,999,999,0
3235,1,975,975,0
3236,1,937,937,0
3521,1,992,992,0
3522,1,971,971,0
3523,1,1026,1026,0
3524,1,1080,1080,0
3669,1,1026,1026,0
3670,1,1004,1004,0
3671,1,958,958,0
3675,1,976,976,0
3676,1,992,992,0
4706,1,1053,1053,0
4707,1,999,999,0
4708,1,995,995,0
322,1,1014,1014,0
323,1,1024,1024,0
324,1,977,977,0
3673,1,1021,1021,0
3674,1,962,962,0
4089,1,970,970,0
4090,1,1057,1057,0
4091,1,1033,1033,0
4092,1,1048,1048,0
4705,1,943,943,0
4733,1,936,936,0
4734,1,980,980,0
4735,1,1056,1056,0
4736,1,1019,1019,0
38237,1,1002,1002,0
38238,1,999,999,0
38239,1,958,958,0
38267,1,1027,1027,0
38268,1,969,969,0
38270,1,985,985,0
38271,1,1041,1041,0
38438,1,971,971,0
38439,1,989,989,0
38725,1,1013,1013,0
38726,1,1035,1035,0
38727,1,954,954,0
40716,1,1031,1031,0
40829,1,996,996,0
40830,1,1007,1007,0
40831,1,981,981,0
42043,1,976,976,0
42044,1,979,979,0
42877,1,949,949,0
42878,1,1048,1048,0
42879,1,993,993,0
42883,1,990,990,0
42884,1,958,958,0
43102,1,1012,1012,0
43103,1,1010,1010,0
43146,1,985,985,0
43147,1,1029,1029,0
43148,1,992,992,0
43957,1,1065,1065,0
43958,1,1075,1075,0
43959,1,1013,1013,0
45470,1,963,963,0
45471,1,989,989,0
49813,1,969,969,0
49814,1,1038,1038,0
49815,1,979,979,0
49834,1,949,949,0
49835,1,919,919,0
49836,1,987,987,0
49851,1,992,992,0
49852,1,965,965,0
32133,1,1006,1006,0
32134,1,1027,1027,0
32135,1,995,995,0
32136,1,953,953,0
38000,1,1001,1001,0
32961,1,1029,1029,0
32962,1,1011,1011,0
32963,1,1016,1016,0
32964,1,998,998,0
33320,1,982,982,0
33317,1,975,975,0
33318,1,1002,1002,0
33319,1,930,930,0
40673,1,1014,1014,0
40674,1,1016,1016,0
35853,1,1012,1012,0
35854,1,1020,1020,0
35855,1,1018,1018,0
35856,1,989,989,0
40649,1,1050,1050,0
36861,1,1000,1000,0
36862,1,944,944,0
36863,1,980,980,0
36864,1,985,985,0
38728,1,991,991,0
37597,1,1002,1002,0
37598,1,962,962,0
37599,1,1012,1012,0
37600,1,1032,1032,0
43960,1,962,962,0
37797,1,987,987,0
37798,1,997,997,0
37799,1,973,973,0
37800,1,990,990,0
42880,1,995,995,0
38225,1,1019,1019,0
38226,1,993,993,0
38227,1,952,952,0
38228,1,943,943,0
38240,1,968,968,0
38253,1,985,985,0
38254,1,975,975,0
38255,1,1028,1028,0
38256,1,941,941,0
38273,1,981,981,0
38274,1,991,991,0
38275,1,960,960,0
38276,1,1020,1020,0
38437,1,953,953,0
38440,1,978,978,0
38417,1,1012,1012,0
38418,1,985,985,0
38419,1,980,980,0
38420,1,1018,1018,0
49816,1,1003,1003,0
40085,1,981,981,0
40086,1,980,980,0
40087,1,974,974,0
40088,1,1009,1009,0
42873,1,997,997,0
40650,1,1018,1018,0
40651,1,1008,1008,0
40652,1,1021,1021,0
43101,1,1013,1013,0
43104,1,965,965,0
43402,1,988,988,0
43403,1,981,981,0
43404,1,953,953,0
45469,1,1036,1036,0
45472,1,926,926,0
32969,1,1006,1006,0
32970,1,1045,1045,0
32971,1,980,980,0
32972,1,1039,1039,0
43401,1,1088,1088,0
35065,1,1049,1049,0
35066,1,1041,1041,0
35067,1,979,979,0
35068,1,998,998,0
40832,1,961,961,0
37997,1,1061,1061,0
37998,1,1000,1000,0
37999,1,976,976,0
49849,1,1025,1025,0
49850,1,1042,1042,0
38101,1,1018,1018,0
38102,1,1056,1056,0
38103,1,978,978,0
38104,1,1022,1022,0
38233,1,993,993,0
38234,1,1046,1046,0
38235,1,1045,1045,0
38236,1,947,947,0
38265,1,1068,1068,0
38266,1,1003,1003,0
38245,1,965,965,0
38246,1,1040,1040,0
38247,1,1008,1008,0
38248,1,1068,1068,0
38257,1,985,985,0
38258,1,1052,1052,0
38259,1,986,986,0
38260,1,1008,1008,0
38269,1,979,979,0
38272,1,1036,1036,0
40469,1,1078,1078,0
40470,1,936,936,0
40471,1,987,987,0
40472,1,984,984,0
49833,1,956,956,0
40675,1,962,962,0
40676,1,1033,1033,0
40713,1,1031,1031,0
40714,1,1002,1002,0
40715,1,1007,1007,0
42289,1,951,951,0
42290,1,1041,1041,0
42291,1,976,976,0
42292,1,1039,1039,0
43145,1,1015,1015,0
42874,1,969,969,0
42875,1,996,996,0
42876,1,1037,1037,0
42881,1,952,952,0
42882,1,978,978,0
35805,1,975,975,0
35806,1,1006,1006,0
35807,1,1040,1040,0
35808,1,968,968,0
35816,1,999,999,0
35813,1,967,967,0
35814,1,961,961,0
35815,1,980,980,0
42041,1,1010,1010,0
42042,1,989,989,0
44525,1,1003,1003,0
44526,1,1021,1021,0
44527,1,973,973,0
44528,1,975,975,0
44761,1,1059,1059,0
44762,1,1046,1046,0
44763,1,995,995,0
44764,1,1037,1037,0
12185,1,1034,1034,0
12186,1,998,998,0
12187,1,1009,1009,0
12188,1,968,968,0
12233,1,958,958,0
12234,1,1041,1041,0
12235,1,1001,1001,0
12236,1,959,959,0
19457,1,926,926,0
19458,1,1054,1054,0
19453,1,992,992,0
19454,1,1038,1038,0
19455,1,947,947,0
19456,1,954,954,0
20408,1,995,995,0
19459,1,995,995,0
19460,1,1018,1018,0
19525,1,946,946,0
19526,1,993,993,0
19527,1,958,958,0
19528,1,974,974,0
19584,1,954,954,0
19581,1,1022,1022,0
19582,1,991,991,0
19583,1,1033,1033,0
19585,1,992,992,0
19586,1,1071,1071,0
19633,1,941,941,0
19634,1,1008,1008,0
19635,1,966,966,0
19636,1,960,960,0
21433,1,1047,1047,0
19645,1,996,996,0
19646,1,1006,1006,0
19647,1,1026,1026,0
19801,1,925,925,0
19802,1,977,977,0
19803,1,1007,1007,0
19804,1,1001,1001,0
21840,1,951,951,0
20310,1,993,993,0
20311,1,1024,1024,0
20405,1,987,987,0
20406,1,962,962,0
20407,1,1011,1011,0
21321,1,1037,1037,0
21322,1,1038,1038,0
21323,1,1004,1004,0
21324,1,1000,1000,0
21434,1,1013,1013,0
21435,1,941,941,0
21436,1,1008,1008,0
21849,1,996,996,0
21850,1,982,982,0
21837,1,980,980,0
21838,1,1011,1011,0
21839,1,1056,1056,0
21851,1,1001,1001,0
21852,1,1003,1003,0
8797,1,991,991,0
8798,1,974,974,0
8799,1,1005,1005,0
8800,1,1032,1032,0
9241,1,1029,1029,0
9242,1,955,955,0
9243,1,1006,1006,0
9244,1,1005,1005,0
10681,1,1023,1023,0
10682,1,988,988,0
10677,1,982,982,0
10678,1,983,983,0
10679,1,1019,1019,0
10680,1,1024,1024,0
23201,1,973,973,0
12145,1,1002,1002,0
12146,1,1001,1001,0
12147,1,1058,1058,0
12148,1,1065,1065,0
19648,1,1030,1030,0
14453,1,986,986,0
14454,1,971,971,0
14455,1,1041,1041,0
19587,1,995,995,0
19588,1,956,956,0
19653,1,1038,1038,0
19654,1,1040,1040,0
19656,1,1031,1031,0
19655,1,988,988,0
19741,1,1028,1028,0
19742,1,1044,1044,0
19743,1,991,991,0
19744,1,997,997,0
20101,1,1019,1019,0
20102,1,1045,1045,0
20103,1,952,952,0
20104,1,999,999,0
20169,1,974,974,0
20170,1,1034,1034,0
20171,1,989,989,0
20172,1,957,957,0
20309,1,952,952,0
20312,1,1049,1049,0
23202,1,974,974,0
23203,1,1036,1036,0
23204,1,1084,1084,0
29221,1,1006,1006,0
29224,1,974,974,0
29351,1,988,988,0
29419,1,991,991,0
29420,1,952,952,0
13665,1,997,997,0
13666,1,1006,1006,0
13667,1,913,913,0
13668,1,1037,1037,0
29161,1,1036,1036,0
13957,1,1013,1013,0
13958,1,961,961,0
13959,1,977,977,0
13960,1,1070,1070,0
29368,1,988,988,0
13977,1,1003,1003,0
13978,1,1017,1017,0
13979,1,1033,1033,0
13980,1,964,964,0
14344,1,1012,1012,0
14105,1,1027,1027,0
14106,1,996,996,0
14107,1,1005,1005,0
14108,1,999,999,0
14153,1,1052,1052,0
14154,1,948,948,0
14155,1,1008,1008,0
14156,1,979,979,0
14257,1,992,992,0
14258,1,994,994,0
14259,1,1011,1011,0
14260,1,983,983,0
14281,1,994,994,0
14282,1,1060,1060,0
14283,1,954,954,0
14284,1,1009,1009,0
14441,1,1012,1012,0
14442,1,958,958,0
14443,1,1027,1027,0
14444,1,970,970,0
29162,1,1013,1013,0
29163,1,914,914,0
29164,1,1028,1028,0
29477,1,1008,1008,0
29480,1,987,987,0
29241,1,995,995,0
29242,1,955,955,0
29243,1,1042,1042,0
29244,1,1046,1046,0
29478,1,989,989,0
29479,1,993,993,0
31193,1,982,982,0
31194,1,1018,1018,0
31195,1,1012,1012,0
31196,1,1017,1017,0
10683,1,1007,1007,0
10684,1,1001,1001,0
10761,1,1032,1032,0
10762,1,1044,1044,0
10763,1,991,991,0
10764,1,989,989,0
18321,1,977,977,0
18322,1,1015,1015,0
18323,1,1080,1080,0
18324,1,1029,1029,0
14173,1,1046,1046,0
14174,1,1020,1020,0
14175,1,1019,1019,0
14176,1,1042,1042,0
14456,1,1015,1015,0
14341,1,949,949,0
14342,1,1026,1026,0
14343,1,983,983,0
29289,1,1038,1038,0
29290,1,981,981,0
14369,1,987,987,0
14370,1,1017,1017,0
14371,1,994,994,0
14372,1,1044,1044,0
18113,1,1008,1008,0
18114,1,1006,1006,0
18115,1,1009,1009,0
18116,1,1034,1034,0
29417,1,1072,1072,0
29418,1,1010,1010,0
29222,1,951,951,0
29223,1,1011,1011,0
29349,1,974,974,0
29350,1,961,961,0
29352,1,1056,1056,0
29291,1,985,985,0
29292,1,1016,1016,0
29369,1,1014,1014,0
29370,1,980,980,0
29371,1,973,973,0
29365,1,1004,1004,0
29366,1,1000,1000,0
29367,1,991,991,0
29372,1,1010,1010,0
29497,1,1019,1019,0
29498,1,1015,1015,0
29499,1,973,973,0
29500,1,1001,1001,0
8217,1,1012,1012,0
8218,1,1027,1027,0
8219,1,993,993,0
8220,1,1033,1033,0
21057,1,1006,1006,0
10141,1,978,978,0
10142,1,1007,1007,0
10143,1,955,955,0
10144,1,965,965,0
16120,1,931,931,0
13997,1,1043,1043,0
13998,1,1044,1044,0
13999,1,1032,1032,0
14000,1,1003,1003,0
14057,1,1018,1018,0
14058,1,1054,1054,0
14059,1,1023,1023,0
14060,1,1006,1006,0
14213,1,984,984,0
14216,1,1009,1009,0
14214,1,994,994,0
14215,1,994,994,0
14321,1,1005,1005,0
14322,1,960,960,0
14323,1,973,973,0
14324,1,1000,1000,0
29409,1,1012,1012,0
29410,1,955,955,0
29411,1,1008,1008,0
29412,1,1038,1038,0
16117,1,1019,1019,0
16118,1,1003,1003,0
16119,1,1030,1030,0
29217,1,1044,1044,0
29218,1,989,989,0
29219,1,958,958,0
29220,1,1029,1029,0
29280,1,1011,1011,0
29277,1,999,999,0
29278,1,994,994,0
29279,1,985,985,0
31227,1,999,999,0
31228,1,1004,1004,0
15405,1,955,955,0
15406,1,1008,1008,0
15407,1,1076,1076,0
15408,1,1037,1037,0
19017,1,937,937,0
15425,1,977,977,0
15426,1,974,974,0
15427,1,986,986,0
15428,1,1041,1041,0
28720,1,1011,1011,0
15513,1,997,997,0
15514,1,950,950,0
15515,1,1035,1035,0
15516,1,1061,1061,0
17033,1,1045,1045,0
17034,1,1028,1028,0
17035,1,1009,1009,0
17036,1,1004,1004,0
19018,1,946,946,0
19019,1,991,991,0
19020,1,981,981,0
20813,1,948,948,0
20814,1,923,923,0
20816,1,979,979,0
20815,1,970,970,0
20913,1,993,993,0
20914,1,1030,1030,0
20915,1,1050,1050,0
20916,1,990,990,0
21058,1,1035,1035,0
21059,1,1048,1048,0
21060,1,937,937,0
31225,1,1048,1048,0
31226,1,920,920,0
21093,1,1059,1059,0
21094,1,1021,1021,0
21095,1,994,994,0
21096,1,994,994,0
22272,1,987,987,0
22269,1,986,986,0
22270,1,986,986,0
22271,1,1023,1023,0
28717,1,991,991,0
28718,1,1018,1018,0
28719,1,983,983,0
46841,1,1064,1064,0
46842,1,1044,1044,0
46843,1,975,975,0
46844,1,1065,1065,0
46849,1,960,960,0
46850,1,1016,1016,0
46851,1,1024,1024,0
46852,1,945,945,0
46865,1,943,943,0
46866,1,981,981,0
46867,1,978,978,0
46868,1,1021,1021,0
46936,1,974,974,0
46933,1,1022,1022,0
46934,1,1000,1000,0
46935,1,952,952,0
47045,1,984,984,0
47048,1,960,960,0
47046,1,956,956,0
47047,1,1012,1012,0
48181,1,965,965,0
48182,1,965,965,0
48183,1,1005,1005,0
48185,1,975,975,0
48186,1,957,957,0
48187,1,976,976,0
48188,1,1040,1040,0
48633,1,956,956,0
48634,1,1047,1047,0
48635,1,1081,1081,0
48636,1,996,996,0
48713,1,1003,1003,0
48714,1,1014,1014,0
48715,1,999,999,0
48716,1,1010,1010,0
48785,1,960,960,0
48786,1,1021,1021,0
48787,1,1006,1006,0
49937,1,1040,1040,0
49938,1,979,979,0
49939,1,1014,1014,0
49940,1,969,969,0
50269,1,341,341,0
32617,1,977,977,0
32618,1,1000,1000,0
32619,1,1005,1005,0
32620,1,966,966,0
40928,1,1002,1002,0
33197,1,984,984,0
33198,1,958,958,0
33199,1,986,986,0
33200,1,962,962,0
48184,1,1018,1018,0
40141,1,997,997,0
40142,1,1020,1020,0
40143,1,1019,1019,0
40144,1,940,940,0
40185,1,1053,1053,0
40186,1,1062,1062,0
40187,1,922,922,0
40188,1,986,986,0
40245,1,993,993,0
40248,1,1046,1046,0
40246,1,961,961,0
40247,1,1014,1014,0
40285,1,966,966,0
40286,1,1019,1019,0
40288,1,980,980,0
40409,1,945,945,0
40410,1,1007,1007,0
40411,1,1009,1009,0
40412,1,1037,1037,0
41424,1,1024,1024,0
40925,1,1011,1011,0
40926,1,1055,1055,0
40927,1,983,983,0
42815,1,1067,1067,0
48788,1,991,991,0
48805,1,1019,1019,0
48806,1,1036,1036,0
48807,1,983,983,0
48808,1,1092,1092,0
49748,1,1088,1088,0
34017,1,1001,1001,0
34018,1,976,976,0
34019,1,1029,1029,0
34020,1,925,925,0
42592,1,1027,1027,0
34233,1,1015,1015,0
34234,1,929,929,0
34235,1,953,953,0
34236,1,980,980,0
40593,1,936,936,0
37298,1,991,991,0
37299,1,999,999,0
37300,1,958,958,0
39349,1,1013,1013,0
39352,1,986,986,0
39455,1,1036,1036,0
48037,1,1006,1006,0
48038,1,981,981,0
48039,1,1020,1020,0
48040,1,1009,1009,0
40594,1,983,983,0
40595,1,1013,1013,0
40596,1,1017,1017,0
40785,1,1028,1028,0
40786,1,951,951,0
42553,1,960,960,0
42554,1,1023,1023,0
42555,1,1020,1020,0
42556,1,972,972,0
42589,1,999,999,0
42590,1,1029,1029,0
42591,1,1020,1020,0
48770,1,984,984,0
48771,1,1010,1010,0
48772,1,978,978,0
49595,1,1013,1013,0
49596,1,987,987,0
49957,1,1016,1016,0
49958,1,975,975,0
49959,1,1017,1017,0
