5825,1,1026,1026,0
5826,1,995,995,0
5827,1,1062,1062,0
5828,1,994,994,0
13033,1,1086,1086,0
6321,1,1057,1057,0
6322,1,987,987,0
6323,1,994,994,0
6324,1,1039,1039,0
8008,1,1051,1051,0
7725,1,1077,1077,0
7726,1,1087,1087,0
7727,1,1057,1057,0
7728,1,1002,1002,0
12184,1,1020,1020,0
8005,1,1057,1057,0
8006,1,1107,1107,0
8007,1,1000,1000,0
9833,1,962,962,0
9834,1,1053,1053,0
9835,1,978,978,0
9836,1,998,998,0
15429,1,1016,1016,0
15430,1,1050,1050,0
15432,1,1011,1011,0
12181,1,1045,1045,0
12182,1,974,974,0
12183,1,1051,1051,0
12677,1,1065,1065,0
12678,1,988,988,0
12679,1,1008,1008,0
13034,1,1037,1037,0
13035,1,1037,1037,0
13036,1,972,972,0
15210,1,1030,1030,0
15211,1,1071,1071,0
15212,1,1022,1022,0
15253,1,1049,1049,0
15254,1,1064,1064,0
15255,1,1036,1036,0
15431,1,995,995,0
15531,1,1080,1080,0
15532,1,1002,1002,0
6381,1,1075,1075,0
6382,1,1057,1057,0
6383,1,1023,1023,0
6384,1,1089,1089,0
15225,1,1014,1014,0
7773,1,996,996,0
7774,1,1020,1020,0
7775,1,1086,1086,0
7776,1,1025,1025,0
12680,1,1065,1065,0
8749,1,1016,1016,0
8750,1,1026,1026,0
8751,1,968,968,0
8752,1,1078,1078,0
10272,1,995,995,0
10637,1,1043,1043,0
10638,1,1065,1065,0
10639,1,1109,1109,0
10640,1,1113,1113,0
15209,1,1052,1052,0
10993,1,1107,1107,0
10994,1,1011,1011,0
10995,1,1097,1097,0
10996,1,1042,1042,0
15256,1,1000,1000,0
13057,1,1018,1018,0
13058,1,1095,1095,0
13059,1,1099,1099,0
13060,1,1083,1083,0
13249,1,992,992,0
13250,1,1052,1052,0
13251,1,1041,1041,0
13252,1,1027,1027,0
14289,1,1045,1045,0
14290,1,1080,1080,0
13787,1,1060,1060,0
13788,1,982,982,0
14291,1,1043,1043,0
14292,1,1113,1113,0
15226,1,1039,1039,0
15227,1,1043,1043,0
15228,1,1046,1046,0
15529,1,1006,1006,0
15530,1,1060,1060,0
9849,1,1178,1178,0
9850,1,1033,1033,0
9851,1,1096,1096,0
9852,1,1087,1087,0
13328,1,1106,1106,0
10269,1,1023,1023,0
10270,1,1031,1031,0
10271,1,1123,1123,0
13785,1,1089,1089,0
13786,1,1081,1081,0
11285,1,1074,1074,0
11286,1,1097,1097,0
11287,1,1014,1014,0
11288,1,1026,1026,0
15857,1,1024,1024,0
13317,1,1054,1054,0
13318,1,1057,1057,0
13319,1,1036,1036,0
13320,1,1043,1043,0
15097,1,1056,1056,0
13325,1,1105,1105,0
13326,1,1121,1121,0
13327,1,1008,1008,0
13869,1,1094,1094,0
13872,1,1074,1074,0
13549,1,996,996,0
13550,1,1043,1043,0
13551,1,1021,1021,0
13870,1,1055,1055,0
13871,1,1003,1003,0
13937,1,1105,1105,0
13938,1,1097,1097,0
13939,1,1082,1082,0
13940,1,1066,1066,0
14912,1,1091,1091,0
14909,1,1077,1077,0
14910,1,1063,1063,0
14911,1,969,969,0
15098,1,1056,1056,0
15099,1,1075,1075,0
15100,1,1051,1051,0
15858,1,1106,1106,0
15859,1,996,996,0
15860,1,1129,1129,0
7857,1,1069,1069,0
7858,1,1031,1031,0
7859,1,1048,1048,0
7860,1,1057,1057,0
13552,1,1045,1045,0
7145,1,1070,1070,0
7146,1,1028,1028,0
7147,1,1028,1028,0
7148,1,1000,1000,0
10265,1,1067,1067,0
10105,1,1095,1095,0
10106,1,1064,1064,0
10107,1,1021,1021,0
10108,1,1051,1051,0
11552,1,1062,1062,0
10266,1,1086,1086,0
10267,1,971,971,0
10268,1,1016,1016,0
11553,1,1016,1016,0
11554,1,1068,1068,0
11555,1,1066,1066,0
11556,1,1047,1047,0
11573,1,954,954,0
11574,1,1077,1077,0
11576,1,1047,1047,0
11575,1,991,991,0
11825,1,1076,1076,0
11826,1,1053,1053,0
11827,1,1023,1023,0
11828,1,1048,1048,0
11889,1,988,988,0
11890,1,1070,1070,0
11891,1,1044,1044,0
11892,1,1010,1010,0
12225,1,1028,1028,0
12226,1,1029,1029,0
12227,1,1031,1031,0
12228,1,1031,1031,0
12549,1,1099,1099,0
12552,1,1049,1049,0
12550,1,1048,1048,0
12551,1,1091,1091,0
12577,1,1032,1032,0
12578,1,1038,1038,0
12579,1,1072,1072,0
12580,1,1029,1029,0
13873,1,996,996,0
13874,1,1001,1001,0
13875,1,1065,1065,0
13876,1,1067,1067,0
12314,1,1012,1012,0
12315,1,1012,1012,0
12316,1,981,981,0
13889,1,1105,1105,0
13890,1,1032,1032,0
12521,1,1034,1034,0
12522,1,1006,1006,0
12523,1,1018,1018,0
12524,1,1087,1087,0
13313,1,1100,1100,0
13314,1,1032,1032,0
13315,1,1048,1048,0
13316,1,1125,1125,0
13585,1,1058,1058,0
13586,1,1015,1015,0
13587,1,1034,1034,0
13588,1,1062,1062,0
13645,1,1121,1121,0
13646,1,1035,1035,0
13648,1,1122,1122,0
13647,1,1009,1009,0
13689,1,1034,1034,0
13690,1,1014,1014,0
13691,1,1090,1090,0
13692,1,1040,1040,0
13891,1,1035,1035,0
13892,1,1110,1110,0
14893,1,1041,1041,0
14894,1,1037,1037,0
14896,1,984,984,0
14269,1,1035,1035,0
14270,1,1022,1022,0
14271,1,987,987,0
14272,1,1023,1023,0
14385,1,1045,1045,0
14386,1,1010,1010,0
14387,1,1105,1105,0
14388,1,1061,1061,0
14413,1,1108,1108,0
14416,1,1046,1046,0
14414,1,997,997,0
14415,1,1082,1082,0
14437,1,1044,1044,0
14438,1,1032,1032,0
14440,1,1004,1004,0
14895,1,1084,1084,0
15089,1,1080,1080,0
15090,1,1051,1051,0
15091,1,1064,1064,0
15092,1,992,992,0
15125,1,1021,1021,0
15126,1,1057,1057,0
15127,1,1070,1070,0
15128,1,1107,1107,0
15145,1,1144,1144,0
15146,1,1050,1050,0
15147,1,1004,1004,0
15148,1,1074,1074,0
11621,1,1080,1080,0
11622,1,1058,1058,0
11623,1,1014,1014,0
11624,1,1025,1025,0
12313,1,999,999,0
12489,1,1094,1094,0
12490,1,990,990,0
12491,1,997,997,0
12492,1,1036,1036,0
12513,1,1115,1115,0
12514,1,983,983,0
12515,1,1057,1057,0
12516,1,1092,1092,0
12553,1,1096,1096,0
12554,1,1047,1047,0
12555,1,1127,1127,0
12556,1,937,937,0
13129,1,1003,1003,0
13130,1,1037,1037,0
13131,1,1092,1092,0
13132,1,1051,1051,0
13229,1,1096,1096,0
13230,1,1001,1001,0
13231,1,1064,1064,0
13232,1,1031,1031,0
14257,1,1030,1030,0
14258,1,968,968,0
14259,1,1009,1009,0
14260,1,1021,1021,0
15033,1,1062,1062,0
15034,1,1066,1066,0
15035,1,1021,1021,0
15036,1,1029,1029,0
15936,1,1074,1074,0
15123,1,1034,1034,0
15124,1,1104,1104,0
15138,1,1040,1040,0
15139,1,1014,1014,0
15140,1,1037,1037,0
15933,1,961,961,0
15934,1,1076,1076,0
15935,1,1053,1053,0
15981,1,1080,1080,0
15984,1,1091,1091,0
15982,1,1122,1122,0
15983,1,1046,1046,0
12641,1,1060,1060,0
12642,1,978,978,0
12643,1,1080,1080,0
12644,1,1019,1019,0
13297,1,1106,1106,0
13298,1,1104,1104,0
13299,1,1045,1045,0
13300,1,1013,1013,0
13493,1,1032,1032,0
13496,1,1064,1064,0
13494,1,1062,1062,0
13495,1,1050,1050,0
13557,1,1040,1040,0
13558,1,1066,1066,0
13560,1,995,995,0
13559,1,1115,1115,0
13597,1,1020,1020,0
13598,1,1064,1064,0
13599,1,1001,1001,0
13600,1,1029,1029,0
13849,1,1070,1070,0
13850,1,1101,1101,0
13851,1,1066,1066,0
13852,1,1060,1060,0
13897,1,1101,1101,0
13898,1,1027,1027,0
13899,1,1020,1020,0
13900,1,990,990,0
14405,1,1112,1112,0
14408,1,1095,1095,0
14406,1,947,947,0
14407,1,1088,1088,0
14865,1,1013,1013,0
14866,1,1058,1058,0
14867,1,997,997,0
14439,1,1014,1014,0
14501,1,1062,1062,0
14502,1,1066,1066,0
14503,1,978,978,0
14504,1,1089,1089,0
14665,1,1060,1060,0
14666,1,1044,1044,0
14667,1,1051,1051,0
14668,1,1035,1035,0
14889,1,1072,1072,0
14868,1,1052,1052,0
14969,1,1019,1019,0
14970,1,1066,1066,0
14971,1,1033,1033,0
14972,1,1075,1075,0
14890,1,1051,1051,0
14891,1,1141,1141,0
14892,1,1071,1071,0
14901,1,1060,1060,0
14904,1,1021,1021,0
14902,1,1101,1101,0
14903,1,1082,1082,0
14993,1,1070,1070,0
14994,1,1018,1018,0
14995,1,1025,1025,0
14989,1,1076,1076,0
14990,1,1066,1066,0
14991,1,1052,1052,0
14992,1,1093,1093,0
15137,1,1082,1082,0
12605,1,1038,1038,0
12606,1,1118,1118,0
12607,1,1112,1112,0
12608,1,975,975,0
13049,1,1019,1019,0
13050,1,1083,1083,0
13051,1,1078,1078,0
13052,1,1085,1085,0
14996,1,1071,1071,0
15017,1,1038,1038,0
15018,1,992,992,0
15019,1,1088,1088,0
15020,1,1028,1028,0
15053,1,1017,1017,0
15054,1,1035,1035,0
15055,1,1038,1038,0
15056,1,1065,1065,0
15065,1,1038,1038,0
15066,1,1010,1010,0
15067,1,1064,1064,0
15068,1,1056,1056,0
15121,1,1015,1015,0
15122,1,1083,1083,0
4097,1,973,973,0
4098,1,1076,1076,0
4099,1,1014,1014,0
4100,1,1078,1078,0
15929,1,1078,1078,0
4393,1,1022,1022,0
4394,1,1070,1070,0
4395,1,1003,1003,0
4396,1,1079,1079,0
4680,1,1012,1012,0
4677,1,1056,1056,0
4678,1,989,989,0
4679,1,1005,1005,0
6065,1,1036,1036,0
6066,1,1017,1017,0
4709,1,1064,1064,0
4710,1,1079,1079,0
4711,1,1077,1077,0
4712,1,1017,1017,0
5728,1,992,992,0
5573,1,1066,1066,0
5574,1,1091,1091,0
5575,1,1061,1061,0
5576,1,1006,1006,0
8073,1,1073,1073,0
5725,1,1041,1041,0
5726,1,1013,1013,0
5727,1,1039,1039,0
12801,1,1019,1019,0
12802,1,1104,1104,0
6067,1,1056,1056,0
6068,1,1009,1009,0
12841,1,1025,1025,0
12842,1,993,993,0
12843,1,1039,1039,0
8074,1,1132,1132,0
8075,1,983,983,0
8076,1,1017,1017,0
12803,1,1132,1132,0
12804,1,1057,1057,0
12844,1,1037,1037,0
15930,1,1124,1124,0
15931,1,1017,1017,0
15932,1,1091,1091,0
10389,1,1082,1082,0
10390,1,1116,1116,0
10391,1,1105,1105,0
10392,1,992,992,0
13416,1,1012,1012,0
13353,1,977,977,0
13354,1,1059,1059,0
13355,1,1099,1099,0
13356,1,1053,1053,0
13481,1,1114,1114,0
13413,1,1084,1084,0
13414,1,1076,1076,0
13415,1,979,979,0
15693,1,1101,1101,0
15696,1,1052,1052,0
13482,1,1088,1088,0
13483,1,1057,1057,0
13484,1,1029,1029,0
13713,1,1045,1045,0
13714,1,1090,1090,0
13715,1,1030,1030,0
13716,1,1049,1049,0
14864,1,1066,1066,0
13749,1,1030,1030,0
13750,1,1123,1123,0
13751,1,1088,1088,0
13752,1,1066,1066,0
14265,1,1053,1053,0
14266,1,1008,1008,0
14267,1,1016,1016,0
14268,1,1113,1113,0
14861,1,1043,1043,0
14862,1,1071,1071,0
14863,1,1042,1042,0
15694,1,1046,1046,0
15695,1,1023,1023,0
4533,1,1102,1102,0
4534,1,1024,1024,0
4535,1,1043,1043,0
4536,1,1018,1018,0
5657,1,1024,1024,0
5045,1,1036,1036,0
5046,1,1073,1073,0
5047,1,1054,1054,0
5048,1,1089,1089,0
7161,1,940,940,0
5658,1,999,999,0
5659,1,1051,1051,0
5660,1,1027,1027,0
6225,1,990,990,0
6226,1,1056,1056,0
6227,1,1005,1005,0
6228,1,982,982,0
10457,1,989,989,0
7061,1,1090,1090,0
7062,1,1054,1054,0
7063,1,1020,1020,0
7064,1,981,981,0
10617,1,1043,1043,0
7162,1,1034,1034,0
7163,1,1054,1054,0
7164,1,1049,1049,0
9829,1,1030,1030,0
9832,1,1021,1021,0
9830,1,1001,1001,0
9831,1,1043,1043,0
10458,1,1086,1086,0
10459,1,1041,1041,0
10460,1,1050,1050,0
10618,1,1026,1026,0
10619,1,1030,1030,0
10620,1,1026,1026,0
10653,1,1040,1040,0
10656,1,1086,1086,0
10654,1,1101,1101,0
10655,1,1075,1075,0
15170,1,1042,1042,0
15171,1,1135,1135,0
15172,1,1046,1046,0
5693,1,1051,1051,0
5694,1,1005,1005,0
5695,1,1008,1008,0
5696,1,1087,1087,0
9097,1,1082,1082,0
7221,1,1006,1006,0
7222,1,1059,1059,0
7223,1,1028,1028,0
7224,1,1057,1057,0
15169,1,1043,1043,0
8621,1,1067,1067,0
8622,1,1010,1010,0
8623,1,1067,1067,0
8624,1,1011,1011,0
15144,1,1035,1035,0
8809,1,1133,1133,0
8810,1,1023,1023,0
8811,1,1084,1084,0
8812,1,1083,1083,0
8824,1,1087,1087,0
8821,1,1078,1078,0
8822,1,1107,1107,0
8823,1,1040,1040,0
9098,1,1070,1070,0
9099,1,1099,1099,0
9100,1,1064,1064,0
9749,1,1082,1082,0
9750,1,1071,1071,0
9751,1,1004,1004,0
9752,1,1093,1093,0
9864,1,1064,1064,0
9861,1,1047,1047,0
9862,1,1089,1089,0
9863,1,1043,1043,0
9881,1,1074,1074,0
9882,1,1023,1023,0
9883,1,1070,1070,0
9884,1,1032,1032,0
12913,1,1049,1049,0
12914,1,1126,1126,0
12915,1,1019,1019,0
12916,1,966,966,0
15141,1,1019,1019,0
15142,1,1037,1037,0
15143,1,1082,1082,0
9873,1,1053,1053,0
9874,1,1043,1043,0
9875,1,1002,1002,0
9876,1,1094,1094,0
12281,1,1049,1049,0
12282,1,994,994,0
12283,1,1056,1056,0
12284,1,1083,1083,0
573,1,1083,1083,0
574,1,1092,1092,0
575,1,1046,1046,0
576,1,959,959,0
2937,1,1070,1070,0
717,1,1021,1021,0
718,1,1038,1038,0
719,1,1080,1080,0
720,1,1033,1033,0
793,1,983,983,0
794,1,1031,1031,0
795,1,1001,1001,0
796,1,1054,1054,0
949,1,1089,1089,0
952,1,1023,1023,0
950,1,1030,1030,0
951,1,1056,1056,0
1341,1,1123,1123,0
1342,1,1018,1018,0
1343,1,1107,1107,0
1344,1,1063,1063,0
2072,1,1028,1028,0
2102,1,1064,1064,0
2103,1,1059,1059,0
2561,1,1016,1016,0
2562,1,1046,1046,0
2563,1,1093,1093,0
2195,1,1038,1038,0
2196,1,1015,1015,0
2329,1,996,996,0
2330,1,1046,1046,0
2331,1,992,992,0
2307,1,1012,1012,0
2308,1,1095,1095,0
2332,1,1072,1072,0
2564,1,1004,1004,0
2938,1,1082,1082,0
2939,1,1035,1035,0
2940,1,1069,1069,0
3061,1,994,994,0
3062,1,1028,1028,0
3063,1,1055,1055,0
3064,1,1040,1040,0
3792,1,998,998,0
3394,1,1089,1089,0
3395,1,1060,1060,0
3396,1,1097,1097,0
3509,1,1065,1065,0
3510,1,1055,1055,0
3511,1,1008,1008,0
3545,1,1002,1002,0
3546,1,1037,1037,0
3547,1,952,952,0
3548,1,1045,1045,0
3779,1,1087,1087,0
3780,1,1090,1090,0
3789,1,1094,1094,0
3790,1,976,976,0
3791,1,992,992,0
57,1,1049,1049,0
58,1,1102,1102,0
59,1,1013,1013,0
60,1,1016,1016,0
1176,1,1071,1071,0
633,1,1096,1096,0
634,1,1062,1062,0
635,1,1084,1084,0
636,1,1054,1054,0
992,1,1134,1134,0
905,1,1084,1084,0
906,1,1052,1052,0
907,1,1082,1082,0
908,1,1083,1083,0
3512,1,1041,1041,0
989,1,1019,1019,0
990,1,1032,1032,0
991,1,1074,1074,0
2193,1,1035,1035,0
2194,1,1109,1109,0
1173,1,1020,1020,0
1174,1,1064,1064,0
1175,1,1026,1026,0
2305,1,999,999,0
2306,1,961,961,0
2069,1,1095,1095,0
2070,1,1042,1042,0
2071,1,1083,1083,0
2101,1,1004,1004,0
2104,1,1116,1116,0
2345,1,1025,1025,0
2346,1,1065,1065,0
2347,1,1055,1055,0
2348,1,1128,1128,0
3457,1,1049,1049,0
3369,1,1096,1096,0
3370,1,1043,1043,0
3371,1,1071,1071,0
3372,1,1086,1086,0
3393,1,1036,1036,0
3458,1,1035,1035,0
3459,1,1022,1022,0
3460,1,972,972,0
3777,1,1003,1003,0
3778,1,995,995,0
273,1,1042,1042,0
274,1,1109,1109,0
275,1,1151,1151,0
276,1,1029,1029,0
3065,1,1032,1032,0
3066,1,1068,1068,0
3067,1,1051,1051,0
3068,1,1070,1070,0
849,1,1111,1111,0
850,1,1037,1037,0
851,1,1011,1011,0
852,1,1037,1037,0
1272,1,1054,1054,0
853,1,1033,1033,0
854,1,1017,1017,0
855,1,1102,1102,0
856,1,1107,1107,0
1320,1,1083,1083,0
1269,1,1065,1065,0
1270,1,1033,1033,0
1271,1,1038,1038,0
1373,1,1004,1004,0
1376,1,1040,1040,0
1273,1,1060,1060,0
1274,1,1038,1038,0
1275,1,988,988,0
1276,1,1102,1102,0
3425,1,1035,1035,0
1374,1,1024,1024,0
1375,1,1041,1041,0
2033,1,989,989,0
2034,1,1069,1069,0
2035,1,1088,1088,0
2036,1,1017,1017,0
2496,1,1065,1065,0
2227,1,1042,1042,0
2228,1,1006,1006,0
2717,1,1050,1050,0
2718,1,1032,1032,0
2720,1,997,997,0
2557,1,1118,1118,0
2558,1,1026,1026,0
2559,1,1071,1071,0
2560,1,1041,1041,0
3104,1,1113,1113,0
2606,1,961,961,0
2607,1,1112,1112,0
2719,1,1046,1046,0
2789,1,1097,1097,0
2790,1,1061,1061,0
2791,1,1028,1028,0
3101,1,1005,1005,0
3102,1,996,996,0
3103,1,962,962,0
3386,1,1032,1032,0
3387,1,1030,1030,0
3388,1,1075,1075,0
3426,1,1023,1023,0
3427,1,1056,1056,0
3428,1,1038,1038,0
3641,1,1065,1065,0
3642,1,1025,1025,0
3643,1,982,982,0
3644,1,1075,1075,0
3893,1,1043,1043,0
3894,1,1048,1048,0
3895,1,1082,1082,0
85,1,1058,1058,0
86,1,984,984,0
87,1,1051,1051,0
88,1,1068,1068,0
201,1,986,986,0
189,1,1062,1062,0
190,1,989,989,0
191,1,1065,1065,0
192,1,1049,1049,0
3896,1,1058,1058,0
202,1,1082,1082,0
203,1,1039,1039,0
204,1,1042,1042,0
221,1,1098,1098,0
224,1,1124,1124,0
222,1,1006,1006,0
223,1,1039,1039,0
1137,1,1023,1023,0
1138,1,1054,1054,0
1139,1,1026,1026,0
1140,1,1093,1093,0
3633,1,1050,1050,0
3634,1,1078,1078,0
3635,1,1125,1125,0
3636,1,1036,1036,0
1317,1,1135,1135,0
1318,1,1006,1006,0
1319,1,1056,1056,0
2225,1,1012,1012,0
2226,1,970,970,0
2393,1,1058,1058,0
2394,1,1052,1052,0
2395,1,1066,1066,0
2396,1,1119,1119,0
3385,1,1069,1069,0
2493,1,1040,1040,0
2494,1,1020,1020,0
2495,1,1017,1017,0
2605,1,1094,1094,0
2608,1,1052,1052,0
2645,1,1104,1104,0
2646,1,1068,1068,0
2647,1,1121,1121,0
2648,1,1027,1027,0
2792,1,1121,1121,0
4061,1,1078,1078,0
4062,1,1079,1079,0
4063,1,996,996,0
4064,1,1040,1040,0
5457,1,1061,1061,0
5458,1,1033,1033,0
5459,1,995,995,0
5460,1,1039,1039,0
5741,1,993,993,0
5744,1,1034,1034,0
5557,1,1080,1080,0
5558,1,969,969,0
5559,1,1070,1070,0
5560,1,1047,1047,0
15481,1,994,994,0
5742,1,1103,1103,0
5743,1,1028,1028,0
5777,1,1032,1032,0
5778,1,1011,1011,0
5779,1,1080,1080,0
5780,1,1063,1063,0
5857,1,1088,1088,0
5858,1,1078,1078,0
5859,1,1105,1105,0
5860,1,984,984,0
5837,1,1048,1048,0
5838,1,1036,1036,0
5839,1,1072,1072,0
5840,1,1057,1057,0
10489,1,1066,1066,0
6441,1,1005,1005,0
6442,1,1056,1056,0
6443,1,1038,1038,0
6444,1,1008,1008,0
9744,1,1065,1065,0
10490,1,1054,1054,0
10491,1,1053,1053,0
10492,1,1062,1062,0
11333,1,1067,1067,0
11334,1,1042,1042,0
11335,1,1069,1069,0
11336,1,998,998,0
15408,1,1040,1040,0
15300,1,1080,1080,0
15405,1,1064,1064,0
15406,1,987,987,0
15407,1,1070,1070,0
15482,1,1032,1032,0
15483,1,1026,1026,0
15484,1,974,974,0
15578,1,1027,1027,0
15579,1,1088,1088,0
15580,1,984,984,0
5661,1,1001,1001,0
5662,1,1073,1073,0
5663,1,1024,1024,0
5664,1,1087,1087,0
9176,1,1009,1009,0
6981,1,1004,1004,0
6982,1,1045,1045,0
6983,1,1069,1069,0
6984,1,1056,1056,0
7505,1,1024,1024,0
7506,1,1025,1025,0
7507,1,1074,1074,0
7508,1,1036,1036,0
9173,1,1096,1096,0
9174,1,1061,1061,0
9175,1,993,993,0
9741,1,1001,1001,0
9742,1,1060,1060,0
9743,1,1083,1083,0
14733,1,999,999,0
14736,1,1100,1100,0
10757,1,1000,1000,0
10758,1,1005,1005,0
10759,1,1090,1090,0
10760,1,1064,1064,0
15048,1,1063,1063,0
13657,1,1039,1039,0
13658,1,1069,1069,0
13659,1,996,996,0
13660,1,1068,1068,0
15577,1,1017,1017,0
14734,1,1035,1035,0
14735,1,1057,1057,0
15297,1,1086,1086,0
15298,1,1052,1052,0
15299,1,1026,1026,0
15045,1,1085,1085,0
15046,1,1035,1035,0
15047,1,1041,1041,0
4057,1,1057,1057,0
4058,1,1001,1001,0
4059,1,999,999,0
4060,1,1049,1049,0
8713,1,996,996,0
8714,1,1019,1019,0
8715,1,1057,1057,0
8716,1,1105,1105,0
9417,1,1042,1042,0
9418,1,1091,1091,0
9419,1,1004,1004,0
9420,1,1006,1006,0
10008,1,984,984,0
10005,1,976,976,0
10006,1,1007,1007,0
10007,1,970,970,0
10433,1,1000,1000,0
10434,1,1008,1008,0
10435,1,1044,1044,0
10436,1,1065,1065,0
14297,1,1006,1006,0
11193,1,1130,1130,0
11194,1,995,995,0
11195,1,1051,1051,0
11196,1,1083,1083,0
13193,1,1019,1019,0
12482,1,992,992,0
12483,1,1023,1023,0
12484,1,997,997,0
13081,1,1062,1062,0
13082,1,998,998,0
13083,1,1007,1007,0
13084,1,978,978,0
13194,1,1037,1037,0
13195,1,1014,1014,0
13196,1,1089,1089,0
13261,1,1081,1081,0
13264,1,1003,1003,0
13262,1,1035,1035,0
13263,1,1053,1053,0
13389,1,1069,1069,0
13390,1,1123,1123,0
13392,1,1057,1057,0
13391,1,1083,1083,0
14298,1,1019,1019,0
14299,1,1096,1096,0
14300,1,1087,1087,0
14586,1,983,983,0
14587,1,1056,1056,0
14588,1,1013,1013,0
15058,1,1076,1076,0
15059,1,1002,1002,0
15060,1,1059,1059,0
4009,1,1066,1066,0
4010,1,1025,1025,0
4011,1,1097,1097,0
4012,1,1117,1117,0
4896,1,1012,1012,0
4893,1,1013,1013,0
4894,1,996,996,0
4895,1,1012,1012,0
5081,1,989,989,0
5082,1,1031,1031,0
5083,1,1040,1040,0
5084,1,957,957,0
5674,1,1066,1066,0
5675,1,1051,1051,0
5676,1,1052,1052,0
7059,1,1035,1035,0
7060,1,999,999,0
10478,1,1084,1084,0
10479,1,1066,1066,0
10598,1,1014,1014,0
10599,1,1055,1055,0
10813,1,1043,1043,0
10814,1,1008,1008,0
10816,1,1040,1040,0
10747,1,1185,1185,0
10748,1,1092,1092,0
10815,1,1100,1100,0
11433,1,1024,1024,0
11434,1,1033,1033,0
11435,1,1030,1030,0
11436,1,1054,1054,0
11713,1,1105,1105,0
11461,1,1077,1077,0
11462,1,1039,1039,0
11463,1,1110,1110,0
11464,1,1112,1112,0
12704,1,1090,1090,0
14979,1,1014,1014,0
14980,1,1102,1102,0
15262,1,1089,1089,0
15263,1,1060,1060,0
15498,1,1042,1042,0
15499,1,976,976,0
15500,1,991,991,0
4089,1,1011,1011,0
4090,1,1062,1062,0
4091,1,1027,1027,0
4092,1,1112,1112,0
6801,1,1034,1034,0
6802,1,1076,1076,0
6803,1,987,987,0
6804,1,1017,1017,0
10597,1,1091,1091,0
10600,1,1060,1060,0
8186,1,1135,1135,0
8187,1,1088,1088,0
8188,1,1077,1077,0
8801,1,983,983,0
8802,1,1076,1076,0
8863,1,1106,1106,0
10621,1,1103,1103,0
10622,1,1016,1016,0
10623,1,1042,1042,0
10624,1,1063,1063,0
10688,1,997,997,0
10645,1,1083,1083,0
10646,1,1030,1030,0
10647,1,1003,1003,0
10648,1,1036,1036,0
15497,1,1093,1093,0
11714,1,1021,1021,0
11715,1,1024,1024,0
11716,1,1088,1088,0
12701,1,1072,1072,0
12702,1,1099,1099,0
12703,1,1101,1101,0
12705,1,1076,1076,0
12706,1,1056,1056,0
12707,1,1098,1098,0
12708,1,1096,1096,0
15309,1,1139,1139,0
15310,1,1107,1107,0
15311,1,1134,1134,0
15333,1,1030,1030,0
15334,1,1032,1032,0
15335,1,1046,1046,0
15336,1,1046,1046,0
15840,1,985,985,0
15837,1,1038,1038,0
15838,1,1043,1043,0
15839,1,1034,1034,0
8769,1,1024,1024,0
8770,1,1075,1075,0
8771,1,1113,1113,0
8772,1,1060,1060,0
11649,1,947,947,0
11650,1,1107,1107,0
11651,1,1043,1043,0
11652,1,1102,1102,0
11669,1,1026,1026,0
11670,1,1066,1066,0
11671,1,1055,1055,0
11672,1,1062,1062,0
13520,1,1035,1035,0
12619,1,1003,1003,0
12620,1,1037,1037,0
13157,1,1073,1073,0
13158,1,997,997,0
13160,1,1043,1043,0
13173,1,1029,1029,0
13174,1,1003,1003,0
13175,1,1050,1050,0
13176,1,1068,1068,0
13257,1,972,972,0
13253,1,1004,1004,0
13254,1,1017,1017,0
13255,1,1072,1072,0
13256,1,1087,1087,0
13361,1,1034,1034,0
13275,1,1044,1044,0
13276,1,1044,1044,0
13449,1,1018,1018,0
13450,1,1074,1074,0
13451,1,1082,1082,0
13362,1,1125,1125,0
13363,1,1069,1069,0
13364,1,1076,1076,0
13461,1,1039,1039,0
13464,1,1065,1065,0
13462,1,1107,1107,0
13463,1,1126,1126,0
13485,1,998,998,0
13486,1,1102,1102,0
13488,1,1041,1041,0
13513,1,1068,1068,0
13514,1,1067,1067,0
13515,1,1047,1047,0
13516,1,1057,1057,0
13517,1,1048,1048,0
13518,1,984,984,0
13519,1,1110,1110,0
13581,1,1047,1047,0
13584,1,1032,1032,0
13777,1,1038,1038,0
13778,1,1081,1081,0
13779,1,1018,1018,0
13780,1,971,971,0
13905,1,1107,1107,0
13906,1,1052,1052,0
13907,1,1018,1018,0
13908,1,1018,1018,0
14013,1,1115,1115,0
14016,1,1034,1034,0
14351,1,1069,1069,0
14999,1,1126,1126,0
15095,1,1052,1052,0
13117,1,1060,1060,0
13118,1,1059,1059,0
13119,1,1039,1039,0
13120,1,1004,1004,0
13289,1,1045,1045,0
13290,1,1031,1031,0
13291,1,1019,1019,0
13292,1,998,998,0
13721,1,1029,1029,0
13722,1,1018,1018,0
13487,1,1031,1031,0
13653,1,1043,1043,0
13654,1,1020,1020,0
13655,1,1061,1061,0
13656,1,1068,1068,0
13723,1,1010,1010,0
13724,1,990,990,0
14349,1,996,996,0
14350,1,966,966,0
14352,1,1112,1112,0
14014,1,1043,1043,0
14015,1,1062,1062,0
14353,1,1062,1062,0
14354,1,1043,1043,0
14355,1,1005,1005,0
14356,1,1037,1037,0
14541,1,1090,1090,0
14542,1,1078,1078,0
14543,1,1078,1078,0
14544,1,1027,1027,0
14545,1,980,980,0
14546,1,967,967,0
14547,1,995,995,0
14548,1,1141,1141,0
14673,1,1067,1067,0
14674,1,1052,1052,0
14675,1,1094,1094,0
14676,1,1066,1066,0
14701,1,998,998,0
14704,1,1018,1018,0
14702,1,1008,1008,0
14703,1,1089,1089,0
15093,1,1123,1123,0
15094,1,982,982,0
15096,1,1092,1092,0
11821,1,1099,1099,0
11822,1,1077,1077,0
11823,1,1046,1046,0
11824,1,1092,1092,0
12609,1,998,998,0
13258,1,1074,1074,0
13259,1,1030,1030,0
13260,1,1101,1101,0
13273,1,1109,1109,0
13274,1,1098,1098,0
13452,1,1062,1062,0
13582,1,1090,1090,0
13583,1,1019,1019,0
13121,1,1034,1034,0
13122,1,1063,1063,0
13123,1,1003,1003,0
13124,1,1043,1043,0
14313,1,1016,1016,0
13141,1,1021,1021,0
13142,1,1060,1060,0
13143,1,1063,1063,0
13144,1,1017,1017,0
14705,1,1095,1095,0
13185,1,1047,1047,0
13186,1,1066,1066,0
13187,1,1031,1031,0
13188,1,1036,1036,0
14577,1,991,991,0
14314,1,1085,1085,0
14315,1,1033,1033,0
14316,1,1085,1085,0
14578,1,1025,1025,0
14579,1,1056,1056,0
14580,1,1006,1006,0
14697,1,1147,1147,0
14698,1,1083,1083,0
14699,1,1096,1096,0
14700,1,974,974,0
14997,1,1115,1115,0
14998,1,1063,1063,0
15000,1,1097,1097,0
14706,1,1068,1068,0
14707,1,1066,1066,0
14708,1,1069,1069,0
6281,1,1045,1045,0
6282,1,1094,1094,0
6283,1,1083,1083,0
6284,1,1072,1072,0
15656,1,1027,1027,0
14170,1,1099,1099,0
14171,1,1012,1012,0
14172,1,1081,1081,0
14441,1,998,998,0
14442,1,1014,1014,0
14443,1,1108,1108,0
14444,1,1058,1058,0
14449,1,1015,1015,0
14450,1,1070,1070,0
14451,1,999,999,0
14452,1,1002,1002,0
14473,1,1066,1066,0
14474,1,1048,1048,0
14475,1,1085,1085,0
14476,1,1009,1009,0
15653,1,1058,1058,0
15654,1,1046,1046,0
15655,1,1047,1047,0
4841,1,1045,1045,0
4842,1,987,987,0
4843,1,1078,1078,0
4844,1,1102,1102,0
15369,1,1068,1068,0
5389,1,1074,1074,0
5390,1,1096,1096,0
5391,1,1024,1024,0
5392,1,1095,1095,0
5449,1,1029,1029,0
5397,1,1024,1024,0
5398,1,1039,1039,0
5399,1,980,980,0
5400,1,1029,1029,0
14744,1,1023,1023,0
5450,1,994,994,0
5451,1,1026,1026,0
5452,1,1077,1077,0
5713,1,971,971,0
5714,1,1039,1039,0
5715,1,1014,1014,0
5716,1,1056,1056,0
5721,1,976,976,0
5722,1,1061,1061,0
5723,1,1106,1106,0
5717,1,1015,1015,0
5718,1,1078,1078,0
5719,1,1035,1035,0
5720,1,1072,1072,0
6968,1,1059,1059,0
5724,1,983,983,0
6905,1,1029,1029,0
6906,1,1069,1069,0
6907,1,1051,1051,0
6908,1,1012,1012,0
6961,1,1078,1078,0
6962,1,1075,1075,0
6963,1,1074,1074,0
6964,1,1036,1036,0
6965,1,1029,1029,0
6966,1,1067,1067,0
6967,1,1031,1031,0
7001,1,1034,1034,0
7002,1,1084,1084,0
7003,1,1070,1070,0
7004,1,957,957,0
14945,1,1049,1049,0
14741,1,1020,1020,0
14742,1,1034,1034,0
14743,1,988,988,0
14946,1,1052,1052,0
14947,1,1023,1023,0
14948,1,1112,1112,0
15370,1,981,981,0
15371,1,1028,1028,0
15372,1,1091,1091,0
7841,1,1005,1005,0
7842,1,1004,1004,0
7843,1,1050,1050,0
7844,1,1105,1105,0
9385,1,1065,1065,0
9386,1,1043,1043,0
9387,1,1025,1025,0
9388,1,1080,1080,0
15437,1,1020,1020,0
15440,1,1087,1087,0
10853,1,1114,1114,0
10854,1,1007,1007,0
10855,1,1010,1010,0
10856,1,1107,1107,0
14241,1,1051,1051,0
14242,1,1076,1076,0
14243,1,1079,1079,0
14244,1,1024,1024,0
15438,1,1096,1096,0
15439,1,1045,1045,0
4565,1,1023,1023,0
4566,1,1051,1051,0
4567,1,1014,1014,0
4568,1,1057,1057,0
5049,1,1029,1029,0
5050,1,1027,1027,0
5051,1,1019,1019,0
5052,1,1083,1083,0
6385,1,1085,1085,0
6386,1,1039,1039,0
10345,1,1080,1080,0
10346,1,1068,1068,0
10347,1,1080,1080,0
10348,1,1042,1042,0
10936,1,1026,1026,0
10769,1,1021,1021,0
10770,1,1151,1151,0
10771,1,969,969,0
10772,1,1044,1044,0
11209,1,1030,1030,0
10861,1,1072,1072,0
10862,1,1082,1082,0
10863,1,1038,1038,0
10864,1,1059,1059,0
11210,1,1071,1071,0
11211,1,1005,1005,0
11212,1,1040,1040,0
15185,1,1071,1071,0
15186,1,964,964,0
11503,1,1048,1048,0
11695,1,1059,1059,0
15187,1,1051,1051,0
15188,1,1049,1049,0
15314,1,1083,1083,0
15315,1,1062,1062,0
15316,1,1079,1079,0
15609,1,1115,1115,0
15610,1,1041,1041,0
15611,1,1097,1097,0
15612,1,1085,1085,0
15997,1,1073,1073,0
15998,1,1097,1097,0
16000,1,1056,1056,0
15999,1,1046,1046,0
4045,1,1050,1050,0
4046,1,1094,1094,0
4047,1,1108,1108,0
4048,1,1017,1017,0
4840,1,1066,1066,0
4073,1,1034,1034,0
4074,1,1009,1009,0
4075,1,1050,1050,0
4076,1,1029,1029,0
9889,1,1097,1097,0
4837,1,1010,1010,0
4838,1,1053,1053,0
4839,1,1074,1074,0
6577,1,980,980,0
6578,1,1062,1062,0
5757,1,999,999,0
5758,1,1064,1064,0
5759,1,1032,1032,0
5760,1,1055,1055,0
10384,1,1102,1102,0
5865,1,1071,1071,0
5866,1,1061,1061,0
5867,1,1102,1102,0
5868,1,1026,1026,0
7160,1,1009,1009,0
5901,1,1030,1030,0
5902,1,981,981,0
5903,1,1035,1035,0
5904,1,1074,1074,0
10113,1,1143,1143,0
6513,1,1105,1105,0
6514,1,1099,1099,0
6515,1,1031,1031,0
6516,1,1116,1116,0
10352,1,1048,1048,0
7157,1,986,986,0
7158,1,985,985,0
7159,1,1036,1036,0
9709,1,1088,1088,0
9712,1,993,993,0
9710,1,1035,1035,0
9711,1,1034,1034,0
9890,1,1043,1043,0
9891,1,954,954,0
9892,1,1017,1017,0
10349,1,1049,1049,0
10350,1,1050,1050,0
10351,1,1132,1132,0
11057,1,1009,1009,0
11058,1,1093,1093,0
10547,1,984,984,0
10548,1,1041,1041,0
11693,1,1022,1022,0
11694,1,1054,1054,0
11696,1,1033,1033,0
10866,1,1003,1003,0
10867,1,964,964,0
10868,1,986,986,0
10899,1,1021,1021,0
10900,1,1090,1090,0
10925,1,1054,1054,0
10926,1,1114,1114,0
10928,1,1048,1048,0
10927,1,1056,1056,0
15961,1,1090,1090,0
15962,1,1033,1033,0
15963,1,1051,1051,0
15964,1,1077,1077,0
11059,1,1036,1036,0
11060,1,986,986,0
11437,1,1097,1097,0
11438,1,1062,1062,0
11439,1,1045,1045,0
11440,1,1076,1076,0
11634,1,1065,1065,0
11635,1,1031,1031,0
11636,1,1070,1070,0
11725,1,1034,1034,0
11726,1,1044,1044,0
11727,1,1044,1044,0
11728,1,1077,1077,0
12810,1,1104,1104,0
12811,1,1028,1028,0
12812,1,1076,1076,0
5897,1,975,975,0
5898,1,1087,1087,0
5899,1,1009,1009,0
5900,1,971,971,0
7024,1,1014,1014,0
6387,1,1001,1001,0
6388,1,1036,1036,0
10901,1,1068,1068,0
10902,1,1026,1026,0
10904,1,1029,1029,0
6579,1,1040,1040,0
6580,1,1041,1041,0
10317,1,1055,1055,0
10318,1,1080,1080,0
10320,1,1037,1037,0
7021,1,1073,1073,0
7022,1,1043,1043,0
7023,1,1059,1059,0
8081,1,1075,1075,0
8082,1,1059,1059,0
10114,1,1083,1083,0
10115,1,1027,1027,0
10116,1,1089,1089,0
10545,1,1024,1024,0
10546,1,1083,1083,0
10319,1,1117,1117,0
10989,1,1079,1079,0
10990,1,1060,1060,0
10991,1,1060,1060,0
10992,1,1072,1072,0
10381,1,1073,1073,0
10382,1,1026,1026,0
10383,1,1090,1090,0
10897,1,1034,1034,0
10898,1,1089,1089,0
10903,1,1054,1054,0
11309,1,1044,1044,0
11310,1,998,998,0
11311,1,1036,1036,0
11312,1,985,985,0
10933,1,1036,1036,0
10934,1,931,931,0
10935,1,1062,1062,0
11197,1,1023,1023,0
11200,1,1054,1054,0
11045,1,1037,1037,0
11046,1,1066,1066,0
11047,1,1029,1029,0
11048,1,1018,1018,0
11633,1,991,991,0
11198,1,995,995,0
11199,1,1020,1020,0
11501,1,1028,1028,0
11502,1,1062,1062,0
11504,1,1108,1108,0
4589,1,1073,1073,0
4590,1,1027,1027,0
4591,1,1052,1052,0
4592,1,1042,1042,0
6648,1,1123,1123,0
4733,1,988,988,0
4734,1,1018,1018,0
4735,1,1091,1091,0
4736,1,1006,1006,0
11593,1,1112,1112,0
4913,1,1142,1142,0
4914,1,1079,1079,0
4915,1,1129,1129,0
4916,1,1067,1067,0
15313,1,1023,1023,0
6645,1,1043,1043,0
6646,1,959,959,0
6647,1,1052,1052,0
7569,1,1069,1069,0
7570,1,1021,1021,0
8083,1,1058,1058,0
8084,1,1021,1021,0
10377,1,1024,1024,0
10378,1,1014,1014,0
10379,1,1025,1025,0
8658,1,1054,1054,0
8659,1,1020,1020,0
8660,1,1060,1060,0
9781,1,1091,1091,0
9782,1,1048,1048,0
9783,1,1034,1034,0
9784,1,1092,1092,0
10865,1,1040,1040,0
10181,1,1067,1067,0
10182,1,1072,1072,0
10183,1,1041,1041,0
10184,1,1114,1114,0
12809,1,1059,1059,0
10380,1,970,970,0
10613,1,1084,1084,0
10614,1,1039,1039,0
10615,1,1067,1067,0
10616,1,1005,1005,0
6621,1,1081,1081,0
6622,1,1072,1072,0
6623,1,1031,1031,0
6624,1,998,998,0
8657,1,1027,1027,0
7305,1,1029,1029,0
7306,1,1026,1026,0
7307,1,1109,1109,0
7308,1,1004,1004,0
12648,1,997,997,0
7333,1,1040,1040,0
7334,1,1013,1013,0
7335,1,1005,1005,0
7336,1,1036,1036,0
12601,1,1061,1061,0
7571,1,1002,1002,0
7572,1,1054,1054,0
12965,1,977,977,0
12966,1,1001,1001,0
12968,1,1121,1121,0
8301,1,1024,1024,0
8302,1,1027,1027,0
8303,1,1104,1104,0
8304,1,1070,1070,0
9600,1,1082,1082,0
8561,1,1086,1086,0
8562,1,1095,1095,0
8563,1,1040,1040,0
8564,1,1056,1056,0
8672,1,1001,1001,0
8669,1,1120,1120,0
8670,1,1027,1027,0
8671,1,1079,1079,0
11997,1,1060,1060,0
12000,1,1106,1106,0
9597,1,1045,1045,0
9598,1,1000,1000,0
9599,1,1027,1027,0
11594,1,1100,1100,0
11595,1,1015,1015,0
11596,1,1076,1076,0
11998,1,995,995,0
11999,1,1022,1022,0
12045,1,990,990,0
12046,1,1061,1061,0
12048,1,1082,1082,0
12047,1,1004,1004,0
12602,1,1039,1039,0
12603,1,1016,1016,0
12604,1,1018,1018,0
12645,1,1009,1009,0
12646,1,1088,1088,0
12647,1,1087,1087,0
12967,1,1098,1098,0
15509,1,1049,1049,0
15510,1,1110,1110,0
15511,1,1110,1110,0
15512,1,1060,1060,0
4833,1,1101,1101,0
4834,1,1054,1054,0
4835,1,1092,1092,0
4836,1,1075,1075,0
9969,1,1092,1092,0
5153,1,1009,1009,0
5154,1,1062,1062,0
5155,1,1100,1100,0
5156,1,1010,1010,0
5600,1,1023,1023,0
5597,1,1013,1013,0
5598,1,1167,1167,0
5599,1,1032,1032,0
7741,1,987,987,0
7742,1,1026,1026,0
7743,1,1004,1004,0
7744,1,1029,1029,0
10040,1,947,947,0
8425,1,1037,1037,0
8426,1,1033,1033,0
8427,1,1031,1031,0
8428,1,1108,1108,0
9297,1,1017,1017,0
9298,1,1138,1138,0
9299,1,1056,1056,0
9300,1,1095,1095,0
9970,1,978,978,0
9971,1,1085,1085,0
9972,1,1002,1002,0
10037,1,977,977,0
10038,1,1060,1060,0
10039,1,1066,1066,0
12153,1,1071,1071,0
12154,1,1005,1005,0
12155,1,1100,1100,0
12156,1,984,984,0
14184,1,1015,1015,0
13393,1,990,990,0
13394,1,1073,1073,0
13395,1,1122,1122,0
13396,1,995,995,0
15064,1,1082,1082,0
14181,1,1028,1028,0
14182,1,1034,1034,0
14183,1,1104,1104,0
15061,1,1024,1024,0
15062,1,972,972,0
15063,1,1031,1031,0
15081,1,1023,1023,0
15082,1,1026,1026,0
15083,1,1005,1005,0
15084,1,1043,1043,0
5037,1,1073,1073,0
5038,1,1053,1053,0
5039,1,1050,1050,0
5040,1,1083,1083,0
5929,1,1016,1016,0
5517,1,987,987,0
5518,1,1054,1054,0
5519,1,977,977,0
5520,1,998,998,0
5552,1,1036,1036,0
5549,1,1019,1019,0
5550,1,994,994,0
5551,1,1010,1010,0
6189,1,985,985,0
6192,1,988,988,0
5930,1,1076,1076,0
5931,1,1035,1035,0
5932,1,1045,1045,0
5965,1,1040,1040,0
5968,1,1067,1067,0
6028,1,1045,1045,0
6190,1,1047,1047,0
6191,1,1060,1060,0
6217,1,1060,1060,0
6218,1,1138,1138,0
6219,1,1045,1045,0
6220,1,1027,1027,0
6285,1,1051,1051,0
6286,1,1072,1072,0
6287,1,1079,1079,0
6288,1,1046,1046,0
6252,1,1001,1001,0
6313,1,1019,1019,0
6314,1,1064,1064,0
6315,1,1095,1095,0
6316,1,1002,1002,0
6705,1,1044,1044,0
6706,1,1078,1078,0
6707,1,1017,1017,0
6708,1,1035,1035,0
6771,1,1029,1029,0
6772,1,1014,1014,0
11329,1,1018,1018,0
11330,1,959,959,0
11331,1,965,965,0
11332,1,1049,1049,0
15233,1,1030,1030,0
15234,1,982,982,0
15235,1,1017,1017,0
15236,1,1014,1014,0
15458,1,1058,1058,0
15459,1,1103,1103,0
15460,1,1048,1048,0
15628,1,997,997,0
15690,1,992,992,0
15691,1,1115,1115,0
15692,1,1074,1074,0
15717,1,1062,1062,0
15718,1,1122,1122,0
15719,1,1068,1068,0
15922,1,1040,1040,0
15923,1,1024,1024,0
15924,1,1035,1035,0
4001,1,1031,1031,0
4002,1,1018,1018,0
4003,1,1028,1028,0
4004,1,1051,1051,0
4025,1,1059,1059,0
4026,1,1084,1084,0
4027,1,1073,1073,0
4028,1,1041,1041,0
4053,1,1030,1030,0
4056,1,1047,1047,0
4054,1,995,995,0
4055,1,1041,1041,0
4997,1,1041,1041,0
4998,1,1106,1106,0
5000,1,1075,1075,0
4999,1,1113,1113,0
5493,1,1031,1031,0
5494,1,1078,1078,0
5495,1,1007,1007,0
5496,1,1076,1076,0
5833,1,1089,1089,0
5834,1,1017,1017,0
5835,1,1032,1032,0
5836,1,978,978,0
6024,1,1091,1091,0
5921,1,1118,1118,0
5922,1,1050,1050,0
5923,1,1115,1115,0
5924,1,1075,1075,0
6000,1,1038,1038,0
5966,1,1008,1008,0
5967,1,1106,1106,0
6025,1,1121,1121,0
6026,1,1089,1089,0
6027,1,1050,1050,0
6061,1,1025,1025,0
6062,1,1056,1056,0
6063,1,1099,1099,0
6064,1,1102,1102,0
6160,1,1015,1015,0
6246,1,1062,1062,0
6247,1,1059,1059,0
6249,1,1026,1026,0
6250,1,1072,1072,0
6251,1,1048,1048,0
4873,1,982,982,0
4874,1,1010,1010,0
4875,1,1111,1111,0
4876,1,1117,1117,0
4977,1,1042,1042,0
5523,1,1006,1006,0
5524,1,1006,1006,0
5961,1,1036,1036,0
5962,1,1012,1012,0
5963,1,1062,1062,0
5964,1,988,988,0
6117,1,999,999,0
6118,1,1047,1047,0
6119,1,1058,1058,0
6120,1,1022,1022,0
8078,1,1060,1060,0
8079,1,984,984,0
15625,1,1035,1035,0
15626,1,1034,1034,0
15627,1,1038,1038,0
9681,1,1115,1115,0
9682,1,1083,1083,0
9683,1,1027,1027,0
9684,1,1090,1090,0
9713,1,990,990,0
9714,1,1110,1110,0
9715,1,1058,1058,0
9716,1,1015,1015,0
9717,1,1054,1054,0
9720,1,1051,1051,0
9718,1,1051,1051,0
9719,1,1067,1067,0
15601,1,1087,1087,0
15602,1,1071,1071,0
15603,1,1044,1044,0
10569,1,1086,1086,0
10570,1,1088,1088,0
10571,1,1104,1104,0
10572,1,1076,1076,0
15921,1,1012,1012,0
15461,1,1029,1029,0
15462,1,1043,1043,0
15463,1,1065,1065,0
15464,1,1108,1108,0
15720,1,1061,1061,0
15604,1,1088,1088,0
15917,1,1025,1025,0
15918,1,1043,1043,0
15919,1,992,992,0
15920,1,1067,1067,0
4978,1,1099,1099,0
4979,1,1037,1037,0
4980,1,1090,1090,0
5521,1,1104,1104,0
5522,1,1069,1069,0
5997,1,1032,1032,0
5998,1,1067,1067,0
5999,1,991,991,0
6769,1,1085,1085,0
6770,1,1053,1053,0
6157,1,1045,1045,0
6158,1,1009,1009,0
6159,1,1081,1081,0
8077,1,1080,1080,0
8080,1,967,967,0
6221,1,1044,1044,0
6222,1,1076,1076,0
6223,1,1031,1031,0
6224,1,1069,1069,0
15457,1,996,996,0
7913,1,1080,1080,0
7914,1,1067,1067,0
7915,1,1084,1084,0
7916,1,1015,1015,0
15624,1,1001,1001,0
9177,1,1025,1025,0
9178,1,1109,1109,0
9179,1,1071,1071,0
9180,1,984,984,0
9393,1,1089,1089,0
9193,1,1050,1050,0
9194,1,1030,1030,0
9195,1,1020,1020,0
9196,1,1007,1007,0
11328,1,1072,1072,0
9394,1,998,998,0
9395,1,992,992,0
9396,1,1049,1049,0
11325,1,1074,1074,0
11326,1,1045,1045,0
11327,1,1093,1093,0
11385,1,1076,1076,0
11386,1,1088,1088,0
14493,1,1035,1035,0
14494,1,1087,1087,0
14495,1,1013,1013,0
14496,1,1073,1073,0
15689,1,1038,1038,0
15621,1,1019,1019,0
15622,1,1052,1052,0
15623,1,1056,1056,0
8777,1,1062,1062,0
8778,1,988,988,0
8779,1,966,966,0
8780,1,1060,1060,0
10225,1,1117,1117,0
10226,1,970,970,0
10227,1,999,999,0
10228,1,1038,1038,0
10425,1,1089,1089,0
10426,1,1010,1010,0
10427,1,1086,1086,0
10428,1,1036,1036,0
11129,1,1081,1081,0
11130,1,1007,1007,0
11131,1,1005,1005,0
11132,1,1062,1062,0
15761,1,1065,1065,0
11387,1,1010,1010,0
11388,1,1125,1125,0
13345,1,1104,1104,0
13346,1,1065,1065,0
13347,1,1037,1037,0
13348,1,1006,1006,0
14448,1,999,999,0
13741,1,1070,1070,0
13742,1,993,993,0
13743,1,1096,1096,0
13744,1,1014,1014,0
14392,1,1082,1082,0
14009,1,985,985,0
14010,1,1046,1046,0
14011,1,1048,1048,0
14012,1,1005,1005,0
14672,1,1018,1018,0
14389,1,1111,1111,0
14390,1,1075,1075,0
14391,1,1045,1045,0
14445,1,1101,1101,0
14446,1,1007,1007,0
14447,1,1132,1132,0
14669,1,1128,1128,0
14670,1,1006,1006,0
14671,1,1010,1010,0
15762,1,1024,1024,0
15763,1,965,965,0
15764,1,1040,1040,0
12877,1,1060,1060,0
12878,1,1089,1089,0
12879,1,1032,1032,0
12880,1,1073,1073,0
14929,1,1023,1023,0
14930,1,1043,1043,0
14931,1,1073,1073,0
14932,1,1051,1051,0
4429,1,1043,1043,0
4430,1,1026,1026,0
4431,1,1109,1109,0
4432,1,1059,1059,0
12209,1,1034,1034,0
5473,1,1072,1072,0
5474,1,1068,1068,0
5475,1,1047,1047,0
5476,1,1087,1087,0
6497,1,1083,1083,0
5729,1,1021,1021,0
5730,1,1054,1054,0
5731,1,1040,1040,0
5732,1,1059,1059,0
8185,1,1101,1101,0
6433,1,1018,1018,0
6434,1,1053,1053,0
6435,1,1053,1053,0
6436,1,1051,1051,0
8272,1,1118,1118,0
6557,1,1076,1076,0
6558,1,1074,1074,0
6559,1,1051,1051,0
6560,1,1018,1018,0
8113,1,1073,1073,0
8803,1,1027,1027,0
8804,1,1069,1069,0
8861,1,1099,1099,0
8862,1,1012,1012,0
8864,1,1106,1106,0
8819,1,1088,1088,0
8820,1,1087,1087,0
12713,1,1056,1056,0
12714,1,988,988,0
12715,1,1004,1004,0
9202,1,1094,1094,0
9203,1,1105,1105,0
9204,1,1042,1042,0
10685,1,1086,1086,0
10686,1,1071,1071,0
10687,1,990,990,0
10745,1,966,966,0
10746,1,1047,1047,0
12716,1,1140,1140,0
4101,1,961,961,0
4102,1,1015,1015,0
4103,1,1020,1020,0
4104,1,1115,1115,0
6608,1,1059,1059,0
4469,1,1033,1033,0
4470,1,1029,1029,0
4471,1,1071,1071,0
4472,1,1077,1077,0
5673,1,1122,1122,0
6413,1,1053,1053,0
6414,1,1030,1030,0
6415,1,1069,1069,0
6416,1,1070,1070,0
6520,1,1044,1044,0
6489,1,1023,1023,0
6490,1,1083,1083,0
6491,1,1040,1040,0
6492,1,1064,1064,0
7376,1,1047,1047,0
6498,1,1083,1083,0
6499,1,1105,1105,0
6500,1,1054,1054,0
8817,1,1019,1019,0
8818,1,1023,1023,0
7373,1,990,990,0
7374,1,987,987,0
7375,1,1066,1066,0
7689,1,1116,1116,0
7690,1,1087,1087,0
7691,1,1094,1094,0
7692,1,1060,1060,0
9201,1,1059,1059,0
8114,1,1007,1007,0
8115,1,1084,1084,0
8116,1,1073,1073,0
8705,1,1014,1014,0
8706,1,1021,1021,0
8269,1,1047,1047,0
8270,1,1054,1054,0
8271,1,1021,1021,0
8707,1,1088,1088,0
8708,1,1034,1034,0
12210,1,1058,1058,0
12211,1,1049,1049,0
12212,1,1064,1064,0
4021,1,1090,1090,0
4022,1,1091,1091,0
4023,1,1061,1061,0
4024,1,1046,1046,0
7128,1,1013,1013,0
4981,1,1100,1100,0
4982,1,1082,1082,0
4983,1,1109,1109,0
4984,1,1069,1069,0
10465,1,1029,1029,0
6517,1,1048,1048,0
6518,1,1068,1068,0
6519,1,1033,1033,0
7057,1,1101,1101,0
7058,1,1058,1058,0
6605,1,983,983,0
6606,1,1055,1055,0
6607,1,1074,1074,0
15261,1,1125,1125,0
15264,1,1033,1033,0
6861,1,1052,1052,0
6862,1,1026,1026,0
6863,1,1002,1002,0
6864,1,1057,1057,0
15312,1,1105,1105,0
7125,1,1050,1050,0
7126,1,1004,1004,0
7127,1,1013,1013,0
14977,1,990,990,0
14978,1,1051,1051,0
10466,1,1026,1026,0
10467,1,1084,1084,0
10468,1,1081,1081,0
10477,1,1038,1038,0
10480,1,1060,1060,0
12610,1,1006,1006,0
12611,1,1102,1102,0
12612,1,1087,1087,0
12617,1,1029,1029,0
12618,1,1096,1096,0
13159,1,1026,1026,0
13321,1,1033,1033,0
13322,1,1048,1048,0
13323,1,1064,1064,0
13324,1,1027,1027,0
7257,1,1027,1027,0
7258,1,1061,1061,0
7259,1,997,997,0
7260,1,1050,1050,0
7753,1,1067,1067,0
7754,1,1011,1011,0
7755,1,1043,1043,0
7756,1,1117,1117,0
8237,1,1002,1002,0
8240,1,994,994,0
7989,1,1030,1030,0
7990,1,1033,1033,0
7991,1,1017,1017,0
7992,1,1109,1109,0
9568,1,1071,1071,0
8101,1,1061,1061,0
8102,1,1071,1071,0
8103,1,1107,1107,0
8104,1,1045,1045,0
9160,1,1008,1008,0
8238,1,997,997,0
8239,1,1053,1053,0
9157,1,1077,1077,0
9158,1,1095,1095,0
9159,1,987,987,0
9161,1,1019,1019,0
9162,1,1085,1085,0
9163,1,1118,1118,0
9164,1,1007,1007,0
9232,1,1070,1070,0
9229,1,1116,1116,0
9230,1,1050,1050,0
9231,1,1070,1070,0
9289,1,1041,1041,0
9290,1,1088,1088,0
9291,1,1035,1035,0
9292,1,1080,1080,0
9321,1,1040,1040,0
9322,1,1025,1025,0
9323,1,991,991,0
9324,1,999,999,0
9565,1,1026,1026,0
9566,1,1041,1041,0
9567,1,1054,1054,0
10197,1,1039,1039,0
10200,1,1032,1032,0
10198,1,982,982,0
10199,1,1013,1013,0
10421,1,1001,1001,0
10422,1,1079,1079,0
10424,1,1027,1027,0
10423,1,1109,1109,0
11765,1,1032,1032,0
11766,1,1075,1075,0
11767,1,1019,1019,0
11768,1,1043,1043,0
11549,1,1096,1096,0
11550,1,1017,1017,0
11551,1,1029,1029,0
11645,1,1077,1077,0
11648,1,1025,1025,0
11646,1,1030,1030,0
11647,1,1014,1014,0
11817,1,1041,1041,0
11818,1,1111,1111,0
11819,1,1075,1075,0
11769,1,1039,1039,0
11770,1,1089,1089,0
11771,1,1133,1133,0
11772,1,1043,1043,0
11896,1,1026,1026,0
11820,1,1067,1067,0
11885,1,1026,1026,0
11886,1,1036,1036,0
11887,1,987,987,0
11888,1,1086,1086,0
11893,1,1081,1081,0
11894,1,989,989,0
11895,1,1037,1037,0
12349,1,1032,1032,0
12350,1,1028,1028,0
12351,1,1058,1058,0
12352,1,1070,1070,0
12480,1,1007,1007,0
12477,1,1067,1067,0
12478,1,1049,1049,0
12479,1,1011,1011,0
12581,1,1125,1125,0
12584,1,1076,1076,0
12582,1,986,986,0
12583,1,1015,1015,0
4077,1,1038,1038,0
4078,1,1143,1143,0
4079,1,1057,1057,0
4080,1,1048,1048,0
5737,1,1111,1111,0
4221,1,1082,1082,0
4222,1,1061,1061,0
4223,1,1122,1122,0
4224,1,1033,1033,0
5280,1,1093,1093,0
5246,1,1105,1105,0
5247,1,1117,1117,0
5277,1,1026,1026,0
5278,1,1049,1049,0
5279,1,1047,1047,0
6121,1,1023,1023,0
6122,1,1122,1122,0
6123,1,1107,1107,0
6124,1,1086,1086,0
9617,1,1058,1058,0
9491,1,982,982,0
9492,1,988,988,0
9618,1,1126,1126,0
9619,1,1058,1058,0
9620,1,964,964,0
9745,1,1087,1087,0
9746,1,1048,1048,0
9747,1,982,982,0
9748,1,1033,1033,0
4105,1,1103,1103,0
4106,1,1086,1086,0
4107,1,1058,1058,0
4108,1,989,989,0
6240,1,1015,1015,0
4257,1,1009,1009,0
4258,1,1108,1108,0
4259,1,1066,1066,0
4260,1,1006,1006,0
5249,1,1065,1065,0
4285,1,1052,1052,0
4286,1,1088,1088,0
4287,1,1057,1057,0
4288,1,1019,1019,0
5208,1,1065,1065,0
5205,1,1022,1022,0
5206,1,1114,1114,0
5207,1,988,988,0
5245,1,1062,1062,0
5248,1,1063,1063,0
5250,1,1006,1006,0
5251,1,1092,1092,0
5252,1,975,975,0
5738,1,1033,1033,0
5739,1,1059,1059,0
5740,1,1068,1068,0
6237,1,1029,1029,0
6238,1,1052,1052,0
6239,1,1044,1044,0
8405,1,1112,1112,0
8406,1,1075,1075,0
8407,1,1024,1024,0
8408,1,1014,1014,0
8457,1,1043,1043,0
8458,1,1057,1057,0
8459,1,1034,1034,0
8460,1,1028,1028,0
9489,1,1045,1045,0
9490,1,1032,1032,0
9993,1,1086,1086,0
9994,1,1018,1018,0
9995,1,1047,1047,0
9996,1,1046,1046,0
11320,1,1012,1012,0
10141,1,1135,1135,0
10142,1,1069,1069,0
10143,1,1013,1013,0
10144,1,1017,1017,0
12544,1,996,996,0
10173,1,1070,1070,0
10174,1,1062,1062,0
10175,1,1025,1025,0
10176,1,1074,1074,0
11217,1,1096,1096,0
11218,1,1041,1041,0
11219,1,1042,1042,0
11220,1,969,969,0
11317,1,1032,1032,0
11318,1,1075,1075,0
11319,1,1018,1018,0
12541,1,1061,1061,0
12542,1,1123,1123,0
12543,1,969,969,0
12545,1,1052,1052,0
12546,1,1076,1076,0
12547,1,1071,1071,0
12548,1,1115,1115,0
14176,1,1025,1025,0
13377,1,1017,1017,0
13378,1,1048,1048,0
13379,1,1047,1047,0
13380,1,997,997,0
13544,1,1093,1093,0
13433,1,1036,1036,0
13434,1,1026,1026,0
13435,1,1069,1069,0
13436,1,1023,1023,0
14169,1,1021,1021,0
13541,1,1075,1075,0
13542,1,1043,1043,0
13543,1,1113,1113,0
14173,1,1077,1077,0
14174,1,1117,1117,0
14175,1,1066,1066,0
297,1,1088,1088,0
298,1,1063,1063,0
299,1,1029,1029,0
300,1,1077,1077,0
3153,1,1076,1076,0
957,1,1069,1069,0
958,1,1002,1002,0
959,1,1013,1013,0
960,1,979,979,0
2425,1,1007,1007,0
2299,1,1031,1031,0
2300,1,1060,1060,0
2361,1,1024,1024,0
2362,1,1102,1102,0
2363,1,1036,1036,0
2364,1,1040,1040,0
3361,1,1050,1050,0
2426,1,1034,1034,0
2427,1,1113,1113,0
2428,1,1089,1089,0
2489,1,1084,1084,0
2490,1,1098,1098,0
2491,1,1053,1053,0
2492,1,1062,1062,0
3752,1,1100,1100,0
3154,1,1022,1022,0
3155,1,1013,1013,0
3156,1,988,988,0
3897,1,1018,1018,0
3898,1,1086,1086,0
3362,1,1093,1093,0
3363,1,1107,1107,0
3364,1,1045,1045,0
3461,1,1110,1110,0
3464,1,1059,1059,0
3462,1,1008,1008,0
3463,1,1018,1018,0
3493,1,1018,1018,0
3494,1,1055,1055,0
3495,1,1056,1056,0
3496,1,1048,1048,0
3960,1,1050,1050,0
3730,1,1014,1014,0
3731,1,1080,1080,0
3732,1,1087,1087,0
3749,1,1027,1027,0
3750,1,1051,1051,0
3751,1,1000,1000,0
3899,1,966,966,0
3900,1,1058,1058,0
3957,1,1106,1106,0
3958,1,1036,1036,0
3959,1,1061,1061,0
181,1,1011,1011,0
182,1,1015,1015,0
183,1,1036,1036,0
184,1,1051,1051,0
3384,1,1016,1016,0
441,1,1101,1101,0
442,1,1008,1008,0
443,1,1037,1037,0
444,1,1029,1029,0
1145,1,986,986,0
1146,1,1069,1069,0
1147,1,1056,1056,0
1148,1,1052,1052,0
1913,1,1014,1014,0
1914,1,1042,1042,0
1915,1,1030,1030,0
1916,1,1047,1047,0
1968,1,1011,1011,0
1965,1,1043,1043,0
1966,1,1089,1089,0
1967,1,977,977,0
3481,1,1076,1076,0
3482,1,1125,1125,0
1973,1,1093,1093,0
1974,1,1136,1136,0
1975,1,1017,1017,0
1976,1,1034,1034,0
3729,1,1062,1062,0
2553,1,1051,1051,0
2554,1,1039,1039,0
2555,1,1075,1075,0
2556,1,1017,1017,0
3928,1,1082,1082,0
3381,1,1044,1044,0
3382,1,1014,1014,0
3383,1,1092,1092,0
3483,1,1110,1110,0
3484,1,1054,1054,0
3709,1,1052,1052,0
3710,1,1050,1050,0
3712,1,1019,1019,0
3711,1,1111,1111,0
3925,1,983,983,0
3926,1,1087,1087,0
3927,1,1083,1083,0
217,1,1000,1000,0
218,1,1010,1010,0
219,1,980,980,0
220,1,1130,1130,0
2321,1,1048,1048,0
301,1,1072,1072,0
302,1,1066,1066,0
303,1,995,995,0
304,1,1099,1099,0
2737,1,1006,1006,0
341,1,1110,1110,0
342,1,1070,1070,0
343,1,1049,1049,0
344,1,1091,1091,0
2185,1,1042,1042,0
2186,1,1065,1065,0
2187,1,1020,1020,0
2188,1,1073,1073,0
2297,1,1023,1023,0
2298,1,1077,1077,0
2322,1,1038,1038,0
2323,1,1021,1021,0
2324,1,1077,1077,0
2738,1,1010,1010,0
2739,1,1071,1071,0
2740,1,1016,1016,0
4869,1,1045,1045,0
4870,1,1050,1050,0
4871,1,1046,1046,0
4872,1,1050,1050,0
4880,1,1029,1029,0
4877,1,1091,1091,0
4878,1,1018,1018,0
4879,1,1082,1082,0
5985,1,1045,1045,0
5986,1,1010,1010,0
4909,1,1114,1114,0
4910,1,1067,1067,0
4911,1,1041,1041,0
4912,1,1015,1015,0
10313,1,1029,1029,0
4917,1,1049,1049,0
4918,1,1010,1010,0
4919,1,1077,1077,0
4920,1,1066,1066,0
4929,1,1068,1068,0
4930,1,1071,1071,0
4931,1,1057,1057,0
4932,1,1098,1098,0
5987,1,1057,1057,0
5988,1,1015,1015,0
5989,1,1026,1026,0
5990,1,1090,1090,0
5992,1,998,998,0
5991,1,1065,1065,0
6085,1,1069,1069,0
6086,1,1060,1060,0
6087,1,1109,1109,0
6088,1,992,992,0
6125,1,1105,1105,0
6126,1,1017,1017,0
6127,1,1041,1041,0
6128,1,1092,1092,0
6872,1,1027,1027,0
6145,1,1028,1028,0
6146,1,1013,1013,0
6147,1,1086,1086,0
6148,1,1054,1054,0
15632,1,1062,1062,0
6869,1,993,993,0
6870,1,1062,1062,0
6871,1,1077,1077,0
10314,1,999,999,0
10315,1,1015,1015,0
10316,1,1069,1069,0
15629,1,1072,1072,0
15630,1,1026,1026,0
15631,1,1011,1011,0
7105,1,1054,1054,0
7106,1,1099,1099,0
7107,1,1075,1075,0
7108,1,998,998,0
12881,1,1077,1077,0
7757,1,988,988,0
7758,1,1064,1064,0
7759,1,1056,1056,0
7760,1,1123,1123,0
9897,1,1023,1023,0
7965,1,1042,1042,0
7966,1,1008,1008,0
7967,1,1061,1061,0
7968,1,1020,1020,0
9344,1,1092,1092,0
9341,1,1006,1006,0
9342,1,1028,1028,0
9343,1,1044,1044,0
9898,1,1044,1044,0
9899,1,1104,1104,0
9900,1,1065,1065,0
11225,1,1015,1015,0
11226,1,1120,1120,0
10325,1,1091,1091,0
10326,1,1109,1109,0
10327,1,1080,1080,0
10328,1,1037,1037,0
14096,1,1040,1040,0
11227,1,1053,1053,0
11228,1,1029,1029,0
11677,1,1036,1036,0
11678,1,1083,1083,0
11680,1,1027,1027,0
11679,1,1102,1102,0
12882,1,1058,1058,0
12883,1,1036,1036,0
12884,1,1033,1033,0
12905,1,992,992,0
12906,1,1008,1008,0
12907,1,1077,1077,0
12908,1,990,990,0
15288,1,988,988,0
14093,1,1097,1097,0
14094,1,1006,1006,0
14095,1,1017,1017,0
15285,1,1024,1024,0
15286,1,1124,1124,0
15287,1,1082,1082,0
77,1,1104,1104,0
78,1,1091,1091,0
79,1,1015,1015,0
80,1,1064,1064,0
1217,1,1013,1013,0
661,1,1065,1065,0
662,1,991,991,0
663,1,987,987,0
664,1,1090,1090,0
864,1,999,999,0
861,1,1026,1026,0
862,1,1008,1008,0
863,1,1059,1059,0
2173,1,1028,1028,0
2176,1,1076,1076,0
1218,1,1014,1014,0
1219,1,1099,1099,0
1220,1,1040,1040,0
2265,1,1047,1047,0
2266,1,1101,1101,0
2174,1,1086,1086,0
2175,1,993,993,0
2333,1,1026,1026,0
2334,1,1080,1080,0
2336,1,1006,1006,0
2267,1,991,991,0
2268,1,1090,1090,0
2335,1,1054,1054,0
3077,1,1011,1011,0
3078,1,1080,1080,0
3079,1,1012,1012,0
3080,1,1048,1048,0
3113,1,1029,1029,0
3114,1,1059,1059,0
3115,1,1041,1041,0
3116,1,1001,1001,0
3209,1,1054,1054,0
3210,1,978,978,0
3211,1,1068,1068,0
3212,1,1040,1040,0
3401,1,1070,1070,0
3402,1,1087,1087,0
3403,1,992,992,0
3404,1,1023,1023,0
265,1,1031,1031,0
266,1,1002,1002,0
267,1,1047,1047,0
268,1,1055,1055,0
401,1,956,956,0
402,1,1066,1066,0
403,1,1082,1082,0
404,1,1036,1036,0
2845,1,1029,1029,0
2848,1,1028,1028,0
1157,1,1066,1066,0
1158,1,1058,1058,0
1159,1,1003,1003,0
1160,1,1066,1066,0
2312,1,1088,1088,0
1717,1,1058,1058,0
1718,1,1045,1045,0
1719,1,1063,1063,0
1720,1,1079,1079,0
2129,1,997,997,0
2130,1,964,964,0
2131,1,1045,1045,0
2132,1,1033,1033,0
2457,1,1119,1119,0
2458,1,1062,1062,0
2309,1,1025,1025,0
2310,1,1043,1043,0
2311,1,1086,1086,0
2613,1,1047,1047,0
2616,1,1080,1080,0
2459,1,1029,1029,0
2460,1,1017,1017,0
2569,1,1060,1060,0
2570,1,1025,1025,0
2571,1,976,976,0
2572,1,1080,1080,0
2614,1,1021,1021,0
2615,1,1054,1054,0
2846,1,1057,1057,0
2847,1,1038,1038,0
3185,1,999,999,0
3186,1,1032,1032,0
3187,1,1022,1022,0
3188,1,1015,1015,0
205,1,1031,1031,0
206,1,1049,1049,0
207,1,1040,1040,0
208,1,1077,1077,0
393,1,1088,1088,0
394,1,1069,1069,0
395,1,1022,1022,0
396,1,1105,1105,0
405,1,1057,1057,0
408,1,1041,1041,0
406,1,1039,1039,0
407,1,1006,1006,0
3713,1,1018,1018,0
3714,1,1022,1022,0
3715,1,1095,1095,0
501,1,998,998,0
502,1,1080,1080,0
503,1,1027,1027,0
504,1,1010,1010,0
2472,1,1051,1051,0
873,1,1010,1010,0
874,1,1027,1027,0
875,1,1068,1068,0
876,1,1074,1074,0
3000,1,1013,1013,0
2469,1,1139,1139,0
2470,1,1094,1094,0
2471,1,1030,1030,0
2997,1,1037,1037,0
2998,1,1085,1085,0
2999,1,1025,1025,0
3053,1,1039,1039,0
3056,1,1071,1071,0
3054,1,993,993,0
3055,1,1056,1056,0
3097,1,1016,1016,0
3098,1,1056,1056,0
3099,1,1018,1018,0
3100,1,997,997,0
3873,1,1010,1010,0
3874,1,1082,1082,0
3875,1,1010,1010,0
3876,1,1041,1041,0
3193,1,1004,1004,0
3194,1,1092,1092,0
3195,1,1059,1059,0
3196,1,1064,1064,0
3257,1,1090,1090,0
3258,1,1053,1053,0
3259,1,1051,1051,0
3260,1,1032,1032,0
3716,1,1128,1128,0
917,1,1080,1080,0
918,1,1023,1023,0
919,1,1017,1017,0
920,1,1087,1087,0
3072,1,997,997,0
1089,1,1033,1033,0
1090,1,1020,1020,0
1091,1,999,999,0
1092,1,1034,1034,0
1224,1,1036,1036,0
1221,1,1111,1111,0
1222,1,1087,1087,0
1223,1,1084,1084,0
2081,1,1050,1050,0
2082,1,1027,1027,0
2083,1,1072,1072,0
2084,1,1101,1101,0
3521,1,1026,1026,0
3069,1,1069,1069,0
3070,1,1036,1036,0
3071,1,1102,1102,0
3133,1,1066,1066,0
3134,1,1036,1036,0
3135,1,1017,1017,0
3136,1,1041,1041,0
3680,1,992,992,0
3522,1,1005,1005,0
3523,1,1089,1089,0
3524,1,1083,1083,0
3677,1,1038,1038,0
3678,1,1031,1031,0
3679,1,1075,1075,0
117,1,1059,1059,0
118,1,1043,1043,0
119,1,1090,1090,0
120,1,1075,1075,0
176,1,1068,1068,0
169,1,1030,1030,0
170,1,1054,1054,0
171,1,1081,1081,0
172,1,1003,1003,0
3409,1,1055,1055,0
173,1,1022,1022,0
174,1,1044,1044,0
175,1,993,993,0
2369,1,1050,1050,0
2370,1,990,990,0
2366,1,1009,1009,0
2367,1,1036,1036,0
2385,1,1091,1091,0
2386,1,1087,1087,0
2387,1,1029,1029,0
2371,1,1062,1062,0
2372,1,1083,1083,0
2388,1,1008,1008,0
2513,1,1054,1054,0
2514,1,1095,1095,0
2515,1,1070,1070,0
2516,1,1007,1007,0
2467,1,1032,1032,0
2468,1,1031,1031,0
3009,1,1093,1093,0
3010,1,1096,1096,0
3011,1,1029,1029,0
2921,1,1087,1087,0
2922,1,999,999,0
2923,1,1085,1085,0
2924,1,1093,1093,0
3112,1,1067,1067,0
3349,1,1083,1083,0
3350,1,1066,1066,0
3351,1,1036,1036,0
3352,1,1124,1124,0
3360,1,1015,1015,0
3357,1,1033,1033,0
3358,1,989,989,0
3359,1,1063,1063,0
3609,1,991,991,0
3610,1,1017,1017,0
3410,1,1078,1078,0
3411,1,1103,1103,0
3412,1,1115,1115,0
1481,1,1049,1049,0
1482,1,1014,1014,0
1483,1,999,999,0
1484,1,995,995,0
2680,1,1051,1051,0
2677,1,1082,1082,0
2678,1,1029,1029,0
2679,1,1021,1021,0
461,1,981,981,0
462,1,1053,1053,0
463,1,1040,1040,0
464,1,1088,1088,0
3040,1,1074,1074,0
529,1,976,976,0
530,1,1067,1067,0
531,1,1079,1079,0
532,1,1043,1043,0
3305,1,1015,1015,0
933,1,1105,1105,0
934,1,1070,1070,0
935,1,1004,1004,0
936,1,994,994,0
3249,1,1063,1063,0
3037,1,1052,1052,0
3038,1,1016,1016,0
3039,1,1054,1054,0
3250,1,1108,1108,0
3251,1,1001,1001,0
3252,1,1071,1071,0
3693,1,1019,1019,0
3696,1,1144,1144,0
3306,1,998,998,0
3307,1,990,990,0
3308,1,1035,1035,0
3694,1,1024,1024,0
3695,1,1104,1104,0
629,1,1010,1010,0
630,1,1069,1069,0
631,1,1046,1046,0
632,1,1032,1032,0
1368,1,1066,1066,0
757,1,1080,1080,0
758,1,1090,1090,0
759,1,1071,1071,0
1365,1,1012,1012,0
1366,1,1070,1070,0
1367,1,1031,1031,0
1889,1,991,991,0
1890,1,1047,1047,0
1891,1,1085,1085,0
1892,1,1024,1024,0
3137,1,1005,1005,0
3138,1,1002,1002,0
3139,1,992,992,0
2541,1,1042,1042,0
2542,1,1018,1018,0
2543,1,1046,1046,0
2544,1,1095,1095,0
2749,1,1024,1024,0
2750,1,1011,1011,0
2751,1,1064,1064,0
3012,1,1020,1020,0
3013,1,1016,1016,0
3014,1,1047,1047,0
3015,1,1079,1079,0
3109,1,1046,1046,0
3110,1,1028,1028,0
3111,1,1060,1060,0
3140,1,1081,1081,0
3159,1,1025,1025,0
3243,1,1091,1091,0
3244,1,1071,1071,0
3611,1,1092,1092,0
3612,1,1067,1067,0
3719,1,1087,1087,0
3722,1,1135,1135,0
3723,1,1055,1055,0
3724,1,1029,1029,0
625,1,1009,1009,0
626,1,1086,1086,0
627,1,1001,1001,0
628,1,1040,1040,0
656,1,1094,1094,0
653,1,1029,1029,0
654,1,1066,1066,0
655,1,1102,1102,0
761,1,1031,1031,0
762,1,1049,1049,0
763,1,1115,1115,0
764,1,1071,1071,0
2009,1,1121,1121,0
2010,1,1066,1066,0
2011,1,1008,1008,0
1181,1,965,965,0
1182,1,1057,1057,0
1183,1,948,948,0
1184,1,1047,1047,0
3168,1,1017,1017,0
2012,1,1033,1033,0
2061,1,1042,1042,0
2062,1,1082,1082,0
2063,1,991,991,0
2064,1,1062,1062,0
2201,1,1016,1016,0
2202,1,1047,1047,0
2203,1,1040,1040,0
2204,1,1023,1023,0
2433,1,1083,1083,0
2434,1,1074,1074,0
2435,1,1055,1055,0
2436,1,1062,1062,0
2589,1,1039,1039,0
2592,1,1028,1028,0
2590,1,1087,1087,0
2591,1,1079,1079,0
2905,1,1084,1084,0
2906,1,1075,1075,0
2907,1,1063,1063,0
2908,1,1127,1127,0
3081,1,985,985,0
3082,1,1027,1027,0
3083,1,1085,1085,0
3084,1,1144,1144,0
3105,1,1037,1037,0
3106,1,1101,1101,0
3107,1,1036,1036,0
3108,1,1026,1026,0
3176,1,1073,1073,0
3165,1,1079,1079,0
3166,1,1024,1024,0
3167,1,1001,1001,0
3241,1,1087,1087,0
3242,1,1108,1108,0
3173,1,1087,1087,0
3174,1,981,981,0
3175,1,1081,1081,0
3261,1,1053,1053,0
3264,1,1041,1041,0
729,1,1031,1031,0
730,1,1037,1037,0
731,1,1003,1003,0
732,1,1108,1108,0
1537,1,1061,1061,0
753,1,1006,1006,0
754,1,1017,1017,0
755,1,1094,1094,0
756,1,1055,1055,0
1393,1,1015,1015,0
1109,1,1064,1064,0
1110,1,1067,1067,0
1111,1,1114,1114,0
1112,1,1037,1037,0
3016,1,1066,1066,0
1394,1,998,998,0
1395,1,1109,1109,0
1396,1,1014,1014,0
2205,1,1070,1070,0
2208,1,1082,1082,0
1538,1,1022,1022,0
1539,1,1095,1095,0
1540,1,1097,1097,0
2349,1,1028,1028,0
2352,1,1110,1110,0
2206,1,1055,1055,0
2207,1,976,976,0
2229,1,1124,1124,0
2230,1,1090,1090,0
2232,1,1050,1050,0
2231,1,998,998,0
2525,1,1040,1040,0
2526,1,1055,1055,0
2527,1,1031,1031,0
2528,1,1013,1013,0
2350,1,1101,1101,0
2351,1,1013,1013,0
2581,1,1073,1073,0
2582,1,1099,1099,0
2584,1,1109,1109,0
2583,1,991,991,0
3197,1,1095,1095,0
3198,1,971,971,0
3199,1,1098,1098,0
3200,1,1005,1005,0
3073,1,1061,1061,0
3074,1,1035,1035,0
3075,1,1019,1019,0
3076,1,1013,1013,0
3721,1,1022,1022,0
3262,1,1013,1013,0
3263,1,1026,1026,0
3717,1,1044,1044,0
3718,1,1034,1034,0
3720,1,1025,1025,0
17,1,1060,1060,0
18,1,1081,1081,0
19,1,1026,1026,0
20,1,1088,1088,0
425,1,1097,1097,0
373,1,990,990,0
374,1,1008,1008,0
375,1,1078,1078,0
376,1,1097,1097,0
1305,1,1011,1011,0
426,1,1102,1102,0
427,1,998,998,0
428,1,1039,1039,0
561,1,1103,1103,0
562,1,1054,1054,0
505,1,1029,1029,0
506,1,1058,1058,0
507,1,1030,1030,0
508,1,1097,1097,0
536,1,1011,1011,0
533,1,1078,1078,0
534,1,1112,1112,0
535,1,1037,1037,0
1285,1,1032,1032,0
1288,1,1053,1053,0
563,1,1105,1105,0
564,1,1081,1081,0
1133,1,1036,1036,0
1134,1,1098,1098,0
1136,1,1051,1051,0
609,1,1060,1060,0
610,1,1073,1073,0
611,1,1021,1021,0
612,1,1071,1071,0
760,1,1048,1048,0
1135,1,1076,1076,0
1189,1,1117,1117,0
1190,1,1034,1034,0
1191,1,1025,1025,0
1192,1,1084,1084,0
1286,1,952,952,0
1287,1,1075,1075,0
3157,1,1052,1052,0
3158,1,1054,1054,0
3160,1,966,966,0
1306,1,1047,1047,0
1307,1,1042,1042,0
1308,1,1053,1053,0
1929,1,1086,1086,0
1930,1,1007,1007,0
1445,1,1035,1035,0
1446,1,1122,1122,0
1447,1,1038,1038,0
1448,1,1039,1039,0
2272,1,1015,1015,0
1749,1,1074,1074,0
1750,1,1055,1055,0
1751,1,1072,1072,0
1752,1,1064,1064,0
2752,1,1034,1034,0
1757,1,1115,1115,0
1758,1,1082,1082,0
1759,1,1041,1041,0
1760,1,1087,1087,0
2160,1,1065,1065,0
1931,1,978,978,0
1932,1,1028,1028,0
2293,1,1099,1099,0
2294,1,1101,1101,0
2296,1,1032,1032,0
2157,1,1035,1035,0
2158,1,1056,1056,0
2159,1,1089,1089,0
2365,1,1069,1069,0
2368,1,1068,1068,0
2269,1,1095,1095,0
2270,1,1100,1100,0
2271,1,1013,1013,0
2465,1,1098,1098,0
2466,1,1035,1035,0
2295,1,1023,1023,0
3021,1,1093,1093,0
3022,1,991,991,0
3023,1,1036,1036,0
3024,1,1048,1048,0
4069,1,1056,1056,0
4070,1,1045,1045,0
4071,1,981,981,0
4072,1,1061,1061,0
10649,1,1043,1043,0
4209,1,1034,1034,0
4210,1,1045,1045,0
4211,1,1107,1107,0
4212,1,1020,1020,0
5089,1,1027,1027,0
5090,1,1054,1054,0
5091,1,1040,1040,0
5092,1,992,992,0
5753,1,1018,1018,0
5754,1,1070,1070,0
5755,1,1063,1063,0
5756,1,1071,1071,0
6505,1,1067,1067,0
6506,1,1059,1059,0
6507,1,1063,1063,0
6508,1,1034,1034,0
6609,1,1031,1031,0
6610,1,1097,1097,0
6611,1,1055,1055,0
6612,1,976,976,0
11233,1,1079,1079,0
10461,1,1043,1043,0
10462,1,1061,1061,0
10463,1,1050,1050,0
10525,1,1126,1126,0
10526,1,1024,1024,0
10527,1,1084,1084,0
10528,1,988,988,0
10529,1,1071,1071,0
10590,1,1008,1008,0
10591,1,1054,1054,0
10650,1,1053,1053,0
10651,1,1031,1031,0
10652,1,980,980,0
11724,1,1006,1006,0
15258,1,1057,1057,0
15259,1,1046,1046,0
15260,1,1032,1032,0
6349,1,1138,1138,0
6350,1,1018,1018,0
6351,1,997,997,0
6352,1,1098,1098,0
10464,1,996,996,0
7729,1,1103,1103,0
7730,1,1116,1116,0
7731,1,1015,1015,0
7732,1,1003,1003,0
8112,1,990,990,0
9641,1,1064,1064,0
9642,1,1059,1059,0
9643,1,1010,1010,0
9644,1,1108,1108,0
12769,1,1059,1059,0
10241,1,1011,1011,0
10242,1,998,998,0
10243,1,1117,1117,0
10244,1,1046,1046,0
11032,1,1088,1088,0
10530,1,1041,1041,0
10531,1,1010,1010,0
10532,1,1058,1058,0
10589,1,1088,1088,0
10592,1,1045,1045,0
11029,1,1058,1058,0
11030,1,994,994,0
11031,1,1082,1082,0
11533,1,1116,1116,0
11536,1,1022,1022,0
11234,1,1010,1010,0
11235,1,1097,1097,0
11236,1,1020,1020,0
11534,1,1001,1001,0
11535,1,1019,1019,0
11721,1,1001,1001,0
11722,1,1049,1049,0
11723,1,1086,1086,0
12770,1,1064,1064,0
12771,1,1064,1064,0
12772,1,1084,1084,0
14825,1,1120,1120,0
14826,1,1087,1087,0
14827,1,1049,1049,0
14828,1,1080,1080,0
15257,1,1077,1077,0
6397,1,1010,1010,0
6398,1,1066,1066,0
6399,1,1065,1065,0
6400,1,985,985,0
9288,1,1010,1010,0
7245,1,1103,1103,0
7246,1,1094,1094,0
7247,1,1084,1084,0
7248,1,1071,1071,0
11937,1,977,977,0
7249,1,1074,1074,0
7250,1,1005,1005,0
7251,1,1095,1095,0
7252,1,1087,1087,0
9072,1,976,976,0
7613,1,1056,1056,0
7614,1,1021,1021,0
7615,1,1091,1091,0
7616,1,1075,1075,0
12720,1,1099,1099,0
8109,1,970,970,0
8110,1,1123,1123,0
8111,1,1046,1046,0
8853,1,980,980,0
8856,1,1058,1058,0
8854,1,1052,1052,0
8855,1,1004,1004,0
15869,1,1071,1071,0
15870,1,1080,1080,0
15872,1,1066,1066,0
9069,1,1074,1074,0
9070,1,1109,1109,0
9071,1,1023,1023,0
9285,1,1087,1087,0
9286,1,1016,1016,0
9287,1,961,961,0
11938,1,1130,1130,0
11939,1,1029,1029,0
11940,1,993,993,0
12717,1,1060,1060,0
12718,1,968,968,0
12719,1,1092,1092,0
15871,1,1026,1026,0
7177,1,1017,1017,0
7178,1,1008,1008,0
7179,1,1075,1075,0
7180,1,1020,1020,0
14648,1,1054,1054,0
13085,1,1069,1069,0
13086,1,1005,1005,0
13087,1,1030,1030,0
13088,1,1084,1084,0
14377,1,1012,1012,0
13161,1,1037,1037,0
13162,1,1016,1016,0
13163,1,1046,1046,0
13164,1,1026,1026,0
13952,1,1076,1076,0
13773,1,1063,1063,0
13774,1,1037,1037,0
13775,1,1001,1001,0
13776,1,1017,1017,0
14624,1,1053,1053,0
13949,1,1026,1026,0
13950,1,1000,1000,0
13951,1,1020,1020,0
14378,1,1092,1092,0
14379,1,1045,1045,0
14380,1,1061,1061,0
14565,1,1136,1136,0
14568,1,1089,1089,0
14566,1,1046,1046,0
14567,1,1048,1048,0
14569,1,1012,1012,0
14570,1,1121,1121,0
14571,1,1079,1079,0
14572,1,1058,1058,0
15389,1,1078,1078,0
15390,1,1005,1005,0
15391,1,1069,1069,0
15392,1,1069,1069,0
14621,1,1111,1111,0
14622,1,1071,1071,0
14623,1,1017,1017,0
14645,1,1035,1035,0
14646,1,994,994,0
14647,1,1016,1016,0
5937,1,1001,1001,0
5938,1,1090,1090,0
5939,1,1052,1052,0
5940,1,1029,1029,0
12456,1,1098,1098,0
12453,1,1091,1091,0
12454,1,986,986,0
12455,1,1018,1018,0
12981,1,999,999,0
12982,1,989,989,0
12983,1,1030,1030,0
12984,1,1058,1058,0
15088,1,1060,1060,0
15085,1,1023,1023,0
15086,1,1116,1116,0
15087,1,1069,1069,0
5189,1,1012,1012,0
5190,1,1042,1042,0
5191,1,1031,1031,0
6213,1,1073,1073,0
6216,1,1000,1000,0
5297,1,1075,1075,0
5298,1,1062,1062,0
5299,1,990,990,0
5300,1,1087,1087,0
5328,1,1004,1004,0
5627,1,1073,1073,0
5628,1,976,976,0
5770,1,1068,1068,0
5771,1,969,969,0
5772,1,1034,1034,0
6214,1,1121,1121,0
6215,1,1081,1081,0
6291,1,1030,1030,0
6292,1,1053,1053,0
6677,1,1085,1085,0
6678,1,1112,1112,0
6680,1,1038,1038,0
6703,1,1025,1025,0
6765,1,1039,1039,0
6766,1,1046,1046,0
6767,1,986,986,0
6768,1,1059,1059,0
15664,1,1048,1048,0
6774,1,1068,1068,0
6775,1,993,993,0
9755,1,1119,1119,0
9756,1,1028,1028,0
10517,1,1021,1021,0
10518,1,1011,1011,0
10519,1,1037,1037,0
14557,1,1026,1026,0
14560,1,1021,1021,0
11012,1,1063,1063,0
14558,1,1119,1119,0
14559,1,1048,1048,0
14766,1,1020,1020,0
14767,1,1029,1029,0
15470,1,1040,1040,0
15471,1,1024,1024,0
15943,1,1008,1008,0
4281,1,1043,1043,0
4282,1,1046,1046,0
4283,1,969,969,0
4284,1,1035,1035,0
4296,1,1058,1058,0
4293,1,1014,1014,0
4294,1,1039,1039,0
4295,1,1051,1051,0
6482,1,1063,1063,0
6483,1,1088,1088,0
6484,1,1080,1080,0
6805,1,1067,1067,0
6806,1,1021,1021,0
6807,1,1060,1060,0
6808,1,1027,1027,0
6833,1,1023,1023,0
6834,1,1067,1067,0
6835,1,999,999,0
6836,1,1039,1039,0
15937,1,984,984,0
10882,1,1032,1032,0
10883,1,1072,1072,0
10884,1,1073,1073,0
11602,1,1044,1044,0
11603,1,982,982,0
11604,1,1088,1088,0
12535,1,1043,1043,0
12778,1,1075,1075,0
12779,1,1016,1016,0
12780,1,1090,1090,0
14730,1,1022,1022,0
14731,1,1010,1010,0
14732,1,1105,1105,0
14773,1,1105,1105,0
14774,1,1046,1046,0
14775,1,1042,1042,0
15661,1,1037,1037,0
15662,1,968,968,0
15663,1,1076,1076,0
15938,1,1097,1097,0
15939,1,1016,1016,0
15940,1,1073,1073,0
4521,1,1089,1089,0
4522,1,1080,1080,0
4523,1,1019,1019,0
4524,1,1013,1013,0
4641,1,1102,1102,0
4585,1,1123,1123,0
4586,1,1112,1112,0
4587,1,1009,1009,0
4588,1,1065,1065,0
9792,1,1029,1029,0
4642,1,1016,1016,0
4643,1,1134,1134,0
4644,1,1045,1045,0
8625,1,1067,1067,0
8626,1,1046,1046,0
4657,1,1102,1102,0
4658,1,1031,1031,0
4659,1,1002,1002,0
4660,1,1051,1051,0
9432,1,1067,1067,0
8627,1,1052,1052,0
8628,1,1098,1098,0
12533,1,1026,1026,0
12534,1,1040,1040,0
12536,1,1021,1021,0
8990,1,1017,1017,0
8991,1,1073,1073,0
9515,1,1017,1017,0
9516,1,1017,1017,0
9789,1,1020,1020,0
9790,1,1006,1006,0
9791,1,1025,1025,0
11877,1,1064,1064,0
11880,1,1061,1061,0
9798,1,1031,1031,0
9799,1,1037,1037,0
10022,1,978,978,0
10023,1,1099,1099,0
10054,1,1121,1121,0
10055,1,1080,1080,0
11878,1,988,988,0
11879,1,1024,1024,0
12213,1,1018,1018,0
12214,1,1058,1058,0
12215,1,1076,1076,0
4049,1,1002,1002,0
4050,1,1084,1084,0
4051,1,1074,1074,0
4052,1,1050,1050,0
5960,1,1058,1058,0
4617,1,1113,1113,0
4618,1,1031,1031,0
4619,1,1096,1096,0
4620,1,1010,1010,0
9265,1,1053,1053,0
4933,1,1101,1101,0
4934,1,1044,1044,0
4935,1,1084,1084,0
4936,1,1049,1049,0
5065,1,1005,1005,0
5066,1,1086,1086,0
5067,1,1042,1042,0
5068,1,987,987,0
5141,1,1071,1071,0
5144,1,1034,1034,0
5142,1,1090,1090,0
5143,1,1052,1052,0
5953,1,1005,1005,0
5954,1,1049,1049,0
5955,1,1072,1072,0
5956,1,1076,1076,0
6081,1,1117,1117,0
6082,1,1069,1069,0
6083,1,1002,1002,0
6084,1,1033,1033,0
5957,1,1112,1112,0
5958,1,1009,1009,0
5959,1,1111,1111,0
6193,1,1042,1042,0
6194,1,996,996,0
6195,1,1069,1069,0
6196,1,1033,1033,0
6697,1,1103,1103,0
6698,1,1069,1069,0
6699,1,1115,1115,0
6700,1,1055,1055,0
6741,1,1004,1004,0
6742,1,1071,1071,0
6743,1,1047,1047,0
6744,1,1022,1022,0
8865,1,1000,1000,0
8866,1,1014,1014,0
8867,1,1052,1052,0
8868,1,1060,1060,0
9984,1,1085,1085,0
9266,1,1128,1128,0
9267,1,1049,1049,0
9268,1,991,991,0
12685,1,1049,1049,0
12688,1,1022,1022,0
9981,1,1063,1063,0
9982,1,1041,1041,0
9983,1,1071,1071,0
10053,1,1011,1011,0
10056,1,983,983,0
12686,1,1047,1047,0
12687,1,1028,1028,0
6253,1,1106,1106,0
6254,1,1018,1018,0
6255,1,1026,1026,0
6256,1,1119,1119,0
6440,1,1055,1055,0
6667,1,1066,1066,0
6668,1,975,975,0
6701,1,1053,1053,0
6702,1,1023,1023,0
6704,1,1005,1005,0
7153,1,1005,1005,0
7154,1,1086,1086,0
7155,1,1084,1084,0
7156,1,1025,1025,0
10057,1,993,993,0
8213,1,1042,1042,0
8214,1,1037,1037,0
8215,1,1091,1091,0
8216,1,1008,1008,0
9424,1,1086,1086,0
9421,1,1080,1080,0
9422,1,1091,1091,0
9423,1,1060,1060,0
9877,1,1008,1008,0
9878,1,986,986,0
9879,1,1073,1073,0
9880,1,1053,1053,0
12360,1,1024,1024,0
10058,1,978,978,0
10059,1,1112,1112,0
10060,1,996,996,0
11293,1,993,993,0
11296,1,1061,1061,0
10129,1,1021,1021,0
10130,1,1015,1015,0
10131,1,976,976,0
10132,1,1121,1121,0
10136,1,1084,1084,0
10133,1,1008,1008,0
10134,1,1096,1096,0
10135,1,1073,1073,0
11294,1,978,978,0
11295,1,1138,1138,0
11321,1,1058,1058,0
11322,1,1061,1061,0
11323,1,1046,1046,0
12357,1,1042,1042,0
12358,1,1091,1091,0
12359,1,1109,1109,0
4473,1,1017,1017,0
4474,1,1091,1091,0
4475,1,1090,1090,0
4476,1,1161,1161,0
5001,1,1106,1106,0
4965,1,1082,1082,0
4966,1,989,989,0
4967,1,1009,1009,0
4968,1,1010,1010,0
5088,1,1102,1102,0
5002,1,1040,1040,0
5003,1,1123,1123,0
5004,1,1018,1018,0
5113,1,1031,1031,0
5114,1,1109,1109,0
5085,1,1021,1021,0
5086,1,1075,1075,0
5087,1,1093,1093,0
5513,1,1065,1065,0
5514,1,1075,1075,0
5677,1,1061,1061,0
5678,1,1045,1045,0
5679,1,1060,1060,0
5680,1,1051,1051,0
5800,1,1069,1069,0
6020,1,1035,1035,0
6373,1,1010,1010,0
6374,1,1047,1047,0
6375,1,1094,1094,0
6376,1,1031,1031,0
6437,1,1040,1040,0
6438,1,1069,1069,0
6439,1,1074,1074,0
6665,1,981,981,0
6666,1,958,958,0
6549,1,1031,1031,0
6550,1,1023,1023,0
6551,1,1053,1053,0
6552,1,1099,1099,0
6672,1,1017,1017,0
6669,1,1044,1044,0
6670,1,1033,1033,0
6671,1,1088,1088,0
6773,1,1106,1106,0
6776,1,1108,1108,0
9689,1,1092,1092,0
9690,1,1049,1049,0
9691,1,970,970,0
9692,1,972,972,0
9721,1,1055,1055,0
9722,1,1047,1047,0
9723,1,1028,1028,0
9724,1,1101,1101,0
9753,1,1119,1119,0
9754,1,1094,1094,0
4337,1,1076,1076,0
4338,1,1031,1031,0
4339,1,1074,1074,0
4340,1,1098,1098,0
5192,1,1075,1075,0
4865,1,1066,1066,0
4866,1,1044,1044,0
4867,1,1074,1074,0
4868,1,1003,1003,0
5769,1,991,991,0
4905,1,1048,1048,0
4906,1,1024,1024,0
4907,1,1093,1093,0
4908,1,1034,1034,0
5168,1,1086,1086,0
5115,1,1062,1062,0
5116,1,1024,1024,0
5161,1,978,978,0
5162,1,998,998,0
5163,1,973,973,0
5164,1,1100,1100,0
5261,1,1030,1030,0
5262,1,1031,1031,0
5263,1,1045,1045,0
5264,1,1020,1020,0
5165,1,1013,1013,0
5166,1,1005,1005,0
5167,1,1109,1109,0
5357,1,1022,1022,0
5360,1,1009,1009,0
5388,1,1088,1088,0
6029,1,1061,1061,0
6030,1,1036,1036,0
6031,1,1037,1037,0
6032,1,1078,1078,0
5515,1,1061,1061,0
5516,1,1035,1035,0
6017,1,1056,1056,0
6018,1,1036,1036,0
6019,1,1064,1064,0
5797,1,1090,1090,0
5798,1,992,992,0
5799,1,999,999,0
6289,1,1067,1067,0
6290,1,1002,1002,0
6679,1,1044,1044,0
6709,1,1130,1130,0
6710,1,1072,1072,0
6711,1,1077,1077,0
6712,1,1022,1022,0
6729,1,1112,1112,0
6730,1,1019,1019,0
6731,1,1009,1009,0
6732,1,989,989,0
10520,1,1101,1101,0
6737,1,1019,1019,0
6738,1,1120,1120,0
6739,1,1006,1006,0
6740,1,1056,1056,0
9777,1,1017,1017,0
10341,1,1085,1085,0
10342,1,993,993,0
10343,1,1066,1066,0
10344,1,1063,1063,0
12777,1,1018,1018,0
4177,1,1046,1046,0
4178,1,1028,1028,0
4179,1,1055,1055,0
4180,1,1033,1033,0
10881,1,1081,1081,0
4305,1,1069,1069,0
4306,1,1052,1052,0
4307,1,1106,1106,0
4308,1,1100,1100,0
5712,1,1072,1072,0
5101,1,1087,1087,0
5102,1,1102,1102,0
5103,1,1086,1086,0
5104,1,1008,1008,0
5232,1,1058,1058,0
5157,1,1056,1056,0
5158,1,1026,1026,0
5159,1,1094,1094,0
5160,1,1074,1074,0
5225,1,1046,1046,0
5229,1,1070,1070,0
5230,1,1085,1085,0
5231,1,998,998,0
5265,1,1046,1046,0
5266,1,990,990,0
5267,1,997,997,0
5268,1,1030,1030,0
11009,1,1031,1031,0
11010,1,1130,1130,0
11011,1,1130,1130,0
5325,1,1042,1042,0
5326,1,1047,1047,0
5327,1,1065,1065,0
15469,1,1000,1000,0
15472,1,1078,1078,0
5358,1,1020,1020,0
5359,1,1049,1049,0
5385,1,982,982,0
5386,1,1050,1050,0
5387,1,1121,1121,0
5709,1,1030,1030,0
5710,1,1085,1085,0
5711,1,1071,1071,0
10725,1,1080,1080,0
10728,1,981,981,0
5925,1,1015,1015,0
5926,1,1085,1085,0
5927,1,1094,1094,0
5928,1,1050,1050,0
14729,1,1056,1056,0
6185,1,1027,1027,0
6186,1,1046,1046,0
6187,1,1101,1101,0
6188,1,1077,1077,0
6481,1,1035,1035,0
9429,1,1101,1101,0
9430,1,1007,1007,0
9431,1,1062,1062,0
9513,1,1062,1062,0
9514,1,956,956,0
9589,1,996,996,0
9590,1,1077,1077,0
9591,1,1101,1101,0
9592,1,1150,1150,0
9985,1,1085,1085,0
9778,1,1134,1134,0
9779,1,1016,1016,0
9780,1,1009,1009,0
14765,1,1083,1083,0
14768,1,1067,1067,0
10726,1,1068,1068,0
10727,1,1007,1007,0
15941,1,1024,1024,0
15942,1,1058,1058,0
15944,1,1003,1003,0
4713,1,1005,1005,0
4714,1,1050,1050,0
4715,1,1025,1025,0
4716,1,1025,1025,0
8633,1,1058,1058,0
4993,1,1045,1045,0
4994,1,1022,1022,0
4995,1,1062,1062,0
4996,1,1086,1086,0
11601,1,1043,1043,0
5217,1,1054,1054,0
5218,1,1044,1044,0
5219,1,1016,1016,0
5220,1,1003,1003,0
12216,1,1040,1040,0
5226,1,1020,1020,0
5227,1,1102,1102,0
5228,1,1040,1040,0
5625,1,1073,1073,0
5626,1,1037,1037,0
6593,1,1088,1088,0
6594,1,1105,1105,0
6595,1,1045,1045,0
6596,1,1053,1053,0
6792,1,1004,1004,0
8634,1,1035,1035,0
8635,1,1129,1129,0
8636,1,1010,1010,0
9797,1,1056,1056,0
9800,1,975,975,0
9986,1,1005,1005,0
9987,1,978,978,0
9988,1,1079,1079,0
10021,1,1067,1067,0
10024,1,1006,1006,0
10809,1,1060,1060,0
10810,1,987,987,0
10811,1,1081,1081,0
10812,1,1063,1063,0
14776,1,1076,1076,0
11324,1,1058,1058,0
11449,1,987,987,0
11450,1,1012,1012,0
11451,1,973,973,0
11452,1,1057,1057,0
6789,1,1037,1037,0
6790,1,1057,1057,0
6791,1,1056,1056,0
8989,1,1083,1083,0
8992,1,1008,1008,0
8957,1,1022,1022,0
8958,1,1124,1124,0
8959,1,1001,1001,0
8960,1,1089,1089,0
10193,1,1072,1072,0
10237,1,1042,1042,0
10238,1,1081,1081,0
10239,1,987,987,0
10240,1,1103,1103,0
14457,1,1049,1049,0
11149,1,1075,1075,0
11150,1,1070,1070,0
11151,1,1111,1111,0
11152,1,1074,1074,0
14224,1,1026,1026,0
11517,1,1044,1044,0
11518,1,1036,1036,0
11519,1,1050,1050,0
11520,1,1030,1030,0
13376,1,1046,1046,0
13411,1,1067,1067,0
13412,1,1092,1092,0
13565,1,1080,1080,0
13566,1,1032,1032,0
13568,1,1095,1095,0
13509,1,988,988,0
13510,1,1035,1035,0
13511,1,1045,1045,0
13512,1,1059,1059,0
14064,1,1056,1056,0
14061,1,1016,1016,0
14062,1,1036,1036,0
14063,1,1064,1064,0
14073,1,1113,1113,0
14074,1,1026,1026,0
14075,1,989,989,0
14076,1,1035,1035,0
14165,1,1114,1114,0
14166,1,1101,1101,0
14167,1,1045,1045,0
14168,1,1058,1058,0
14201,1,1013,1013,0
14202,1,1065,1065,0
14203,1,1077,1077,0
14204,1,1054,1054,0
14221,1,1100,1100,0
14222,1,1009,1009,0
14223,1,1063,1063,0
14458,1,992,992,0
14459,1,1020,1020,0
14460,1,1022,1022,0
14561,1,1101,1101,0
14562,1,1105,1105,0
14563,1,1070,1070,0
14564,1,1122,1122,0
14685,1,1098,1098,0
14686,1,992,992,0
14687,1,1049,1049,0
10194,1,978,978,0
10195,1,1151,1151,0
10196,1,981,981,0
12377,1,1060,1060,0
12378,1,1061,1061,0
11097,1,1098,1098,0
11098,1,1076,1076,0
11099,1,1021,1021,0
11100,1,1029,1029,0
12616,1,1064,1064,0
12379,1,1003,1003,0
12380,1,1103,1103,0
13501,1,1039,1039,0
13502,1,1002,1002,0
13504,1,1005,1005,0
12485,1,1042,1042,0
12486,1,1031,1031,0
12487,1,1037,1037,0
12488,1,1049,1049,0
14688,1,994,994,0
12613,1,1030,1030,0
12614,1,989,989,0
12615,1,1062,1062,0
13337,1,1005,1005,0
13338,1,1039,1039,0
13339,1,1017,1017,0
13340,1,1049,1049,0
15001,1,1082,1082,0
13373,1,1094,1094,0
13374,1,1027,1027,0
13375,1,1145,1145,0
13409,1,1125,1125,0
13410,1,1076,1076,0
13503,1,991,991,0
13533,1,1061,1061,0
13534,1,1047,1047,0
13535,1,1040,1040,0
13536,1,1028,1028,0
13567,1,1066,1066,0
14633,1,999,999,0
14634,1,992,992,0
14635,1,1011,1011,0
14636,1,993,993,0
15002,1,1054,1054,0
15003,1,1074,1074,0
15004,1,1001,1001,0
6757,1,1111,1111,0
6758,1,996,996,0
6759,1,1022,1022,0
6760,1,1068,1068,0
9648,1,1032,1032,0
7493,1,994,994,0
7494,1,1103,1103,0
7495,1,1087,1087,0
7496,1,1096,1096,0
13201,1,1066,1066,0
8153,1,1054,1054,0
8154,1,977,977,0
8155,1,990,990,0
8156,1,1094,1094,0
14192,1,1126,1126,0
9645,1,1016,1016,0
9646,1,1016,1016,0
9647,1,1079,1079,0
10097,1,1041,1041,0
10098,1,1071,1071,0
10099,1,1002,1002,0
10100,1,993,993,0
13112,1,1091,1091,0
10257,1,1018,1018,0
10258,1,1070,1070,0
10259,1,1070,1070,0
10260,1,1050,1050,0
10776,1,1021,1021,0
10717,1,1056,1056,0
10718,1,1095,1095,0
10719,1,994,994,0
10720,1,1084,1084,0
15153,1,1033,1033,0
10773,1,1074,1074,0
10774,1,1064,1064,0
10775,1,999,999,0
13109,1,1022,1022,0
13110,1,1104,1104,0
13111,1,1025,1025,0
13202,1,973,973,0
13203,1,1087,1087,0
13204,1,1053,1053,0
14189,1,1048,1048,0
14190,1,1082,1082,0
14191,1,1067,1067,0
15154,1,994,994,0
15155,1,1018,1018,0
15156,1,1016,1016,0
4901,1,1096,1096,0
4902,1,1020,1020,0
4903,1,1010,1010,0
4904,1,989,989,0
5025,1,1060,1060,0
5026,1,1084,1084,0
5027,1,981,981,0
5028,1,1080,1080,0
5585,1,1095,1095,0
5586,1,1076,1076,0
5587,1,1093,1093,0
5588,1,1052,1052,0
5817,1,1098,1098,0
5818,1,1072,1072,0
5819,1,1089,1089,0
5849,1,1039,1039,0
5850,1,1069,1069,0
5851,1,1043,1043,0
5852,1,1098,1098,0
9824,1,987,987,0
9821,1,1080,1080,0
9822,1,979,979,0
9823,1,1102,1102,0
10213,1,954,954,0
10216,1,1033,1033,0
10045,1,1026,1026,0
10046,1,1097,1097,0
10047,1,1090,1090,0
10048,1,1085,1085,0
10064,1,1077,1077,0
10061,1,1013,1013,0
10062,1,1066,1066,0
10063,1,1009,1009,0
10085,1,1070,1070,0
10088,1,1053,1053,0
10086,1,1015,1015,0
10087,1,1076,1076,0
10221,1,955,955,0
10222,1,939,939,0
10224,1,1032,1032,0
10214,1,1027,1027,0
10215,1,1051,1051,0
10677,1,1040,1040,0
10678,1,1026,1026,0
10680,1,1060,1060,0
10223,1,1043,1043,0
10249,1,1008,1008,0
10250,1,1067,1067,0
10251,1,1009,1009,0
10252,1,1047,1047,0
10281,1,1090,1090,0
10282,1,1122,1122,0
10283,1,1084,1084,0
10284,1,1101,1101,0
10288,1,1098,1098,0
10285,1,1043,1043,0
10286,1,978,978,0
10287,1,1071,1071,0
10449,1,981,981,0
10450,1,1030,1030,0
10451,1,1024,1024,0
10452,1,1032,1032,0
10481,1,1030,1030,0
10482,1,1086,1086,0
10483,1,1109,1109,0
10484,1,1010,1010,0
10501,1,1003,1003,0
10502,1,1008,1008,0
10503,1,1144,1144,0
10504,1,1035,1035,0
10505,1,1004,1004,0
10506,1,1026,1026,0
10507,1,998,998,0
10508,1,1058,1058,0
10513,1,1084,1084,0
10514,1,1033,1033,0
10515,1,1124,1124,0
10516,1,1063,1063,0
10573,1,1064,1064,0
10576,1,1047,1047,0
10574,1,1044,1044,0
10575,1,1066,1066,0
10633,1,1011,1011,0
10634,1,1026,1026,0
10635,1,999,999,0
