389,1,92,92,0
390,1,119,119,0
391,1,107,107,0
392,1,104,104,0
581,1,118,118,0
582,1,79,79,0
583,1,105,105,0
584,1,97,97,0
765,1,80,80,0
766,1,88,88,0
767,1,93,93,0
768,1,94,94,0
841,1,98,98,0
842,1,104,104,0
843,1,110,110,0
844,1,99,99,0
873,1,108,108,0
874,1,98,98,0
875,1,81,81,0
876,1,110,110,0
893,1,94,94,0
894,1,91,91,0
895,1,84,84,0
896,1,92,92,0
989,1,103,103,0
990,1,111,111,0
991,1,94,94,0
992,1,97,97,0
1217,1,105,105,0
1218,1,91,91,0
1219,1,107,107,0
1220,1,103,103,0
1737,1,100,100,0
1738,1,92,92,0
1739,1,95,95,0
1740,1,88,88,0
1801,1,86,86,0
1802,1,112,112,0
1803,1,84,84,0
1804,1,83,83,0
1961,1,94,94,0
1962,1,85,85,0
1963,1,94,94,0
1964,1,95,95,0
2125,1,104,104,0
2126,1,94,94,0
2127,1,101,101,0
2128,1,96,96,0
2157,1,87,87,0
2158,1,97,97,0
2159,1,97,97,0
2160,1,92,92,0
2417,1,115,115,0
2418,1,93,93,0
2419,1,88,88,0
2420,1,82,82,0
2549,1,107,107,0
2550,1,89,89,0
2551,1,103,103,0
2552,1,98,98,0
2613,1,76,76,0
2614,1,93,93,0
2615,1,108,108,0
2616,1,96,96,0
2805,1,97,97,0
2806,1,90,90,0
2807,1,92,92,0
2808,1,105,105,0
2969,1,91,91,0
2970,1,82,82,0
2971,1,81,81,0
2972,1,117,117,0
3033,1,88,88,0
3034,1,84,84,0
3035,1,101,101,0
3036,1,89,89,0
3293,1,76,76,0
3294,1,103,103,0
3295,1,92,92,0
3296,1,87,87,0
3553,1,101,101,0
3554,1,96,96,0
3555,1,104,104,0
3556,1,87,87,0
3585,1,122,122,0
3586,1,111,111,0
3587,1,93,93,0
3588,1,97,97,0
3941,1,97,97,0
3942,1,105,105,0
3943,1,87,87,0
3944,1,91,91,0
3973,1,84,84,0
3974,1,106,106,0
3975,1,88,88,0
3976,1,93,93,0
8033,1,101,101,0
8034,1,95,95,0
8035,1,113,113,0
8036,1,105,105,0
8041,1,84,84,0
8042,1,84,84,0
8043,1,95,95,0
8044,1,100,100,0
8073,1,106,106,0
8074,1,95,95,0
8075,1,109,109,0
8076,1,112,112,0
8133,1,99,99,0
8134,1,96,96,0
8135,1,108,108,0
8136,1,90,90,0
8149,1,113,113,0
8150,1,89,89,0
8151,1,87,87,0
8152,1,97,97,0
8181,1,85,85,0
8182,1,98,98,0
8183,1,87,87,0
8184,1,101,101,0
8185,1,101,101,0
8186,1,90,90,0
8187,1,104,104,0
8188,1,96,96,0
8301,1,92,92,0
8302,1,76,76,0
8303,1,116,116,0
8304,1,88,88,0
8353,1,91,91,0
8354,1,85,85,0
8355,1,90,90,0
8356,1,87,87,0
8357,1,88,88,0
8358,1,84,84,0
8359,1,94,94,0
8360,1,88,88,0
8425,1,95,95,0
8426,1,95,95,0
8427,1,114,114,0
8428,1,94,94,0
8453,1,99,99,0
8454,1,98,98,0
8455,1,103,103,0
8456,1,84,84,0
8461,1,105,105,0
8462,1,95,95,0
8463,1,81,81,0
8464,1,92,92,0
8517,1,87,87,0
8518,1,97,97,0
8519,1,86,86,0
8520,1,86,86,0
8537,1,88,88,0
8538,1,92,92,0
8539,1,99,99,0
8540,1,87,87,0
8565,1,83,83,0
8566,1,87,87,0
8567,1,98,98,0
8568,1,88,88,0
8613,1,112,112,0
8614,1,83,83,0
8615,1,89,89,0
8616,1,80,80,0
8637,1,90,90,0
8638,1,98,98,0
8639,1,120,120,0
8640,1,99,99,0
8705,1,95,95,0
8706,1,87,87,0
8707,1,90,90,0
8708,1,99,99,0
8765,1,112,112,0
8766,1,91,91,0
8767,1,96,96,0
8768,1,103,103,0
12837,1,91,91,0
12838,1,110,110,0
12839,1,100,100,0
12840,1,81,81,0
12849,1,113,113,0
12850,1,79,79,0
12851,1,92,92,0
12852,1,91,91,0
12869,1,100,100,0
12870,1,86,86,0
12871,1,92,92,0
12872,1,108,108,0
12953,1,109,109,0
12954,1,95,95,0
12955,1,104,104,0
12956,1,104,104,0
12968,1,115,115,0
13013,1,79,79,0
13014,1,95,95,0
13015,1,99,99,0
13016,1,110,110,0
13345,1,97,97,0
13346,1,88,88,0
13347,1,90,90,0
13348,1,91,91,0
13357,1,90,90,0
13358,1,109,109,0
13359,1,103,103,0
13360,1,80,80,0
13449,1,98,98,0
13450,1,87,87,0
13451,1,92,92,0
13452,1,80,80,0
13453,1,81,81,0
13454,1,87,87,0
13455,1,102,102,0
13456,1,95,95,0
13477,1,99,99,0
13478,1,97,97,0
13479,1,85,85,0
13529,1,103,103,0
13530,1,89,89,0
13531,1,98,98,0
13532,1,106,106,0
13885,1,85,85,0
13886,1,97,97,0
13887,1,82,82,0
13888,1,113,113,0
13905,1,99,99,0
13906,1,95,95,0
13907,1,91,91,0
13908,1,112,112,0
13921,1,95,95,0
13922,1,105,105,0
13923,1,81,81,0
13924,1,106,106,0
13985,1,85,85,0
13986,1,95,95,0
13987,1,110,110,0
13988,1,86,86,0
14001,1,99,99,0
14002,1,85,85,0
14003,1,81,81,0
14004,1,84,84,0
14049,1,88,88,0
14050,1,92,92,0
14051,1,108,108,0
14052,1,78,78,0
14074,1,101,101,0
14101,1,83,83,0
14102,1,90,90,0
14103,1,86,86,0
14104,1,100,100,0
14289,1,101,101,0
14290,1,80,80,0
8969,1,111,111,0
8970,1,85,85,0
8971,1,82,82,0
8972,1,101,101,0
8977,1,92,92,0
8978,1,103,103,0
8979,1,97,97,0
8980,1,83,83,0
9021,1,91,91,0
9022,1,83,83,0
9023,1,106,106,0
9024,1,93,93,0
9041,1,88,88,0
9042,1,111,111,0
9043,1,90,90,0
9044,1,102,102,0
9045,1,96,96,0
9046,1,81,81,0
9047,1,86,86,0
9048,1,84,84,0
9073,1,95,95,0
9074,1,81,81,0
9075,1,91,91,0
9076,1,97,97,0
9109,1,77,77,0
9110,1,97,97,0
9111,1,89,89,0
9112,1,87,87,0
9457,1,91,91,0
9458,1,86,86,0
9459,1,84,84,0
9460,1,105,105,0
9657,1,95,95,0
9658,1,86,86,0
9659,1,93,93,0
9660,1,92,92,0
10149,1,84,84,0
10150,1,101,101,0
10151,1,108,108,0
10152,1,91,91,0
10474,1,105,105,0
10475,1,102,102,0
10476,1,96,96,0
12009,1,74,74,0
12010,1,90,90,0
12011,1,100,100,0
12012,1,100,100,0
12069,1,85,85,0
12070,1,84,84,0
12071,1,98,98,0
12072,1,88,88,0
12073,1,95,95,0
12074,1,84,84,0
12075,1,94,94,0
12076,1,97,97,0
12105,1,97,97,0
12106,1,100,100,0
12107,1,93,93,0
12108,1,106,106,0
12157,1,97,97,0
12158,1,99,99,0
12159,1,89,89,0
12160,1,109,109,0
12185,1,85,85,0
12186,1,94,94,0
12187,1,106,106,0
12188,1,93,93,0
12221,1,106,106,0
12222,1,98,98,0
12223,1,106,106,0
12224,1,89,89,0
12253,1,97,97,0
12254,1,83,83,0
12255,1,94,94,0
12256,1,82,82,0
12285,1,101,101,0
12286,1,81,81,0
12287,1,88,88,0
12525,1,98,98,0
12526,1,100,100,0
12527,1,85,85,0
12528,1,115,115,0
12577,1,99,99,0
12578,1,89,89,0
12579,1,95,95,0
12580,1,98,98,0
12589,1,90,90,0
12590,1,103,103,0
12591,1,99,99,0
12592,1,85,85,0
12609,1,85,85,0
12610,1,88,88,0
12611,1,84,84,0
12612,1,96,96,0
12621,1,106,106,0
12622,1,97,97,0
12623,1,100,100,0
12624,1,92,92,0
12658,1,104,104,0
12659,1,94,94,0
12660,1,86,86,0
12737,1,102,102,0
12738,1,86,86,0
12739,1,109,109,0
12740,1,99,99,0
12741,1,91,91,0
12742,1,109,109,0
12743,1,81,81,0
12744,1,75,75,0
12965,1,93,93,0
12966,1,89,89,0
12967,1,105,105,0
13061,1,101,101,0
13062,1,83,83,0
13063,1,84,84,0
13064,1,78,78,0
13065,1,77,77,0
13066,1,87,87,0
13067,1,90,90,0
13068,1,91,91,0
13077,1,96,96,0
13078,1,100,100,0
13079,1,93,93,0
13080,1,97,97,0
13173,1,107,107,0
13174,1,95,95,0
13175,1,93,93,0
13176,1,104,104,0
13205,1,78,78,0
13206,1,97,97,0
13207,1,111,111,0
13208,1,100,100,0
13221,1,68,68,0
13222,1,91,91,0
13223,1,82,82,0
13224,1,85,85,0
13237,1,98,98,0
13238,1,97,97,0
13239,1,102,102,0
13240,1,96,96,0
13257,1,96,96,0
13258,1,92,92,0
13259,1,107,107,0
13260,1,95,95,0
13305,1,108,108,0
13306,1,111,111,0
13480,1,88,88,0
13561,1,87,87,0
13562,1,96,96,0
13563,1,102,102,0
13564,1,108,108,0
13597,1,85,85,0
13598,1,92,92,0
13599,1,89,89,0
13600,1,88,88,0
13649,1,95,95,0
13650,1,87,87,0
13651,1,83,83,0
13652,1,90,90,0
13777,1,108,108,0
13778,1,102,102,0
13779,1,100,100,0
13780,1,96,96,0
13789,1,103,103,0
13790,1,102,102,0
13791,1,92,92,0
13792,1,97,97,0
13805,1,111,111,0
13806,1,114,114,0
13807,1,80,80,0
13808,1,94,94,0
14073,1,77,77,0
14075,1,109,109,0
14076,1,106,106,0
14141,1,103,103,0
14142,1,90,90,0
14143,1,86,86,0
14144,1,101,101,0
14149,1,103,103,0
14150,1,98,98,0
14151,1,95,95,0
14152,1,101,101,0
14177,1,84,84,0
14178,1,91,91,0
14179,1,106,106,0
14180,1,93,93,0
14229,1,103,103,0
14230,1,99,99,0
14231,1,93,93,0
14232,1,106,106,0
14245,1,101,101,0
14246,1,94,94,0
14247,1,110,110,0
14248,1,101,101,0
14249,1,92,92,0
14250,1,89,89,0
14251,1,104,104,0
14252,1,91,91,0
14291,1,93,93,0
14292,1,103,103,0
14693,1,95,95,0
14696,1,111,111,0
325,1,93,93,0
326,1,77,77,0
327,1,80,80,0
328,1,90,90,0
681,1,111,111,0
682,1,103,103,0
683,1,79,79,0
684,1,98,98,0
829,1,85,85,0
830,1,90,90,0
831,1,85,85,0
832,1,82,82,0
961,1,83,83,0
962,1,91,91,0
963,1,86,86,0
964,1,96,96,0
1005,1,106,106,0
1006,1,87,87,0
1007,1,81,81,0
1008,1,100,100,0
1541,1,100,100,0
1542,1,91,91,0
1543,1,94,94,0
1544,1,93,93,0
1929,1,78,78,0
1930,1,85,85,0
1931,1,96,96,0
1932,1,90,90,0
2189,1,86,86,0
2190,1,99,99,0
2191,1,88,88,0
2192,1,91,91,0
2481,1,82,82,0
2482,1,104,104,0
2483,1,85,85,0
2484,1,83,83,0
2677,1,92,92,0
2678,1,87,87,0
2679,1,95,95,0
2680,1,112,112,0
3425,1,82,82,0
3426,1,91,91,0
3427,1,86,86,0
3428,1,91,91,0
3517,1,97,97,0
3518,1,97,97,0
3519,1,85,85,0
3520,1,87,87,0
8429,1,83,83,0
8430,1,79,79,0
8431,1,88,88,0
8432,1,86,86,0
8449,1,87,87,0
8450,1,93,93,0
8451,1,87,87,0
8452,1,81,81,0
8677,1,93,93,0
8678,1,88,88,0
8679,1,114,114,0
8680,1,81,81,0
8697,1,109,109,0
8698,1,96,96,0
8699,1,88,88,0
8700,1,91,91,0
8893,1,93,93,0
8894,1,96,96,0
8895,1,98,98,0
8896,1,101,101,0
8945,1,113,113,0
8946,1,94,94,0
8947,1,72,72,0
8948,1,80,80,0
9105,1,97,97,0
9106,1,82,82,0
9107,1,108,108,0
9108,1,91,91,0
9445,1,82,82,0
9446,1,93,93,0
9447,1,105,105,0
9448,1,92,92,0
9561,1,94,94,0
9562,1,96,96,0
9563,1,98,98,0
9564,1,88,88,0
10377,1,94,94,0
10378,1,85,85,0
10379,1,90,90,0
10380,1,84,84,0
12037,1,95,95,0
12038,1,113,113,0
12039,1,104,104,0
12040,1,93,93,0
12117,1,107,107,0
12118,1,101,101,0
12119,1,98,98,0
12120,1,81,81,0
12121,1,92,92,0
12122,1,77,77,0
12123,1,88,88,0
12124,1,86,86,0
12149,1,85,85,0
12150,1,88,88,0
12151,1,106,106,0
12152,1,97,97,0
12153,1,100,100,0
12154,1,108,108,0
12155,1,93,93,0
12156,1,95,95,0
12565,1,103,103,0
12566,1,92,92,0
12567,1,86,86,0
12568,1,101,101,0
12629,1,80,80,0
12630,1,99,99,0
12631,1,78,78,0
12632,1,103,103,0
12661,1,118,118,0
12662,1,105,105,0
12663,1,92,92,0
12664,1,103,103,0
12801,1,86,86,0
12802,1,98,98,0
12803,1,100,100,0
12804,1,89,89,0
13093,1,79,79,0
13094,1,91,91,0
13095,1,118,118,0
13096,1,85,85,0
13117,1,95,95,0
13118,1,115,115,0
13119,1,96,96,0
13120,1,97,97,0
13129,1,83,83,0
13130,1,97,97,0
13131,1,102,102,0
13132,1,92,92,0
13165,1,96,96,0
13166,1,85,85,0
13167,1,91,91,0
13168,1,96,96,0
13245,1,91,91,0
13246,1,104,104,0
13247,1,100,100,0
13248,1,96,96,0
13369,1,79,79,0
13370,1,101,101,0
13371,1,87,87,0
13372,1,107,107,0
13389,1,89,89,0
13390,1,89,89,0
13391,1,93,93,0
13392,1,99,99,0
13409,1,93,93,0
13410,1,89,89,0
13411,1,98,98,0
13412,1,80,80,0
13417,1,100,100,0
13418,1,105,105,0
13419,1,99,99,0
13420,1,93,93,0
13457,1,91,91,0
13458,1,99,99,0
13459,1,107,107,0
13460,1,98,98,0
13537,1,84,84,0
13538,1,91,91,0
13539,1,73,73,0
13540,1,100,100,0
13549,1,95,95,0
13550,1,109,109,0
13551,1,99,99,0
13552,1,107,107,0
13637,1,85,85,0
13638,1,102,102,0
13639,1,100,100,0
13640,1,75,75,0
13697,1,97,97,0
13698,1,82,82,0
13699,1,83,83,0
13700,1,92,92,0
13704,1,90,90,0
8881,1,96,96,0
8882,1,91,91,0
8883,1,88,88,0
8884,1,112,112,0
8889,1,93,93,0
8890,1,96,96,0
8891,1,91,91,0
8892,1,112,112,0
9229,1,108,108,0
9230,1,97,97,0
9231,1,95,95,0
9232,1,102,102,0
9249,1,102,102,0
9250,1,103,103,0
9251,1,108,108,0
9252,1,87,87,0
9257,1,100,100,0
9258,1,97,97,0
9259,1,103,103,0
9260,1,90,90,0
9281,1,80,80,0
9282,1,91,91,0
9283,1,94,94,0
9284,1,98,98,0
9289,1,101,101,0
9290,1,86,86,0
9291,1,92,92,0
9292,1,88,88,0
9301,1,101,101,0
9302,1,86,86,0
9303,1,94,94,0
9304,1,100,100,0
9417,1,107,107,0
9418,1,108,108,0
9419,1,97,97,0
9420,1,103,103,0
10473,1,109,109,0
11285,1,92,92,0
11286,1,96,96,0
11287,1,105,105,0
11288,1,90,90,0
11385,1,111,111,0
11386,1,103,103,0
11387,1,99,99,0
11388,1,85,85,0
12005,1,100,100,0
12006,1,91,91,0
12007,1,98,98,0
12008,1,101,101,0
12288,1,93,93,0
12365,1,100,100,0
12366,1,82,82,0
12367,1,97,97,0
12368,1,104,104,0
12405,1,88,88,0
12406,1,112,112,0
12407,1,94,94,0
12408,1,93,93,0
12429,1,89,89,0
12430,1,91,91,0
12431,1,88,88,0
12432,1,110,110,0
12461,1,94,94,0
12462,1,94,94,0
12463,1,100,100,0
12464,1,92,92,0
12489,1,89,89,0
12490,1,90,90,0
12491,1,101,101,0
12492,1,102,102,0
12493,1,94,94,0
12494,1,99,99,0
12495,1,92,92,0
12496,1,96,96,0
12657,1,94,94,0
1009,1,92,92,0
1010,1,85,85,0
1011,1,105,105,0
1012,1,106,106,0
3397,1,99,99,0
3398,1,81,81,0
3399,1,115,115,0
3400,1,99,99,0
3477,1,96,96,0
3478,1,116,116,0
3479,1,88,88,0
3480,1,94,94,0
4749,1,117,117,0
4750,1,107,107,0
4751,1,80,80,0
4752,1,98,98,0
5009,1,89,89,0
5010,1,109,109,0
5011,1,76,76,0
5012,1,101,101,0
5441,1,91,91,0
5442,1,87,87,0
5443,1,83,83,0
5444,1,96,96,0
6093,1,108,108,0
6094,1,77,77,0
6095,1,109,109,0
6096,1,86,86,0
6529,1,99,99,0
6530,1,99,99,0
6531,1,109,109,0
6532,1,104,104,0
6561,1,96,96,0
6562,1,102,102,0
6563,1,99,99,0
6564,1,112,112,0
6775,1,100,100,0
16205,1,102,102,0
16206,1,88,88,0
16207,1,104,104,0
16208,1,104,104,0
18745,1,114,114,0
18746,1,97,97,0
18747,1,90,90,0
18748,1,103,103,0
4621,1,93,93,0
4622,1,102,102,0
4623,1,79,79,0
4624,1,104,104,0
6401,1,85,85,0
6402,1,99,99,0
6403,1,76,76,0
6404,1,95,95,0
6533,1,97,97,0
6534,1,112,112,0
6535,1,118,118,0
6536,1,91,91,0
6661,1,101,101,0
6662,1,110,110,0
6663,1,98,98,0
6664,1,98,98,0
6965,1,99,99,0
6966,1,101,101,0
6967,1,94,94,0
6968,1,94,94,0
6981,1,98,98,0
6982,1,104,104,0
6983,1,97,97,0
6984,1,112,112,0
10385,1,96,96,0
10386,1,80,80,0
10387,1,112,112,0
10388,1,81,81,0
13377,1,93,93,0
13378,1,94,94,0
13379,1,96,96,0
13380,1,81,81,0
15777,1,86,86,0
15778,1,75,75,0
15779,1,95,95,0
15780,1,102,102,0
18445,1,79,79,0
18446,1,106,106,0
18447,1,96,96,0
18448,1,114,114,0
12677,1,89,89,0
12678,1,99,99,0
12679,1,86,86,0
12680,1,93,93,0
18613,1,97,97,0
18614,1,80,80,0
18615,1,97,97,0
18616,1,99,99,0
18621,1,86,86,0
18622,1,100,100,0
18623,1,104,104,0
18624,1,93,93,0
18741,1,78,78,0
18742,1,88,88,0
18743,1,89,89,0
18744,1,80,80,0
18873,1,98,98,0
18874,1,86,86,0
18875,1,88,88,0
18876,1,86,86,0
18889,1,88,88,0
18890,1,96,96,0
18891,1,91,91,0
18892,1,96,96,0
18933,1,87,87,0
18934,1,102,102,0
18935,1,109,109,0
18936,1,112,112,0
19065,1,99,99,0
19066,1,96,96,0
19067,1,101,101,0
19068,1,113,113,0
14597,1,97,97,0
14598,1,92,92,0
14599,1,89,89,0
14600,1,88,88,0
14973,1,101,101,0
14974,1,95,95,0
14975,1,101,101,0
15049,1,87,87,0
15050,1,83,83,0
15051,1,109,109,0
15052,1,95,95,0
15173,1,96,96,0
15174,1,109,109,0
15175,1,94,94,0
15176,1,98,98,0
15237,1,85,85,0
15238,1,107,107,0
15239,1,79,79,0
15240,1,96,96,0
15253,1,81,81,0
15254,1,91,91,0
15255,1,107,107,0
15256,1,88,88,0
15488,1,100,100,0
15501,1,107,107,0
15593,1,90,90,0
15594,1,97,97,0
15595,1,85,85,0
15596,1,98,98,0
15609,1,87,87,0
15610,1,78,78,0
15611,1,98,98,0
15612,1,86,86,0
15681,1,82,82,0
15682,1,97,97,0
15683,1,97,97,0
15684,1,106,106,0
16035,1,91,91,0
16036,1,98,98,0
16134,1,84,84,0
16189,1,83,83,0
16190,1,111,111,0
16191,1,103,103,0
16192,1,94,94,0
16245,1,80,80,0
16246,1,97,97,0
16248,1,105,105,0
16601,1,90,90,0
16602,1,96,96,0
16603,1,84,84,0
16604,1,78,78,0
16757,1,98,98,0
16758,1,93,93,0
16760,1,84,84,0
17004,1,104,104,0
17133,1,86,86,0
17134,1,84,84,0
17135,1,81,81,0
17136,1,100,100,0
17439,1,92,92,0
17641,1,87,87,0
17642,1,106,106,0
17643,1,95,95,0
17644,1,94,94,0
17666,1,108,108,0
17667,1,82,82,0
17668,1,91,91,0
18173,1,101,101,0
18174,1,93,93,0
18175,1,74,74,0
18176,1,91,91,0
18419,1,95,95,0
19077,1,95,95,0
19079,1,104,104,0
19249,1,91,91,0
19250,1,100,100,0
19251,1,95,95,0
19252,1,106,106,0
19266,1,93,93,0
19267,1,81,81,0
19268,1,100,100,0
485,1,97,97,0
486,1,94,94,0
487,1,94,94,0
488,1,108,108,0
713,1,96,96,0
714,1,108,108,0
715,1,89,89,0
716,1,82,82,0
797,1,94,94,0
798,1,104,104,0
799,1,77,77,0
800,1,89,89,0
1057,1,85,85,0
1058,1,113,113,0
1059,1,86,86,0
1060,1,82,82,0
1637,1,97,97,0
1638,1,106,106,0
1639,1,108,108,0
1640,1,81,81,0
1705,1,97,97,0
1706,1,77,77,0
1707,1,77,77,0
1708,1,87,87,0
2321,1,93,93,0
2322,1,86,86,0
2323,1,105,105,0
2324,1,82,82,0
3065,1,95,95,0
3066,1,93,93,0
3067,1,87,87,0
3068,1,93,93,0
3225,1,99,99,0
3226,1,79,79,0
3227,1,102,102,0
3228,1,99,99,0
3649,1,108,108,0
3650,1,97,97,0
3651,1,84,84,0
3652,1,103,103,0
4173,1,90,90,0
4174,1,107,107,0
4175,1,94,94,0
4176,1,101,101,0
4541,1,105,105,0
4542,1,89,89,0
4543,1,79,79,0
4544,1,91,91,0
4765,1,84,84,0
4766,1,106,106,0
4767,1,104,104,0
4768,1,102,102,0
4829,1,78,78,0
4830,1,91,91,0
4831,1,78,78,0
4832,1,89,89,0
4957,1,92,92,0
4958,1,100,100,0
4959,1,91,91,0
4960,1,94,94,0
5205,1,108,108,0
5206,1,96,96,0
5207,1,87,87,0
5208,1,86,86,0
5333,1,95,95,0
5334,1,108,108,0
5335,1,95,95,0
5336,1,97,97,0
5349,1,96,96,0
5350,1,81,81,0
5351,1,96,96,0
5352,1,89,89,0
5433,1,79,79,0
5434,1,105,105,0
5435,1,106,106,0
5436,1,104,104,0
5465,1,91,91,0
5466,1,96,96,0
5467,1,92,92,0
5468,1,110,110,0
6125,1,76,76,0
6126,1,106,106,0
6127,1,81,81,0
6128,1,107,107,0
6761,1,107,107,0
6762,1,96,96,0
6763,1,74,74,0
6764,1,82,82,0
6953,1,91,91,0
6954,1,104,104,0
6955,1,92,92,0
6956,1,103,103,0
8029,1,90,90,0
8030,1,95,95,0
8031,1,102,102,0
8032,1,94,94,0
8057,1,92,92,0
8058,1,83,83,0
8059,1,96,96,0
8060,1,93,93,0
8065,1,100,100,0
8066,1,83,83,0
8067,1,81,81,0
8068,1,102,102,0
8097,1,88,88,0
8098,1,81,81,0
8099,1,99,99,0
8100,1,79,79,0
8177,1,102,102,0
8178,1,95,95,0
8179,1,102,102,0
8180,1,95,95,0
8217,1,89,89,0
8218,1,85,85,0
8219,1,90,90,0
8220,1,95,95,0
8253,1,97,97,0
8254,1,95,95,0
8255,1,76,76,0
8256,1,90,90,0
8473,1,93,93,0
8474,1,90,90,0
8475,1,96,96,0
8476,1,94,94,0
8489,1,96,96,0
8490,1,105,105,0
8491,1,94,94,0
8492,1,103,103,0
8569,1,92,92,0
8570,1,104,104,0
8571,1,116,116,0
8572,1,106,106,0
8641,1,96,96,0
8642,1,96,96,0
8643,1,97,97,0
8644,1,82,82,0
8653,1,79,79,0
8654,1,89,89,0
8655,1,93,93,0
8656,1,106,106,0
8805,1,88,88,0
8806,1,101,101,0
8807,1,101,101,0
8808,1,78,78,0
8873,1,106,106,0
8874,1,115,115,0
8875,1,102,102,0
8876,1,97,97,0
8901,1,88,88,0
8902,1,98,98,0
8903,1,106,106,0
8904,1,96,96,0
8905,1,94,94,0
8906,1,85,85,0
8907,1,88,88,0
8908,1,94,94,0
8933,1,95,95,0
8934,1,97,97,0
8935,1,86,86,0
8936,1,104,104,0
8961,1,108,108,0
8962,1,96,96,0
8963,1,94,94,0
8964,1,101,101,0
9077,1,101,101,0
9078,1,85,85,0
9079,1,96,96,0
9080,1,94,94,0
9101,1,94,94,0
9102,1,88,88,0
9103,1,101,101,0
9104,1,93,93,0
9117,1,91,91,0
9118,1,82,82,0
9119,1,105,105,0
9120,1,96,96,0
9197,1,95,95,0
9200,1,107,107,0
653,1,94,94,0
654,1,87,87,0
655,1,95,95,0
656,1,98,98,0
1257,1,96,96,0
1258,1,96,96,0
1259,1,103,103,0
1260,1,101,101,0
2621,1,96,96,0
2622,1,89,89,0
2623,1,90,90,0
2624,1,90,90,0
2825,1,95,95,0
2826,1,93,93,0
2827,1,90,90,0
2828,1,96,96,0
3701,1,96,96,0
3702,1,88,88,0
3703,1,82,82,0
3704,1,90,90,0
4309,1,101,101,0
4310,1,102,102,0
4311,1,87,87,0
4312,1,105,105,0
4389,1,114,114,0
4390,1,89,89,0
4391,1,90,90,0
4392,1,101,101,0
4665,1,101,101,0
4666,1,93,93,0
4667,1,92,92,0
4668,1,113,113,0
4729,1,113,113,0
4730,1,89,89,0
4731,1,86,86,0
4732,1,80,80,0
4909,1,78,78,0
4910,1,106,106,0
4911,1,108,108,0
4912,1,94,94,0
5133,1,86,86,0
5134,1,84,84,0
5135,1,81,81,0
5136,1,104,104,0
5381,1,90,90,0
5382,1,105,105,0
5383,1,85,85,0
5384,1,95,95,0
5833,1,88,88,0
5834,1,99,99,0
5835,1,92,92,0
5836,1,92,92,0
5933,1,109,109,0
5934,1,93,93,0
5935,1,98,98,0
5936,1,91,91,0
6317,1,101,101,0
6318,1,104,104,0
6319,1,104,104,0
6320,1,95,95,0
6657,1,97,97,0
6658,1,96,96,0
6659,1,94,94,0
6660,1,92,92,0
6773,1,90,90,0
6774,1,96,96,0
6776,1,110,110,0
13949,1,97,97,0
13950,1,105,105,0
13951,1,86,86,0
13952,1,113,113,0
18149,1,101,101,0
18150,1,98,98,0
18151,1,107,107,0
18152,1,105,105,0
5044,1,99,99,0
5073,1,90,90,0
5074,1,87,87,0
5075,1,100,100,0
5076,1,93,93,0
5085,1,104,104,0
5086,1,106,106,0
5087,1,81,81,0
5088,1,89,89,0
5105,1,96,96,0
5106,1,85,85,0
5107,1,93,93,0
5108,1,109,109,0
5409,1,87,87,0
5410,1,95,95,0
5411,1,89,89,0
5412,1,101,101,0
5413,1,109,109,0
5414,1,88,88,0
5415,1,92,92,0
5416,1,95,95,0
5425,1,97,97,0
5426,1,93,93,0
5427,1,94,94,0
5428,1,76,76,0
5477,1,103,103,0
5478,1,102,102,0
5479,1,92,92,0
5480,1,123,123,0
5557,1,83,83,0
5558,1,110,110,0
5559,1,92,92,0
5560,1,91,91,0
5573,1,94,94,0
5574,1,99,99,0
5575,1,103,103,0
5576,1,104,104,0
5589,1,85,85,0
5590,1,96,96,0
5591,1,83,83,0
5592,1,94,94,0
5605,1,108,108,0
5606,1,89,89,0
5607,1,101,101,0
5608,1,88,88,0
5621,1,83,83,0
5622,1,90,90,0
5623,1,107,107,0
5624,1,95,95,0
5965,1,93,93,0
5966,1,85,85,0
5967,1,102,102,0
5968,1,79,79,0
6109,1,87,87,0
6110,1,89,89,0
6111,1,95,95,0
6112,1,93,93,0
6450,1,93,93,0
6452,1,91,91,0
6545,1,92,92,0
6546,1,68,68,0
6547,1,82,82,0
6548,1,77,77,0
6593,1,99,99,0
6594,1,81,81,0
6595,1,75,75,0
6596,1,103,103,0
6645,1,91,91,0
6646,1,87,87,0
6647,1,95,95,0
6648,1,96,96,0
6919,1,112,112,0
6920,1,92,92,0
7033,1,80,80,0
7034,1,100,100,0
7035,1,90,90,0
7036,1,99,99,0
8089,1,124,124,0
8090,1,97,97,0
8091,1,83,83,0
8092,1,101,101,0
8101,1,101,101,0
8102,1,107,107,0
8103,1,86,86,0
8104,1,104,104,0
8773,1,112,112,0
8774,1,84,84,0
8775,1,79,79,0
8776,1,111,111,0
9613,1,98,98,0
9614,1,105,105,0
9615,1,94,94,0
9616,1,100,100,0
9709,1,85,85,0
9710,1,107,107,0
9711,1,107,107,0
9712,1,107,107,0
10001,1,115,115,0
10002,1,96,96,0
10003,1,106,106,0
10004,1,82,82,0
11525,1,77,77,0
11526,1,107,107,0
11527,1,106,106,0
11528,1,87,87,0
13565,1,91,91,0
13566,1,91,91,0
13567,1,96,96,0
13568,1,109,109,0
14641,1,87,87,0
14642,1,96,96,0
14643,1,95,95,0
14644,1,94,94,0
15157,1,107,107,0
15158,1,109,109,0
15159,1,104,104,0
15160,1,99,99,0
16109,1,109,109,0
16110,1,103,103,0
16111,1,79,79,0
16112,1,106,106,0
16141,1,96,96,0
16142,1,98,98,0
16143,1,101,101,0
16144,1,89,89,0
16617,1,92,92,0
16618,1,95,95,0
16619,1,74,74,0
16620,1,99,99,0
16625,1,99,99,0
16626,1,100,100,0
16627,1,118,118,0
16628,1,88,88,0
17639,1,94,94,0
17640,1,82,82,0
17705,1,97,97,0
17706,1,97,97,0
17707,1,85,85,0
17708,1,96,96,0
17713,1,92,92,0
17714,1,110,110,0
17716,1,98,98,0
18577,1,112,112,0
18578,1,103,103,0
18579,1,81,81,0
18580,1,96,96,0
17414,1,82,82,0
17415,1,112,112,0
17469,1,74,74,0
17470,1,100,100,0
17471,1,115,115,0
17472,1,103,103,0
17565,1,95,95,0
17566,1,105,105,0
17567,1,98,98,0
17568,1,70,70,0
17569,1,103,103,0
17570,1,92,92,0
17571,1,90,90,0
17572,1,97,97,0
17577,1,90,90,0
17578,1,94,94,0
17579,1,89,89,0
17580,1,93,93,0
17965,1,82,82,0
17966,1,110,110,0
17967,1,88,88,0
17968,1,95,95,0
18117,1,96,96,0
18118,1,74,74,0
18119,1,88,88,0
18120,1,92,92,0
18193,1,105,105,0
18194,1,88,88,0
18195,1,93,93,0
18196,1,96,96,0
18432,1,90,90,0
18469,1,94,94,0
18470,1,77,77,0
18471,1,108,108,0
18472,1,99,99,0
18893,1,111,111,0
18894,1,86,86,0
18895,1,96,96,0
18896,1,85,85,0
18961,1,106,106,0
18962,1,103,103,0
18963,1,86,86,0
18964,1,110,110,0
19117,1,102,102,0
19118,1,109,109,0
19119,1,93,93,0
19120,1,92,92,0
19237,1,90,90,0
19238,1,111,111,0
19240,1,106,106,0
19258,1,114,114,0
19287,1,100,100,0
141,1,97,97,0
142,1,102,102,0
143,1,95,95,0
144,1,99,99,0
561,1,88,88,0
562,1,104,104,0
563,1,90,90,0
564,1,84,84,0
1245,1,99,99,0
1246,1,97,97,0
1247,1,104,104,0
1248,1,98,98,0
1869,1,96,96,0
1870,1,117,117,0
1871,1,105,105,0
1872,1,101,101,0
2581,1,91,91,0
2582,1,98,98,0
2583,1,101,101,0
2584,1,82,82,0
3057,1,96,96,0
3058,1,91,91,0
3059,1,124,124,0
3060,1,94,94,0
3157,1,98,98,0
3158,1,98,98,0
3159,1,89,89,0
3160,1,95,95,0
3329,1,92,92,0
3330,1,102,102,0
3331,1,91,91,0
3332,1,90,90,0
4005,1,103,103,0
4006,1,84,84,0
4007,1,94,94,0
4008,1,110,110,0
4013,1,94,94,0
4014,1,103,103,0
4015,1,107,107,0
4016,1,84,84,0
4057,1,103,103,0
4058,1,107,107,0
4059,1,100,100,0
4060,1,93,93,0
4073,1,107,107,0
4074,1,74,74,0
4075,1,82,82,0
4076,1,85,85,0
4105,1,102,102,0
4106,1,89,89,0
4107,1,86,86,0
4108,1,84,84,0
4121,1,95,95,0
4122,1,91,91,0
4123,1,81,81,0
4124,1,94,94,0
4125,1,96,96,0
4126,1,102,102,0
4127,1,85,85,0
4128,1,105,105,0
4181,1,95,95,0
4182,1,88,88,0
4183,1,104,104,0
4184,1,83,83,0
4549,1,101,101,0
4550,1,100,100,0
4551,1,111,111,0
4552,1,88,88,0
4733,1,103,103,0
4734,1,95,95,0
4735,1,102,102,0
4736,1,83,83,0
4769,1,95,95,0
4770,1,105,105,0
4771,1,100,100,0
4772,1,97,97,0
4797,1,77,77,0
4798,1,81,81,0
4799,1,91,91,0
4800,1,83,83,0
5025,1,93,93,0
5026,1,103,103,0
5027,1,83,83,0
5028,1,86,86,0
5037,1,110,110,0
5038,1,104,104,0
5039,1,102,102,0
5040,1,103,103,0
5057,1,88,88,0
5058,1,104,104,0
5059,1,107,107,0
5060,1,97,97,0
5129,1,96,96,0
5130,1,92,92,0
5131,1,91,91,0
5132,1,89,89,0
5717,1,105,105,0
5718,1,93,93,0
5719,1,94,94,0
5720,1,94,94,0
6077,1,113,113,0
6078,1,104,104,0
6079,1,102,102,0
6080,1,101,101,0
6209,1,100,100,0
6210,1,100,100,0
6211,1,103,103,0
6212,1,100,100,0
6693,1,93,93,0
6694,1,100,100,0
6695,1,118,118,0
6696,1,110,110,0
6825,1,115,115,0
6826,1,113,113,0
6827,1,87,87,0
6828,1,82,82,0
6925,1,104,104,0
6926,1,90,90,0
6927,1,74,74,0
6928,1,98,98,0
7609,1,104,104,0
7610,1,80,80,0
7611,1,83,83,0
7612,1,108,108,0
7841,1,96,96,0
7842,1,84,84,0
7843,1,120,120,0
7844,1,99,99,0
9817,1,100,100,0
9818,1,99,99,0
9819,1,99,99,0
9820,1,95,95,0
10481,1,92,92,0
10482,1,100,100,0
10483,1,129,129,0
10484,1,101,101,0
10845,1,88,88,0
10846,1,87,87,0
10847,1,108,108,0
10848,1,97,97,0
12529,1,100,100,0
12530,1,103,103,0
12531,1,81,81,0
12532,1,92,92,0
14217,1,100,100,0
14218,1,117,117,0
14219,1,82,82,0
14220,1,103,103,0
14745,1,102,102,0
14746,1,116,116,0
14747,1,101,101,0
14748,1,92,92,0
15689,1,100,100,0
15690,1,90,90,0
15691,1,113,113,0
15692,1,105,105,0
16097,1,84,84,0
16098,1,98,98,0
16099,1,105,105,0
16100,1,78,78,0
16729,1,114,114,0
16730,1,90,90,0
16731,1,94,94,0
16732,1,80,80,0
17209,1,97,97,0
17210,1,94,94,0
17211,1,77,77,0
17212,1,103,103,0
17329,1,90,90,0
17330,1,103,103,0
17331,1,96,96,0
17332,1,83,83,0
17413,1,109,109,0
17416,1,87,87,0
5317,1,103,103,0
5318,1,108,108,0
5319,1,79,79,0
5320,1,101,101,0
5329,1,99,99,0
5330,1,100,100,0
5331,1,75,75,0
5332,1,97,97,0
5689,1,100,100,0
5690,1,93,93,0
5691,1,111,111,0
5692,1,96,96,0
5701,1,104,104,0
5702,1,95,95,0
5703,1,100,100,0
5704,1,108,108,0
5705,1,106,106,0
5706,1,100,100,0
5707,1,90,90,0
5708,1,83,83,0
6221,1,89,89,0
6222,1,97,97,0
6223,1,108,108,0
6224,1,93,93,0
6257,1,88,88,0
6258,1,92,92,0
6259,1,96,96,0
6260,1,113,113,0
6269,1,106,106,0
6270,1,112,112,0
6271,1,92,92,0
6272,1,89,89,0
6289,1,107,107,0
6290,1,111,111,0
6291,1,79,79,0
6292,1,104,104,0
6305,1,93,93,0
6306,1,77,77,0
6307,1,95,95,0
6308,1,99,99,0
6349,1,92,92,0
6350,1,94,94,0
6351,1,107,107,0
6352,1,97,97,0
6385,1,94,94,0
6386,1,98,98,0
6387,1,96,96,0
6388,1,92,92,0
6449,1,92,92,0
6451,1,101,101,0
6757,1,93,93,0
6758,1,97,97,0
6759,1,106,106,0
6760,1,79,79,0
6805,1,109,109,0
6806,1,90,90,0
6807,1,95,95,0
6808,1,84,84,0
6873,1,102,102,0
6874,1,101,101,0
6875,1,88,88,0
6876,1,92,92,0
6917,1,106,106,0
6918,1,95,95,0
7197,1,96,96,0
7198,1,102,102,0
7199,1,101,101,0
7200,1,108,108,0
8833,1,113,113,0
8834,1,112,112,0
8835,1,81,81,0
8836,1,97,97,0
10261,1,87,87,0
10264,1,94,94,0
9225,1,90,90,0
9226,1,92,92,0
9227,1,104,104,0
9228,1,83,83,0
9253,1,88,88,0
9254,1,93,93,0
9255,1,84,84,0
9256,1,103,103,0
9337,1,87,87,0
9338,1,97,97,0
9339,1,97,97,0
9340,1,99,99,0
9421,1,98,98,0
9422,1,75,75,0
9423,1,82,82,0
9424,1,100,100,0
9453,1,96,96,0
9454,1,92,92,0
9455,1,95,95,0
9456,1,96,96,0
9513,1,85,85,0
9514,1,105,105,0
9515,1,107,107,0
9516,1,88,88,0
9533,1,89,89,0
9534,1,112,112,0
9535,1,80,80,0
9536,1,102,102,0
9573,1,80,80,0
9574,1,78,78,0
9575,1,105,105,0
9576,1,104,104,0
10249,1,107,107,0
10250,1,106,106,0
10251,1,101,101,0
10252,1,71,71,0
10325,1,114,114,0
10326,1,89,89,0
10327,1,88,88,0
10328,1,95,95,0
10509,1,82,82,0
10510,1,79,79,0
10511,1,87,87,0
10512,1,94,94,0
10752,1,96,96,0
10849,1,99,99,0
10850,1,92,92,0
10851,1,91,91,0
10852,1,102,102,0
10877,1,86,86,0
10878,1,115,115,0
10879,1,116,116,0
10880,1,87,87,0
11025,1,103,103,0
11026,1,91,91,0
11027,1,87,87,0
11028,1,98,98,0
11605,1,93,93,0
11606,1,94,94,0
11607,1,76,76,0
11608,1,92,92,0
11833,1,87,87,0
11834,1,98,98,0
11835,1,82,82,0
11836,1,99,99,0
11917,1,83,83,0
11918,1,96,96,0
11919,1,94,94,0
11920,1,92,92,0
12085,1,103,103,0
12086,1,95,95,0
12087,1,98,98,0
12088,1,100,100,0
12137,1,82,82,0
12138,1,95,95,0
12441,1,103,103,0
12442,1,98,98,0
12443,1,99,99,0
12444,1,80,80,0
12445,1,97,97,0
12446,1,97,97,0
12447,1,101,101,0
12448,1,90,90,0
12505,1,83,83,0
12506,1,89,89,0
12507,1,104,104,0
12508,1,88,88,0
12865,1,86,86,0
12866,1,72,72,0
12868,1,93,93,0
12921,1,122,122,0
12922,1,100,100,0
12923,1,110,110,0
12924,1,101,101,0
12945,1,90,90,0
12946,1,116,116,0
12947,1,107,107,0
12948,1,91,91,0
13161,1,92,92,0
13162,1,91,91,0
13163,1,101,101,0
13164,1,82,82,0
13509,1,104,104,0
13510,1,89,89,0
13511,1,91,91,0
13512,1,91,91,0
13518,1,81,81,0
13520,1,89,89,0
13541,1,98,98,0
13542,1,102,102,0
13543,1,103,103,0
13544,1,97,97,0
13989,1,87,87,0
13990,1,82,82,0
13991,1,90,90,0
13992,1,92,92,0
14017,1,97,97,0
14018,1,98,98,0
14019,1,92,92,0
14020,1,104,104,0
14025,1,90,90,0
14026,1,95,95,0
14027,1,97,97,0
14028,1,80,80,0
14065,1,95,95,0
14066,1,105,105,0
14067,1,94,94,0
14068,1,92,92,0
14117,1,97,97,0
14118,1,97,97,0
14119,1,95,95,0
14120,1,96,96,0
14185,1,80,80,0
14186,1,110,110,0
14187,1,113,113,0
14188,1,95,95,0
14456,1,96,96,0
14453,1,104,104,0
14454,1,105,105,0
14494,1,97,97,0
14495,1,86,86,0
14869,1,99,99,0
14870,1,91,91,0
14871,1,103,103,0
14872,1,91,91,0
14953,1,82,82,0
14954,1,115,115,0
14955,1,81,81,0
14956,1,85,85,0
14976,1,105,105,0
14986,1,86,86,0
14987,1,103,103,0
14988,1,81,81,0
15297,1,95,95,0
15397,1,93,93,0
15398,1,78,78,0
15399,1,98,98,0
15400,1,96,96,0
15429,1,95,95,0
15430,1,87,87,0
15431,1,98,98,0
15432,1,90,90,0
15481,1,95,95,0
15482,1,105,105,0
15483,1,85,85,0
15484,1,88,88,0
15485,1,94,94,0
15486,1,87,87,0
15487,1,89,89,0
15502,1,81,81,0
15503,1,101,101,0
15504,1,96,96,0
16033,1,102,102,0
16034,1,83,83,0
16133,1,99,99,0
16135,1,100,100,0
16136,1,102,102,0
16481,1,104,104,0
16482,1,93,93,0
16484,1,99,99,0
17001,1,89,89,0
17002,1,82,82,0
17003,1,90,90,0
17437,1,71,71,0
17438,1,98,98,0
17440,1,78,78,0
17665,1,95,95,0
18021,1,103,103,0
18022,1,92,92,0
18024,1,80,80,0
18449,1,113,113,0
18450,1,94,94,0
18451,1,85,85,0
18452,1,101,101,0
18478,1,82,82,0
18479,1,95,95,0
18480,1,108,108,0
18953,1,96,96,0
18955,1,96,96,0
19078,1,95,95,0
19080,1,95,95,0
81,1,93,93,0
82,1,83,83,0
83,1,87,87,0
84,1,88,88,0
4197,1,89,89,0
4198,1,94,94,0
4199,1,93,93,0
4200,1,93,93,0
4381,1,101,101,0
4382,1,84,84,0
4383,1,102,102,0
4384,1,82,82,0
4649,1,99,99,0
4650,1,88,88,0
4651,1,90,90,0
4652,1,104,104,0
4977,1,87,87,0
4978,1,91,91,0
4979,1,104,104,0
4980,1,81,81,0
5801,1,86,86,0
5802,1,89,89,0
5803,1,105,105,0
5804,1,93,93,0
6581,1,86,86,0
6582,1,99,99,0
6583,1,81,81,0
6584,1,92,92,0
6741,1,91,91,0
6742,1,87,87,0
6743,1,91,91,0
6744,1,98,98,0
6969,1,100,100,0
6970,1,87,87,0
6971,1,79,79,0
6972,1,102,102,0
7893,1,82,82,0
7894,1,96,96,0
7895,1,98,98,0
7896,1,101,101,0
16085,1,114,114,0
16086,1,83,83,0
16087,1,98,98,0
16088,1,83,83,0
16173,1,112,112,0
16174,1,106,106,0
16175,1,109,109,0
16176,1,94,94,0
16241,1,98,98,0
16242,1,98,98,0
16243,1,89,89,0
16244,1,89,89,0
16269,1,109,109,0
16270,1,102,102,0
16271,1,108,108,0
16272,1,95,95,0
16305,1,101,101,0
16306,1,110,110,0
16307,1,101,101,0
16308,1,88,88,0
16309,1,98,98,0
16310,1,94,94,0
16311,1,111,111,0
16312,1,99,99,0
16369,1,78,78,0
16370,1,76,76,0
16371,1,98,98,0
16372,1,96,96,0
16593,1,99,99,0
16594,1,93,93,0
16595,1,92,92,0
16596,1,102,102,0
16613,1,103,103,0
16614,1,99,99,0
16615,1,94,94,0
16616,1,90,90,0
16853,1,95,95,0
16854,1,91,91,0
16855,1,94,94,0
16856,1,97,97,0
16885,1,78,78,0
16886,1,101,101,0
16887,1,120,120,0
16888,1,88,88,0
17081,1,91,91,0
17082,1,100,100,0
17083,1,83,83,0
17084,1,113,113,0
17177,1,93,93,0
17178,1,111,111,0
17179,1,109,109,0
17180,1,89,89,0
17241,1,100,100,0
17242,1,108,108,0
17243,1,80,80,0
17244,1,73,73,0
17389,1,95,95,0
17390,1,88,88,0
17391,1,102,102,0
17392,1,89,89,0
17405,1,104,104,0
17406,1,97,97,0
17407,1,85,85,0
17408,1,93,93,0
17425,1,98,98,0
17426,1,100,100,0
17427,1,84,84,0
17428,1,95,95,0
17493,1,109,109,0
17494,1,99,99,0
17495,1,90,90,0
17496,1,90,90,0
17589,1,118,118,0
17590,1,95,95,0
17591,1,97,97,0
17592,1,86,86,0
17609,1,93,93,0
17610,1,96,96,0
17611,1,99,99,0
17612,1,90,90,0
17621,1,79,79,0
17622,1,96,96,0
17623,1,87,87,0
17624,1,101,101,0
17633,1,85,85,0
17634,1,113,113,0
17635,1,89,89,0
17636,1,104,104,0
17737,1,99,99,0
17738,1,83,83,0
17739,1,83,83,0
17740,1,94,94,0
17805,1,92,92,0
17806,1,89,89,0
17807,1,96,96,0
17808,1,106,106,0
17825,1,108,108,0
17826,1,101,101,0
17827,1,103,103,0
17828,1,93,93,0
18029,1,100,100,0
18030,1,105,105,0
18031,1,82,82,0
18032,1,95,95,0
18053,1,81,81,0
18054,1,112,112,0
18055,1,98,98,0
18056,1,105,105,0
18061,1,82,82,0
18062,1,91,91,0
18063,1,112,112,0
18064,1,106,106,0
18085,1,99,99,0
18086,1,115,115,0
18087,1,89,89,0
18088,1,87,87,0
18345,1,105,105,0
18346,1,72,72,0
18347,1,86,86,0
18348,1,93,93,0
18581,1,88,88,0
18582,1,92,92,0
18583,1,110,110,0
18584,1,86,86,0
18709,1,103,103,0
18710,1,109,109,0
18711,1,89,89,0
18712,1,101,101,0
18721,1,101,101,0
18722,1,108,108,0
18723,1,88,88,0
18724,1,89,89,0
18773,1,102,102,0
18774,1,91,91,0
18775,1,76,76,0
18776,1,108,108,0
19072,1,100,100,0
14694,1,84,84,0
14695,1,94,94,0
14829,1,86,86,0
14830,1,101,101,0
14831,1,92,92,0
14832,1,94,94,0
14889,1,93,93,0
14890,1,81,81,0
14891,1,96,96,0
14892,1,90,90,0
14897,1,115,115,0
14898,1,83,83,0
14899,1,96,96,0
14900,1,111,111,0
15073,1,93,93,0
15074,1,90,90,0
15075,1,91,91,0
15076,1,92,92,0
15209,1,90,90,0
15210,1,102,102,0
15211,1,80,80,0
15212,1,107,107,0
15257,1,91,91,0
15258,1,85,85,0
15259,1,102,102,0
15260,1,89,89,0
15269,1,105,105,0
15270,1,100,100,0
15271,1,88,88,0
15272,1,113,113,0
15413,1,96,96,0
15414,1,87,87,0
15415,1,107,107,0
15416,1,88,88,0
16469,1,89,89,0
16470,1,93,93,0
16471,1,84,84,0
16472,1,88,88,0
16497,1,78,78,0
16498,1,77,77,0
16499,1,99,99,0
16500,1,79,79,0
17065,1,98,98,0
17067,1,97,97,0
17068,1,99,99,0
17541,1,89,89,0
17542,1,98,98,0
17543,1,101,101,0
17544,1,98,98,0
17878,1,96,96,0
17879,1,96,96,0
17880,1,91,91,0
18169,1,108,108,0
18170,1,75,75,0
18171,1,97,97,0
18172,1,103,103,0
18241,1,88,88,0
18242,1,89,89,0
18243,1,91,91,0
18244,1,100,100,0
18517,1,97,97,0
18518,1,105,105,0
18519,1,84,84,0
18520,1,82,82,0
18629,1,85,85,0
18630,1,97,97,0
18631,1,76,76,0
18632,1,109,109,0
18817,1,97,97,0
18818,1,106,106,0
18819,1,103,103,0
18820,1,102,102,0
19017,1,94,94,0
19018,1,86,86,0
19019,1,81,81,0
19020,1,89,89,0
105,1,89,89,0
106,1,97,97,0
107,1,98,98,0
108,1,108,108,0
193,1,80,80,0
194,1,91,91,0
195,1,95,95,0
196,1,96,96,0
233,1,94,94,0
234,1,82,82,0
235,1,90,90,0
236,1,103,103,0
293,1,107,107,0
294,1,90,90,0
295,1,104,104,0
296,1,106,106,0
721,1,86,86,0
722,1,94,94,0
723,1,89,89,0
724,1,97,97,0
749,1,104,104,0
750,1,99,99,0
751,1,80,80,0
752,1,84,84,0
1069,1,100,100,0
1070,1,95,95,0
1071,1,109,109,0
1072,1,83,83,0
1097,1,98,98,0
1098,1,86,86,0
1099,1,91,91,0
1100,1,99,99,0
1185,1,95,95,0
1186,1,103,103,0
1187,1,102,102,0
1188,1,104,104,0
1221,1,82,82,0
1222,1,105,105,0
1223,1,121,121,0
1224,1,89,89,0
1266,1,107,107,0
1267,1,87,87,0
1268,1,101,101,0
1317,1,116,116,0
1318,1,99,99,0
1320,1,93,93,0
1341,1,100,100,0
1342,1,81,81,0
1343,1,91,91,0
1344,1,99,99,0
1353,1,91,91,0
1354,1,92,92,0
1356,1,103,103,0
1857,1,97,97,0
1858,1,84,84,0
1859,1,96,96,0
1860,1,107,107,0
1905,1,108,108,0
1906,1,97,97,0
1907,1,106,106,0
1908,1,102,102,0
2129,1,100,100,0
2130,1,104,104,0
2131,1,94,94,0
2132,1,96,96,0
2379,1,79,79,0
2701,1,99,99,0
2702,1,92,92,0
2703,1,90,90,0
2704,1,94,94,0
2781,1,95,95,0
2782,1,103,103,0
2783,1,87,87,0
2784,1,101,101,0
2793,1,100,100,0
2794,1,87,87,0
2947,1,107,107,0
3089,1,99,99,0
3090,1,87,87,0
3091,1,90,90,0
3092,1,90,90,0
3445,1,93,93,0
3446,1,90,90,0
3447,1,82,82,0
3741,1,105,105,0
3742,1,105,105,0
3743,1,97,97,0
3744,1,97,97,0
3773,1,107,107,0
3774,1,85,85,0
3775,1,99,99,0
3776,1,94,94,0
3845,1,83,83,0
3846,1,102,102,0
3847,1,109,109,0
3848,1,88,88,0
3929,1,87,87,0
3930,1,95,95,0
3931,1,107,107,0
3932,1,98,98,0
4165,1,113,113,0
4166,1,96,96,0
4167,1,97,97,0
4168,1,90,90,0
4233,1,83,83,0
4234,1,90,90,0
4235,1,101,101,0
4236,1,87,87,0
4393,1,117,117,0
4394,1,101,101,0
4395,1,104,104,0
4396,1,97,97,0
4523,1,108,108,0
4524,1,102,102,0
4745,1,97,97,0
4747,1,97,97,0
4748,1,100,100,0
4861,1,99,99,0
4862,1,117,117,0
4863,1,87,87,0
4864,1,117,117,0
4973,1,104,104,0
4974,1,108,108,0
4975,1,94,94,0
4976,1,98,98,0
4989,1,84,84,0
4990,1,101,101,0
4991,1,92,92,0
4992,1,82,82,0
10262,1,93,93,0
10263,1,73,73,0
11409,1,85,85,0
11410,1,91,91,0
11411,1,96,96,0
11412,1,84,84,0
11445,1,104,104,0
11446,1,100,100,0
11447,1,97,97,0
11448,1,105,105,0
15881,1,96,96,0
15882,1,104,104,0
15883,1,105,105,0
15884,1,103,103,0
16505,1,109,109,0
16506,1,104,104,0
16507,1,102,102,0
16508,1,96,96,0
16561,1,104,104,0
16562,1,112,112,0
16563,1,97,97,0
16564,1,100,100,0
16917,1,107,107,0
16918,1,97,97,0
16920,1,95,95,0
16969,1,76,76,0
16971,1,95,95,0
16972,1,100,100,0
17492,1,92,92,0
17573,1,93,93,0
17575,1,92,92,0
17576,1,108,108,0
17585,1,111,111,0
17586,1,107,107,0
17587,1,83,83,0
17588,1,89,89,0
17637,1,102,102,0
17638,1,86,86,0
17664,1,97,97,0
17715,1,101,101,0
17981,1,92,92,0
17982,1,111,111,0
17983,1,88,88,0
17984,1,110,110,0
18041,1,108,108,0
18042,1,94,94,0
18043,1,109,109,0
18125,1,107,107,0
18126,1,87,87,0
18127,1,98,98,0
18128,1,87,87,0
18181,1,75,75,0
18182,1,99,99,0
18183,1,91,91,0
18184,1,96,96,0
18529,1,96,96,0
18530,1,108,108,0
18531,1,79,79,0
18532,1,97,97,0
18537,1,89,89,0
18538,1,91,91,0
18539,1,101,101,0
18549,1,95,95,0
18550,1,89,89,0
18551,1,102,102,0
18552,1,88,88,0
381,1,94,94,0
382,1,106,106,0
383,1,91,91,0
384,1,98,98,0
425,1,84,84,0
426,1,92,92,0
427,1,93,93,0
428,1,102,102,0
1265,1,90,90,0
1319,1,92,92,0
1355,1,89,89,0
2377,1,82,82,0
2378,1,104,104,0
2380,1,81,81,0
2449,1,89,89,0
2450,1,89,89,0
2451,1,88,88,0
2452,1,110,110,0
2795,1,97,97,0
2796,1,105,105,0
2945,1,98,98,0
2946,1,98,98,0
2948,1,85,85,0
2989,1,92,92,0
2990,1,98,98,0
2991,1,110,110,0
2992,1,92,92,0
3448,1,89,89,0
3561,1,106,106,0
3562,1,95,95,0
3563,1,101,101,0
3564,1,94,94,0
4521,1,87,87,0
4522,1,97,97,0
4537,1,100,100,0
4538,1,101,101,0
4539,1,83,83,0
4540,1,97,97,0
4601,1,89,89,0
4602,1,98,98,0
4603,1,102,102,0
4604,1,108,108,0
4746,1,86,86,0
5041,1,106,106,0
5042,1,96,96,0
5043,1,95,95,0
16919,1,91,91,0
16970,1,98,98,0
17489,1,99,99,0
17490,1,87,87,0
17491,1,94,94,0
17574,1,91,91,0
18044,1,110,110,0
18540,1,102,102,0
9198,1,87,87,0
9199,1,106,106,0
9625,1,91,91,0
9626,1,90,90,0
9627,1,103,103,0
9628,1,121,121,0
10717,1,96,96,0
10718,1,102,102,0
10719,1,89,89,0
10720,1,77,77,0
10749,1,79,79,0
10750,1,90,90,0
10751,1,100,100,0
11769,1,99,99,0
11770,1,78,78,0
11771,1,91,91,0
11772,1,92,92,0
12139,1,102,102,0
12140,1,105,105,0
12273,1,94,94,0
12274,1,87,87,0
12275,1,106,106,0
12276,1,103,103,0
12653,1,100,100,0
12654,1,100,100,0
12655,1,85,85,0
12656,1,93,93,0
12725,1,80,80,0
12726,1,110,110,0
12727,1,81,81,0
12728,1,96,96,0
12867,1,85,85,0
13213,1,90,90,0
13214,1,85,85,0
13215,1,105,105,0
13216,1,89,89,0
13253,1,77,77,0
13254,1,75,75,0
13255,1,115,115,0
13256,1,89,89,0
13517,1,100,100,0
13519,1,96,96,0
14455,1,86,86,0
14493,1,93,93,0
14496,1,89,89,0
14985,1,95,95,0
15298,1,95,95,0
15811,1,101,101,0
15812,1,94,94,0
16483,1,92,92,0
16759,1,80,80,0
18023,1,83,83,0
18477,1,96,96,0
18954,1,84,84,0
18956,1,79,79,0
10649,1,97,97,0
10650,1,93,93,0
10651,1,97,97,0
10652,1,98,98,0
11237,1,100,100,0
11238,1,89,89,0
11239,1,86,86,0
11240,1,97,97,0
11637,1,113,113,0
11638,1,106,106,0
11639,1,110,110,0
11640,1,99,99,0
15317,1,94,94,0
15318,1,81,81,0
15319,1,94,94,0
15320,1,85,85,0
16217,1,87,87,0
16218,1,101,101,0
16219,1,93,93,0
16220,1,101,101,0
16301,1,94,94,0
16302,1,98,98,0
16303,1,100,100,0
16304,1,105,105,0
16345,1,100,100,0
16346,1,102,102,0
16347,1,96,96,0
16348,1,88,88,0
16785,1,110,110,0
16786,1,108,108,0
16787,1,80,80,0
16788,1,74,74,0
17313,1,96,96,0
17314,1,97,97,0
17315,1,106,106,0
17316,1,66,66,0
17373,1,90,90,0
17374,1,90,90,0
17375,1,113,113,0
17376,1,97,97,0
17661,1,98,98,0
17662,1,115,115,0
17663,1,79,79,0
17761,1,103,103,0
17762,1,92,92,0
17763,1,96,96,0
17764,1,84,84,0
17893,1,103,103,0
17894,1,97,97,0
17895,1,94,94,0
17896,1,98,98,0
18257,1,91,91,0
18258,1,100,100,0
18259,1,104,104,0
18260,1,103,103,0
17845,1,97,97,0
17846,1,101,101,0
17847,1,103,103,0
17848,1,84,84,0
18381,1,86,86,0
18382,1,105,105,0
18383,1,102,102,0
18384,1,84,84,0
18429,1,98,98,0
18430,1,102,102,0
18431,1,97,97,0
19239,1,104,104,0
19257,1,99,99,0
19259,1,89,89,0
19260,1,98,98,0
19273,1,93,93,0
19274,1,91,91,0
19275,1,117,117,0
19276,1,114,114,0
19285,1,101,101,0
19286,1,85,85,0
19288,1,105,105,0
15299,1,94,94,0
15300,1,98,98,0
15809,1,87,87,0
15810,1,95,95,0
16247,1,72,72,0
16829,1,108,108,0
16830,1,101,101,0
16831,1,101,101,0
16832,1,83,83,0
17397,1,99,99,0
17398,1,101,101,0
17399,1,82,82,0
17400,1,95,95,0
17901,1,74,74,0
17902,1,89,89,0
17903,1,95,95,0
17904,1,103,103,0
18417,1,94,94,0
18418,1,103,103,0
18420,1,99,99,0
19265,1,89,89,0
101,1,94,94,0
102,1,116,116,0
103,1,86,86,0
104,1,104,104,0
377,1,97,97,0
378,1,75,75,0
379,1,97,97,0
380,1,84,84,0
541,1,96,96,0
542,1,113,113,0
543,1,76,76,0
544,1,112,112,0
769,1,94,94,0
770,1,94,94,0
771,1,97,97,0
772,1,88,88,0
2229,1,97,97,0
2230,1,88,88,0
2231,1,91,91,0
2232,1,101,101,0
2421,1,90,90,0
2422,1,90,90,0
2423,1,91,91,0
2424,1,86,86,0
2713,1,108,108,0
2714,1,94,94,0
2715,1,91,91,0
2716,1,94,94,0
3005,1,105,105,0
3006,1,99,99,0
3007,1,80,80,0
3008,1,90,90,0
3737,1,89,89,0
3738,1,89,89,0
3739,1,88,88,0
3740,1,108,108,0
4229,1,83,83,0
4230,1,95,95,0
4231,1,89,89,0
4232,1,93,93,0
4361,1,83,83,0
4362,1,116,116,0
4363,1,100,100,0
4364,1,87,87,0
4613,1,82,82,0
4614,1,92,92,0
4615,1,109,109,0
4616,1,104,104,0
4809,1,107,107,0
4810,1,109,109,0
4811,1,102,102,0
4812,1,96,96,0
4833,1,88,88,0
4834,1,95,95,0
4835,1,98,98,0
4836,1,92,92,0
4873,1,100,100,0
4874,1,98,98,0
4875,1,83,83,0
4876,1,99,99,0
4965,1,98,98,0
4966,1,74,74,0
4967,1,104,104,0
4968,1,99,99,0
5045,1,98,98,0
5046,1,86,86,0
5047,1,87,87,0
5048,1,90,90,0
5193,1,102,102,0
5194,1,98,98,0
5195,1,95,95,0
5196,1,95,95,0
5225,1,107,107,0
5226,1,105,105,0
5227,1,100,100,0
5228,1,106,106,0
5289,1,81,81,0
5290,1,81,81,0
5291,1,96,96,0
5292,1,99,99,0
5341,1,97,97,0
5342,1,93,93,0
5343,1,102,102,0
5344,1,123,123,0
5485,1,94,94,0
5486,1,85,85,0
5487,1,103,103,0
5488,1,96,96,0
5517,1,103,103,0
5518,1,107,107,0
5519,1,96,96,0
5520,1,94,94,0
5581,1,99,99,0
5582,1,106,106,0
5583,1,96,96,0
5584,1,113,113,0
5813,1,105,105,0
5814,1,99,99,0
5815,1,102,102,0
5816,1,113,113,0
6033,1,102,102,0
6034,1,106,106,0
6035,1,96,96,0
6036,1,103,103,0
6141,1,100,100,0
6142,1,105,105,0
6143,1,94,94,0
6144,1,105,105,0
6161,1,87,87,0
6162,1,102,102,0
6163,1,94,94,0
6164,1,88,88,0
6165,1,109,109,0
6166,1,104,104,0
6167,1,100,100,0
6168,1,91,91,0
6297,1,86,86,0
6298,1,97,97,0
6299,1,79,79,0
6300,1,91,91,0
6325,1,107,107,0
6326,1,75,75,0
6327,1,106,106,0
6328,1,88,88,0
6365,1,102,102,0
6366,1,96,96,0
6367,1,85,85,0
6368,1,97,97,0
6881,1,106,106,0
6882,1,101,101,0
6883,1,105,105,0
6884,1,90,90,0
7045,1,79,79,0
7046,1,94,94,0
7047,1,108,108,0
7048,1,91,91,0
7381,1,106,106,0
7382,1,88,88,0
7383,1,110,110,0
7384,1,107,107,0
7525,1,89,89,0
7526,1,96,96,0
7527,1,87,87,0
7528,1,117,117,0
7793,1,81,81,0
7794,1,80,80,0
7795,1,92,92,0
7796,1,88,88,0
14765,1,91,91,0
14766,1,81,81,0
14767,1,100,100,0
14768,1,69,69,0
18261,1,82,82,0
18262,1,104,104,0
18263,1,107,107,0
18264,1,98,98,0
18521,1,99,99,0
18522,1,104,104,0
18523,1,112,112,0
18524,1,86,86,0
18777,1,86,86,0
18778,1,98,98,0
18779,1,98,98,0
18780,1,90,90,0
18809,1,93,93,0
18810,1,107,107,0
18811,1,84,84,0
18812,1,93,93,0
18909,1,97,97,0
18910,1,104,104,0
18911,1,102,102,0
18912,1,78,78,0
1285,1,97,97,0
1286,1,87,87,0
1287,1,94,94,0
1288,1,95,95,0
1513,1,88,88,0
1514,1,100,100,0
1515,1,91,91,0
1516,1,92,92,0
3349,1,92,92,0
3350,1,93,93,0
3351,1,90,90,0
3352,1,93,93,0
4417,1,89,89,0
4418,1,114,114,0
4419,1,98,98,0
4420,1,103,103,0
4477,1,113,113,0
4478,1,94,94,0
4479,1,107,107,0
4480,1,106,106,0
4553,1,94,94,0
4554,1,103,103,0
4555,1,87,87,0
4556,1,83,83,0
4773,1,101,101,0
4774,1,83,83,0
4775,1,102,102,0
4776,1,103,103,0
5613,1,93,93,0
5614,1,113,113,0
5615,1,101,101,0
5616,1,104,104,0
5905,1,93,93,0
5906,1,97,97,0
5907,1,94,94,0
5908,1,117,117,0
6261,1,90,90,0
6262,1,112,112,0
6263,1,102,102,0
6264,1,88,88,0
6357,1,101,101,0
6358,1,115,115,0
6359,1,98,98,0
6360,1,103,103,0
7425,1,96,96,0
7426,1,88,88,0
7427,1,105,105,0
7428,1,91,91,0
7885,1,86,86,0
7886,1,93,93,0
7887,1,120,120,0
7888,1,100,100,0
7961,1,108,108,0
7962,1,73,73,0
7963,1,91,91,0
7964,1,112,112,0
15005,1,96,96,0
15006,1,89,89,0
15007,1,98,98,0
15008,1,95,95,0
17129,1,100,100,0
17130,1,106,106,0
17131,1,89,89,0
17132,1,89,89,0
5626,1,94,94,0
6281,1,101,101,0
6282,1,112,112,0
6283,1,106,106,0
6284,1,91,91,0
10745,1,100,100,0
11065,1,95,95,0
11669,1,84,84,0
14481,1,102,102,0
14482,1,97,97,0
14483,1,104,104,0
14484,1,86,86,0
313,1,94,94,0
314,1,90,90,0
315,1,100,100,0
316,1,90,90,0
605,1,99,99,0
606,1,99,99,0
607,1,92,92,0
608,1,82,82,0
1633,1,101,101,0
1634,1,103,103,0
1635,1,90,90,0
1636,1,113,113,0
1773,1,90,90,0
1776,1,93,93,0
2117,1,107,107,0
2118,1,92,92,0
2119,1,98,98,0
2120,1,105,105,0
2617,1,116,116,0
2618,1,86,86,0
2619,1,93,93,0
2620,1,92,92,0
3121,1,96,96,0
3122,1,106,106,0
3123,1,84,84,0
3124,1,95,95,0
4345,1,89,89,0
4346,1,75,75,0
4347,1,101,101,0
4348,1,93,93,0
4785,1,98,98,0
4786,1,111,111,0
4787,1,82,82,0
4788,1,88,88,0
4801,1,110,110,0
4802,1,86,86,0
4803,1,84,84,0
4804,1,98,98,0
4845,1,86,86,0
4846,1,83,83,0
4847,1,95,95,0
4848,1,100,100,0
4933,1,96,96,0
4934,1,94,94,0
4935,1,89,89,0
4936,1,76,76,0
5285,1,97,97,0
5286,1,109,109,0
5287,1,96,96,0
5288,1,92,92,0
5421,1,109,109,0
5422,1,90,90,0
5423,1,90,90,0
5424,1,100,100,0
5493,1,99,99,0
5494,1,112,112,0
5495,1,99,99,0
5496,1,97,97,0
5713,1,95,95,0
5714,1,94,94,0
5715,1,103,103,0
5716,1,107,107,0
5741,1,102,102,0
5742,1,92,92,0
5743,1,99,99,0
5744,1,95,95,0
5777,1,95,95,0
5778,1,82,82,0
5779,1,93,93,0
5780,1,101,101,0
5781,1,82,82,0
5782,1,88,88,0
5783,1,83,83,0
5784,1,102,102,0
5817,1,99,99,0
5818,1,118,118,0
5819,1,123,123,0
5820,1,112,112,0
5845,1,106,106,0
5846,1,80,80,0
5847,1,90,90,0
5848,1,101,101,0
6001,1,94,94,0
6002,1,96,96,0
6003,1,100,100,0
6004,1,103,103,0
6009,1,92,92,0
6010,1,98,98,0
6011,1,97,97,0
6012,1,97,97,0
6361,1,99,99,0
6362,1,91,91,0
6363,1,102,102,0
6364,1,98,98,0
6421,1,91,91,0
6422,1,100,100,0
6423,1,101,101,0
6424,1,84,84,0
6425,1,104,104,0
6426,1,90,90,0
6427,1,80,80,0
6428,1,103,103,0
6433,1,89,89,0
6434,1,109,109,0
6435,1,96,96,0
6436,1,91,91,0
6489,1,83,83,0
6490,1,90,90,0
6491,1,95,95,0
6492,1,105,105,0
6497,1,95,95,0
6498,1,102,102,0
6499,1,89,89,0
6500,1,107,107,0
6525,1,95,95,0
6526,1,97,97,0
6527,1,81,81,0
6528,1,115,115,0
6549,1,95,95,0
7189,1,98,98,0
7190,1,103,103,0
7191,1,101,101,0
7192,1,90,90,0
7297,1,111,111,0
7298,1,88,88,0
7299,1,88,88,0
7300,1,93,93,0
7325,1,106,106,0
7326,1,109,109,0
7327,1,90,90,0
7328,1,91,91,0
7781,1,97,97,0
7782,1,85,85,0
7783,1,81,81,0
7784,1,117,117,0
7949,1,90,90,0
7950,1,89,89,0
7951,1,95,95,0
7952,1,82,82,0
10269,1,91,91,0
10270,1,86,86,0
10271,1,77,77,0
10272,1,118,118,0
10937,1,99,99,0
10938,1,96,96,0
10940,1,82,82,0
10981,1,104,104,0
10982,1,111,111,0
10983,1,97,97,0
10984,1,100,100,0
11441,1,84,84,0
11442,1,101,101,0
11443,1,79,79,0
11444,1,89,89,0
11481,1,97,97,0
11482,1,76,76,0
11483,1,94,94,0
11484,1,87,87,0
11489,1,84,84,0
11490,1,80,80,0
11491,1,89,89,0
11492,1,108,108,0
11881,1,100,100,0
11882,1,91,91,0
11883,1,87,87,0
11884,1,97,97,0
11885,1,97,97,0
11887,1,104,104,0
11888,1,95,95,0
13009,1,91,91,0
13010,1,96,96,0
13011,1,91,91,0
13012,1,88,88,0
13429,1,102,102,0
13430,1,102,102,0
13431,1,84,84,0
13432,1,110,110,0
15205,1,74,74,0
15206,1,99,99,0
15207,1,99,99,0
15208,1,96,96,0
15381,1,105,105,0
15382,1,94,94,0
15383,1,94,94,0
15384,1,99,99,0
15546,1,88,88,0
15547,1,92,92,0
15725,1,99,99,0
15726,1,73,73,0
15727,1,86,86,0
15728,1,75,75,0
15985,1,105,105,0
15986,1,81,81,0
15987,1,87,87,0
15988,1,121,121,0
18454,1,98,98,0
18455,1,96,96,0
18490,1,83,83,0
18619,1,109,109,0
1774,1,87,87,0
1775,1,99,99,0
3025,1,87,87,0
3026,1,112,112,0
3027,1,93,93,0
3028,1,83,83,0
4513,1,93,93,0
4514,1,84,84,0
4515,1,91,91,0
4516,1,103,103,0
5005,1,86,86,0
5006,1,94,94,0
5007,1,106,106,0
5008,1,89,89,0
5113,1,98,98,0
5114,1,86,86,0
5115,1,100,100,0
5116,1,93,93,0
6069,1,90,90,0
6070,1,93,93,0
6071,1,84,84,0
6072,1,92,92,0
6133,1,102,102,0
6134,1,95,95,0
6135,1,103,103,0
6136,1,94,94,0
6550,1,104,104,0
6551,1,106,106,0
6552,1,94,94,0
6605,1,103,103,0
6606,1,98,98,0
6607,1,96,96,0
6608,1,103,103,0
10713,1,85,85,0
10714,1,94,94,0
10715,1,90,90,0
10716,1,100,100,0
10939,1,99,99,0
11733,1,98,98,0
11734,1,113,113,0
11735,1,94,94,0
11736,1,95,95,0
11886,1,90,90,0
15545,1,87,87,0
15548,1,93,93,0
18453,1,79,79,0
18456,1,92,92,0
18617,1,100,100,0
18845,1,93,93,0
18846,1,101,101,0
18847,1,108,108,0
18848,1,102,102,0
3545,1,87,87,0
3546,1,101,101,0
3547,1,96,96,0
3548,1,94,94,0
12733,1,95,95,0
12734,1,98,98,0
12735,1,108,108,0
12736,1,93,93,0
14305,1,84,84,0
14306,1,102,102,0
14307,1,107,107,0
14308,1,100,100,0
15803,1,105,105,0
15804,1,92,92,0
3109,1,92,92,0
3110,1,101,101,0
3111,1,105,105,0
3112,1,105,105,0
4009,1,87,87,0
4010,1,107,107,0
4011,1,80,80,0
4012,1,87,87,0
4041,1,99,99,0
4042,1,86,86,0
4043,1,109,109,0
4044,1,93,93,0
5529,1,84,84,0
5530,1,103,103,0
5531,1,99,99,0
5532,1,89,89,0
19293,1,80,80,0
19294,1,102,102,0
19295,1,97,97,0
19296,1,117,117,0
5825,1,85,85,0
5826,1,93,93,0
5827,1,77,77,0
5828,1,82,82,0
6353,1,90,90,0
6354,1,91,91,0
6355,1,82,82,0
6356,1,92,92,0
7001,1,100,100,0
7002,1,95,95,0
7003,1,95,95,0
7004,1,93,93,0
9985,1,88,88,0
9986,1,111,111,0
9987,1,104,104,0
9988,1,99,99,0
14045,1,92,92,0
14046,1,103,103,0
14047,1,102,102,0
14048,1,82,82,0
4337,1,81,81,0
4338,1,106,106,0
4339,1,89,89,0
4340,1,81,81,0
4405,1,99,99,0
4406,1,97,97,0
4407,1,97,97,0
4408,1,90,90,0
5241,1,90,90,0
5242,1,89,89,0
5243,1,96,96,0
5244,1,85,85,0
5625,1,88,88,0
5627,1,108,108,0
5628,1,108,108,0
5753,1,88,88,0
5754,1,94,94,0
5755,1,89,89,0
5756,1,83,83,0
5913,1,88,88,0
5914,1,82,82,0
5915,1,100,100,0
5916,1,100,100,0
6453,1,112,112,0
6454,1,110,110,0
6455,1,111,111,0
6456,1,97,97,0
6641,1,93,93,0
6642,1,108,108,0
6643,1,118,118,0
6644,1,95,95,0
6941,1,82,82,0
6942,1,109,109,0
6943,1,100,100,0
6944,1,95,95,0
10529,1,112,112,0
10530,1,108,108,0
10531,1,81,81,0
10532,1,103,103,0
10746,1,89,89,0
10747,1,101,101,0
10748,1,117,117,0
11066,1,91,91,0
11067,1,91,91,0
11068,1,79,79,0
11670,1,94,94,0
11671,1,95,95,0
11672,1,87,87,0
13981,1,91,91,0
13982,1,107,107,0
13983,1,84,84,0
13984,1,103,103,0
18422,1,90,90,0
18423,1,91,91,0
18489,1,125,125,0
18491,1,108,108,0
18492,1,84,84,0
18553,1,93,93,0
18554,1,82,82,0
18555,1,87,87,0
18556,1,83,83,0
18618,1,109,109,0
18620,1,103,103,0
18649,1,103,103,0
18650,1,92,92,0
18651,1,101,101,0
18652,1,96,96,0
18749,1,102,102,0
18750,1,91,91,0
18751,1,96,96,0
18752,1,97,97,0
3430,1,111,111,0
7161,1,97,97,0
7162,1,93,93,0
7163,1,93,93,0
7164,1,97,97,0
10225,1,107,107,0
10226,1,83,83,0
10227,1,80,80,0
10228,1,92,92,0
12778,1,85,85,0
12779,1,95,95,0
12780,1,89,89,0
401,1,101,101,0
402,1,99,99,0
403,1,93,93,0
404,1,84,84,0
453,1,101,101,0
454,1,75,75,0
455,1,103,103,0
456,1,103,103,0
489,1,82,82,0
490,1,96,96,0
491,1,87,87,0
492,1,103,103,0
493,1,94,94,0
494,1,85,85,0
495,1,103,103,0
496,1,93,93,0
1421,1,107,107,0
1422,1,94,94,0
1423,1,96,96,0
1424,1,85,85,0
2465,1,94,94,0
2466,1,100,100,0
2467,1,95,95,0
2468,1,87,87,0
3305,1,94,94,0
3470,1,87,87,0
3471,1,91,91,0
3472,1,103,103,0
3566,1,107,107,0
3567,1,79,79,0
3729,1,92,92,0
4343,1,94,94,0
4473,1,91,91,0
4474,1,78,78,0
4475,1,106,106,0
4476,1,99,99,0
6731,1,71,71,0
7313,1,74,74,0
7314,1,107,107,0
7315,1,86,86,0
7823,1,106,106,0
9153,1,98,98,0
9154,1,112,112,0
9155,1,95,95,0
9156,1,91,91,0
2198,1,97,97,0
2199,1,94,94,0
2709,1,94,94,0
3192,1,84,84,0
3661,1,95,95,0
3681,1,94,94,0
3694,1,102,102,0
4120,1,86,86,0
549,1,88,88,0
550,1,103,103,0
551,1,96,96,0
853,1,94,94,0
854,1,114,114,0
855,1,99,99,0
856,1,96,96,0
1690,1,103,103,0
1691,1,105,105,0
1692,1,96,96,0
1781,1,110,110,0
1782,1,107,107,0
1783,1,97,97,0
1784,1,91,91,0
1813,1,112,112,0
1814,1,110,110,0
1815,1,83,83,0
1816,1,109,109,0
2085,1,104,104,0
2086,1,89,89,0
2087,1,86,86,0
2088,1,107,107,0
2365,1,110,110,0
2366,1,95,95,0
2367,1,95,95,0
2368,1,98,98,0
2397,1,98,98,0
2398,1,95,95,0
2399,1,131,131,0
2400,1,98,98,0
2725,1,109,109,0
2726,1,102,102,0
2727,1,112,112,0
2728,1,92,92,0
2797,1,80,80,0
2798,1,92,92,0
2799,1,104,104,0
2800,1,115,115,0
3389,1,110,110,0
3390,1,94,94,0
3391,1,94,94,0
3392,1,97,97,0
3493,1,89,89,0
3494,1,87,87,0
3495,1,94,94,0
3496,1,99,99,0
3533,1,110,110,0
3534,1,91,91,0
3535,1,122,122,0
3536,1,94,94,0
3624,1,100,100,0
3889,1,104,104,0
3890,1,106,106,0
3891,1,90,90,0
3892,1,103,103,0
6857,1,99,99,0
6858,1,98,98,0
6859,1,94,94,0
6860,1,98,98,0
7105,1,91,91,0
7106,1,99,99,0
7107,1,97,97,0
7108,1,87,87,0
7677,1,95,95,0
7678,1,104,104,0
7679,1,98,98,0
7913,1,97,97,0
7914,1,87,87,0
7915,1,87,87,0
7916,1,96,96,0
12469,1,86,86,0
12470,1,81,81,0
12471,1,100,100,0
12472,1,87,87,0
953,1,102,102,0
954,1,93,93,0
955,1,89,89,0
956,1,101,101,0
2905,1,93,93,0
2906,1,90,90,0
2907,1,100,100,0
2908,1,95,95,0
5165,1,104,104,0
5166,1,107,107,0
5167,1,102,102,0
5168,1,96,96,0
5837,1,80,80,0
5838,1,102,102,0
5839,1,97,97,0
5840,1,91,91,0
7201,1,115,115,0
7202,1,101,101,0
7203,1,88,88,0
7204,1,104,104,0
6565,1,95,95,0
6566,1,86,86,0
6567,1,78,78,0
6568,1,85,85,0
7429,1,89,89,0
7430,1,86,86,0
7431,1,100,100,0
7432,1,114,114,0
7573,1,92,92,0
7574,1,91,91,0
7575,1,115,115,0
7576,1,79,79,0
10021,1,101,101,0
10022,1,113,113,0
10023,1,107,107,0
10024,1,95,95,0
10093,1,81,81,0
10094,1,113,113,0
10095,1,102,102,0
10096,1,86,86,0
11037,1,95,95,0
11038,1,100,100,0
11039,1,104,104,0
11040,1,105,105,0
11105,1,106,106,0
11106,1,89,89,0
11107,1,95,95,0
11108,1,105,105,0
11613,1,100,100,0
11614,1,91,91,0
11615,1,118,118,0
11616,1,84,84,0
14657,1,100,100,0
14658,1,97,97,0
14659,1,82,82,0
14660,1,81,81,0
15221,1,90,90,0
15222,1,106,106,0
15223,1,99,99,0
15224,1,91,91,0
16340,1,107,107,0
16849,1,100,100,0
16850,1,95,95,0
16851,1,103,103,0
16852,1,94,94,0
17745,1,89,89,0
17746,1,95,95,0
17747,1,89,89,0
17748,1,91,91,0
18168,1,89,89,0
18841,1,93,93,0
18842,1,107,107,0
18843,1,85,85,0
18844,1,70,70,0
19269,1,84,84,0
19270,1,88,88,0
19271,1,100,100,0
19272,1,93,93,0
33,1,101,101,0
34,1,85,85,0
35,1,98,98,0
36,1,96,96,0
93,1,98,98,0
94,1,94,94,0
95,1,94,94,0
96,1,100,100,0
1401,1,120,120,0
1402,1,82,82,0
1403,1,98,98,0
1404,1,88,88,0
1561,1,101,101,0
1562,1,95,95,0
1563,1,82,82,0
1564,1,94,94,0
3401,1,89,89,0
3402,1,96,96,0
3403,1,86,86,0
3404,1,84,84,0
4605,1,91,91,0
4606,1,90,90,0
4607,1,106,106,0
4608,1,102,102,0
4865,1,89,89,0
4866,1,88,88,0
4867,1,101,101,0
4868,1,98,98,0
6653,1,84,84,0
6654,1,106,106,0
6655,1,99,99,0
6656,1,98,98,0
6849,1,112,112,0
6850,1,104,104,0
6851,1,101,101,0
6852,1,96,96,0
8409,1,90,90,0
8410,1,93,93,0
8411,1,91,91,0
8412,1,99,99,0
8809,1,97,97,0
8810,1,89,89,0
8811,1,93,93,0
8812,1,95,95,0
9161,1,97,97,0
9162,1,96,96,0
9163,1,85,85,0
9164,1,93,93,0
10837,1,97,97,0
10838,1,80,80,0
10839,1,91,91,0
10840,1,113,113,0
11197,1,90,90,0
11198,1,88,88,0
11199,1,94,94,0
11200,1,95,95,0
11877,1,104,104,0
11878,1,86,86,0
11879,1,84,84,0
11880,1,94,94,0
12293,1,81,81,0
12294,1,96,96,0
12295,1,90,90,0
12296,1,102,102,0
12357,1,102,102,0
12358,1,91,91,0
12359,1,93,93,0
12360,1,90,90,0
12681,1,87,87,0
12682,1,100,100,0
12683,1,104,104,0
12684,1,105,105,0
12941,1,106,106,0
12942,1,86,86,0
12943,1,101,101,0
12944,1,96,96,0
13005,1,100,100,0
13006,1,89,89,0
13007,1,105,105,0
13008,1,102,102,0
13557,1,98,98,0
13558,1,81,81,0
13559,1,97,97,0
13560,1,94,94,0
14697,1,97,97,0
14698,1,96,96,0
14699,1,78,78,0
14700,1,99,99,0
14753,1,88,88,0
14754,1,108,108,0
14755,1,91,91,0
14756,1,86,86,0
14997,1,105,105,0
14998,1,107,107,0
14999,1,84,84,0
15000,1,96,96,0
15961,1,95,95,0
15962,1,99,99,0
15963,1,103,103,0
15964,1,99,99,0
221,1,102,102,0
222,1,90,90,0
223,1,103,103,0
224,1,83,83,0
317,1,86,86,0
318,1,79,79,0
319,1,105,105,0
320,1,91,91,0
1237,1,107,107,0
1238,1,83,83,0
1239,1,91,91,0
1240,1,99,99,0
2309,1,95,95,0
2310,1,89,89,0
2311,1,97,97,0
2312,1,106,106,0
2361,1,98,98,0
2362,1,83,83,0
2363,1,93,93,0
2364,1,88,88,0
2393,1,104,104,0
2394,1,88,88,0
2395,1,93,93,0
2396,1,80,80,0
2813,1,101,101,0
2814,1,102,102,0
2815,1,82,82,0
2816,1,95,95,0
3689,1,98,98,0
3690,1,90,90,0
3691,1,94,94,0
3692,1,106,106,0
4025,1,99,99,0
4026,1,90,90,0
4027,1,92,92,0
4133,1,110,110,0
4134,1,97,97,0
4135,1,74,74,0
4136,1,104,104,0
4969,1,81,81,0
4970,1,87,87,0
4971,1,90,90,0
4972,1,101,101,0
6277,1,88,88,0
6278,1,104,104,0
6279,1,96,96,0
6280,1,106,106,0
6949,1,106,106,0
6950,1,83,83,0
6951,1,107,107,0
6952,1,89,89,0
7273,1,90,90,0
7274,1,108,108,0
7275,1,100,100,0
7276,1,92,92,0
7589,1,90,90,0
7590,1,97,97,0
7591,1,99,99,0
7592,1,94,94,0
8985,1,85,85,0
8986,1,104,104,0
8987,1,100,100,0
8988,1,102,102,0
9849,1,99,99,0
9850,1,95,95,0
9851,1,102,102,0
9852,1,87,87,0
9889,1,98,98,0
9890,1,114,114,0
9891,1,93,93,0
9892,1,94,94,0
10129,1,96,96,0
10130,1,100,100,0
10131,1,123,123,0
10132,1,98,98,0
10341,1,78,78,0
10342,1,97,97,0
10343,1,91,91,0
10344,1,104,104,0
10357,1,97,97,0
10358,1,117,117,0
10359,1,93,93,0
10360,1,91,91,0
10485,1,90,90,0
10486,1,110,110,0
10487,1,92,92,0
10488,1,93,93,0
10565,1,89,89,0
10566,1,96,96,0
10567,1,85,85,0
10568,1,112,112,0
10841,1,99,99,0
10842,1,98,98,0
10843,1,91,91,0
10844,1,102,102,0
10873,1,101,101,0
10874,1,98,98,0
10875,1,83,83,0
10876,1,87,87,0
11165,1,92,92,0
11166,1,94,94,0
11167,1,101,101,0
11168,1,83,83,0
11361,1,103,103,0
11362,1,83,83,0
11363,1,94,94,0
11364,1,89,89,0
11427,1,84,84,0
11437,1,96,96,0
11438,1,99,99,0
11439,1,90,90,0
11440,1,80,80,0
11585,1,104,104,0
11586,1,108,108,0
11587,1,100,100,0
11588,1,101,101,0
11977,1,101,101,0
11978,1,102,102,0
11979,1,89,89,0
11980,1,84,84,0
15637,1,85,85,0
15638,1,84,84,0
15639,1,92,92,0
15640,1,97,97,0
16529,1,105,105,0
16530,1,105,105,0
16531,1,113,113,0
16532,1,95,95,0
17797,1,89,89,0
17798,1,100,100,0
17799,1,86,86,0
17800,1,87,87,0
18237,1,85,85,0
18238,1,83,83,0
18239,1,87,87,0
18240,1,94,94,0
18313,1,88,88,0
18314,1,95,95,0
18315,1,85,85,0
18316,1,97,97,0
18865,1,95,95,0
18866,1,81,81,0
18867,1,86,86,0
18868,1,100,100,0
19129,1,93,93,0
19130,1,86,86,0
19131,1,113,113,0
19132,1,115,115,0
19185,1,85,85,0
19186,1,104,104,0
19187,1,106,106,0
19188,1,88,88,0
3041,1,94,94,0
3042,1,105,105,0
3043,1,81,81,0
3044,1,105,105,0
4028,1,97,97,0
10193,1,90,90,0
10194,1,102,102,0
10195,1,93,93,0
10196,1,93,93,0
11425,1,84,84,0
11426,1,92,92,0
11428,1,94,94,0
11749,1,92,92,0
11750,1,91,91,0
11751,1,105,105,0
11752,1,102,102,0
229,1,86,86,0
230,1,96,96,0
231,1,103,103,0
232,1,92,92,0
253,1,90,90,0
254,1,101,101,0
255,1,99,99,0
256,1,86,86,0
649,1,88,88,0
650,1,68,68,0
651,1,117,117,0
652,1,89,89,0
1937,1,99,99,0
1938,1,95,95,0
1939,1,98,98,0
1940,1,77,77,0
2273,1,106,106,0
2274,1,79,79,0
2275,1,85,85,0
2276,1,95,95,0
3429,1,80,80,0
3431,1,101,101,0
3432,1,89,89,0
3829,1,83,83,0
3830,1,107,107,0
3831,1,80,80,0
3832,1,101,101,0
4573,1,101,101,0
4574,1,80,80,0
4575,1,98,98,0
4576,1,98,98,0
5353,1,93,93,0
5354,1,86,86,0
5355,1,104,104,0
5356,1,93,93,0
5537,1,80,80,0
5538,1,85,85,0
5539,1,104,104,0
5540,1,77,77,0
5969,1,81,81,0
5970,1,103,103,0
5971,1,84,84,0
5972,1,104,104,0
6681,1,83,83,0
6682,1,99,99,0
6683,1,89,89,0
6684,1,101,101,0
6745,1,97,97,0
6746,1,82,82,0
6747,1,112,112,0
6748,1,82,82,0
6753,1,105,105,0
6754,1,84,84,0
6755,1,99,99,0
6756,1,73,73,0
7005,1,98,98,0
7006,1,81,81,0
7007,1,111,111,0
7008,1,105,105,0
10125,1,104,104,0
10126,1,100,100,0
10127,1,84,84,0
10128,1,124,124,0
14569,1,102,102,0
14570,1,95,95,0
14571,1,86,86,0
14572,1,101,101,0
15229,1,82,82,0
15230,1,88,88,0
15231,1,99,99,0
15232,1,105,105,0
16009,1,81,81,0
16010,1,95,95,0
16011,1,92,92,0
16012,1,103,103,0
1797,1,96,96,0
1798,1,92,92,0
1799,1,95,95,0
1800,1,95,95,0
2405,1,95,95,0
2406,1,78,78,0
2407,1,88,88,0
2408,1,92,92,0
2857,1,93,93,0
2858,1,98,98,0
2859,1,112,112,0
2860,1,86,86,0
3593,1,116,116,0
3594,1,99,99,0
3595,1,108,108,0
3596,1,84,84,0
3757,1,108,108,0
3758,1,81,81,0
3759,1,103,103,0
3760,1,102,102,0
9493,1,120,120,0
9494,1,94,94,0
9495,1,90,90,0
9496,1,96,96,0
10449,1,96,96,0
10450,1,86,86,0
10451,1,95,95,0
10452,1,95,95,0
10585,1,84,84,0
10586,1,90,90,0
10587,1,91,91,0
10588,1,84,84,0
11685,1,100,100,0
11686,1,81,81,0
11687,1,80,80,0
11688,1,98,98,0
11717,1,95,95,0
11718,1,91,91,0
11719,1,93,93,0
11720,1,75,75,0
14893,1,95,95,0
14894,1,86,86,0
14895,1,74,74,0
14896,1,86,86,0
15981,1,87,87,0
15982,1,97,97,0
15983,1,108,108,0
15984,1,79,79,0
15989,1,98,98,0
15990,1,115,115,0
15991,1,106,106,0
15992,1,98,98,0
4069,1,84,84,0
4070,1,109,109,0
4071,1,124,124,0
4072,1,89,89,0
5221,1,74,74,0
5222,1,95,95,0
5223,1,102,102,0
5224,1,116,116,0
5633,1,108,108,0
5634,1,103,103,0
5635,1,97,97,0
5636,1,98,98,0
7877,1,97,97,0
7878,1,107,107,0
7879,1,101,101,0
7880,1,102,102,0
17193,1,95,95,0
17194,1,93,93,0
17195,1,100,100,0
17196,1,89,89,0
17697,1,98,98,0
17698,1,94,94,0
17699,1,104,104,0
17700,1,94,94,0
11623,1,110,110,0
11713,1,87,87,0
11714,1,93,93,0
11715,1,96,96,0
11716,1,92,92,0
11813,1,111,111,0
11814,1,101,101,0
11815,1,82,82,0
11816,1,80,80,0
12193,1,78,78,0
12194,1,102,102,0
12195,1,104,104,0
12196,1,87,87,0
12713,1,102,102,0
12714,1,103,103,0
12715,1,93,93,0
12716,1,98,98,0
12777,1,107,107,0
13329,1,93,93,0
13330,1,91,91,0
13331,1,93,93,0
13332,1,93,93,0
13589,1,73,73,0
13590,1,97,97,0
13591,1,102,102,0
13592,1,78,78,0
14653,1,87,87,0
14654,1,96,96,0
14655,1,95,95,0
14656,1,87,87,0
15941,1,104,104,0
15942,1,85,85,0
15943,1,98,98,0
1001,1,91,91,0
1002,1,99,99,0
1003,1,110,110,0
1004,1,88,88,0
1453,1,91,91,0
1454,1,86,86,0
1455,1,108,108,0
1456,1,90,90,0
1785,1,86,86,0
1786,1,116,116,0
1787,1,107,107,0
1788,1,97,97,0
2037,1,108,108,0
2038,1,103,103,0
2039,1,87,87,0
2040,1,88,88,0
2433,1,77,77,0
2434,1,100,100,0
2435,1,101,101,0
2436,1,90,90,0
2985,1,84,84,0
2986,1,100,100,0
2987,1,102,102,0
2988,1,101,101,0
3581,1,107,107,0
3582,1,103,103,0
3583,1,91,91,0
7028,1,107,107,0
12225,1,84,84,0
12226,1,101,101,0
12227,1,83,83,0
12228,1,95,95,0
14039,1,81,81,0
15902,1,79,79,0
15903,1,98,98,0
16055,1,108,108,0
16825,1,92,92,0
16826,1,96,96,0
16827,1,83,83,0
16828,1,83,83,0
16953,1,102,102,0
17648,1,94,94,0
5793,1,88,88,0
5794,1,117,117,0
5795,1,97,97,0
5796,1,92,92,0
6945,1,107,107,0
15433,1,89,89,0
15436,1,96,96,0
15934,1,101,101,0
16567,1,89,89,0
16568,1,101,101,0
209,1,96,96,0
210,1,91,91,0
211,1,105,105,0
212,1,92,92,0
289,1,109,109,0
290,1,98,98,0
291,1,98,98,0
292,1,89,89,0
741,1,112,112,0
742,1,91,91,0
743,1,108,108,0
744,1,95,95,0
793,1,85,85,0
794,1,81,81,0
795,1,91,91,0
796,1,116,116,0
825,1,90,90,0
826,1,86,86,0
827,1,108,108,0
828,1,95,95,0
905,1,86,86,0
906,1,79,79,0
907,1,89,89,0
908,1,89,89,0
937,1,103,103,0
938,1,82,82,0
939,1,101,101,0
940,1,109,109,0
969,1,90,90,0
970,1,97,97,0
971,1,101,101,0
972,1,86,86,0
1849,1,93,93,0
1850,1,80,80,0
1851,1,89,89,0
1852,1,93,93,0
1909,1,101,101,0
1910,1,94,94,0
1911,1,91,91,0
1912,1,101,101,0
1973,1,91,91,0
1974,1,90,90,0
1975,1,92,92,0
1976,1,94,94,0
2381,1,84,84,0
2382,1,79,79,0
2383,1,93,93,0
2384,1,104,104,0
3905,1,84,84,0
3906,1,93,93,0
3907,1,78,78,0
3908,1,110,110,0
6897,1,90,90,0
6898,1,99,99,0
6899,1,85,85,0
6900,1,86,86,0
6947,1,101,101,0
6948,1,100,100,0
9993,1,90,90,0
9994,1,83,83,0
9995,1,108,108,0
9996,1,91,91,0
10477,1,91,91,0
10478,1,96,96,0
10479,1,101,101,0
10480,1,94,94,0
13073,1,84,84,0
13074,1,112,112,0
13075,1,85,85,0
13076,1,92,92,0
13137,1,86,86,0
13138,1,101,101,0
13139,1,96,96,0
13140,1,98,98,0
14593,1,94,94,0
14594,1,90,90,0
14595,1,86,86,0
14596,1,97,97,0
14689,1,104,104,0
14690,1,103,103,0
14692,1,98,98,0
15434,1,86,86,0
15435,1,98,98,0
15559,1,82,82,0
15641,1,93,93,0
15643,1,89,89,0
15705,1,105,105,0
15706,1,95,95,0
15707,1,99,99,0
15708,1,89,89,0
15933,1,99,99,0
15935,1,99,99,0
15936,1,84,84,0
16633,1,87,87,0
16634,1,79,79,0
16635,1,107,107,0
16636,1,99,99,0
16661,1,95,95,0
16662,1,81,81,0
16663,1,94,94,0
16746,1,99,99,0
16747,1,94,94,0
16748,1,94,94,0
16997,1,95,95,0
16998,1,101,101,0
16999,1,94,94,0
17000,1,99,99,0
17089,1,97,97,0
17090,1,98,98,0
17091,1,100,100,0
17092,1,88,88,0
17117,1,87,87,0
17118,1,99,99,0
17119,1,100,100,0
17120,1,97,97,0
17125,1,97,97,0
17126,1,98,98,0
17127,1,89,89,0
17128,1,91,91,0
17181,1,101,101,0
17182,1,96,96,0
17183,1,82,82,0
17184,1,73,73,0
17417,1,102,102,0
17418,1,102,102,0
17419,1,93,93,0
17420,1,93,93,0
17441,1,94,94,0
17442,1,102,102,0
17443,1,97,97,0
17444,1,95,95,0
17581,1,90,90,0
17582,1,96,96,0
17583,1,79,79,0
17584,1,85,85,0
18045,1,101,101,0
18046,1,90,90,0
18047,1,76,76,0
18048,1,90,90,0
18657,1,96,96,0
18658,1,92,92,0
18659,1,118,118,0
18660,1,113,113,0
18917,1,102,102,0
18918,1,96,96,0
18919,1,98,98,0
18920,1,94,94,0
19013,1,102,102,0
19014,1,106,106,0
19015,1,95,95,0
19016,1,88,88,0
1021,1,98,98,0
1022,1,90,90,0
1023,1,92,92,0
16467,1,104,104,0
16468,1,90,90,0
17645,1,101,101,0
17646,1,108,108,0
17647,1,99,99,0
18301,1,82,82,0
18302,1,89,89,0
18303,1,90,90,0
18435,1,115,115,0
18436,1,91,91,0
18757,1,98,98,0
18758,1,100,100,0
18759,1,93,93,0
18760,1,103,103,0
18765,1,106,106,0
18766,1,94,94,0
18767,1,88,88,0
18768,1,83,83,0
18861,1,93,93,0
18862,1,78,78,0
18863,1,79,79,0
18864,1,105,105,0
18977,1,103,103,0
18978,1,99,99,0
18979,1,79,79,0
18980,1,87,87,0
19057,1,83,83,0
19058,1,89,89,0
19059,1,91,91,0
19060,1,88,88,0
17874,1,80,80,0
17875,1,87,87,0
17876,1,93,93,0
18009,1,95,95,0
18010,1,98,98,0
18011,1,88,88,0
18012,1,90,90,0
18385,1,85,85,0
18386,1,102,102,0
18387,1,88,88,0
18388,1,97,97,0
18425,1,78,78,0
18426,1,94,94,0
18427,1,94,94,0
18428,1,110,110,0
18461,1,103,103,0
18462,1,94,94,0
18463,1,91,91,0
18464,1,88,88,0
18473,1,89,89,0
18474,1,85,85,0
18475,1,79,79,0
18476,1,90,90,0
18701,1,70,70,0
18702,1,100,100,0
18703,1,107,107,0
18704,1,102,102,0
18717,1,95,95,0
18718,1,101,101,0
18719,1,104,104,0
18720,1,76,76,0
18733,1,109,109,0
18734,1,91,91,0
18735,1,97,97,0
18736,1,95,95,0
18785,1,106,106,0
18786,1,105,105,0
18787,1,77,77,0
18788,1,88,88,0
18833,1,102,102,0
18834,1,91,91,0
18835,1,91,91,0
18836,1,104,104,0
18949,1,72,72,0
18950,1,97,97,0
18951,1,96,96,0
18952,1,104,104,0
18993,1,91,91,0
18994,1,99,99,0
18995,1,97,97,0
18996,1,101,101,0
7057,1,109,109,0
7058,1,107,107,0
7059,1,92,92,0
7060,1,87,87,0
8645,1,96,96,0
8646,1,82,82,0
8647,1,90,90,0
8648,1,99,99,0
17342,1,95,95,0
17343,1,86,86,0
17344,1,80,80,0
17709,1,77,77,0
17710,1,106,106,0
17905,1,106,106,0
17906,1,114,114,0
17907,1,91,91,0
17908,1,104,104,0
2121,1,105,105,0
2122,1,107,107,0
7141,1,91,91,0
7142,1,102,102,0
7143,1,114,114,0
7144,1,88,88,0
8117,1,106,106,0
8118,1,77,77,0
8120,1,101,101,0
11185,1,87,87,0
11186,1,101,101,0
11187,1,87,87,0
11188,1,94,94,0
12511,1,109,109,0
12512,1,86,86,0
2965,1,96,96,0
2966,1,102,102,0
2967,1,96,96,0
2968,1,110,110,0
14241,1,92,92,0
14242,1,99,99,0
14243,1,105,105,0
14244,1,96,96,0
7755,1,113,113,0
7756,1,95,95,0
9280,1,107,107,0
14413,1,110,110,0
14414,1,91,91,0
14415,1,112,112,0
14416,1,106,106,0
17562,1,86,86,0
17564,1,114,114,0
18235,1,106,106,0
19005,1,87,87,0
19006,1,93,93,0
19007,1,90,90,0
19158,1,93,93,0
8145,1,94,94,0
8146,1,86,86,0
8147,1,112,112,0
8148,1,80,80,0
8619,1,105,105,0
8620,1,104,104,0
9181,1,102,102,0
9182,1,109,109,0
9183,1,86,86,0
9184,1,103,103,0
15774,1,88,88,0
17853,1,114,114,0
17854,1,88,88,0
17855,1,88,88,0
17856,1,99,99,0
9697,1,105,105,0
9698,1,102,102,0
9699,1,97,97,0
9700,1,92,92,0
16313,1,92,92,0
16314,1,89,89,0
16315,1,101,101,0
16316,1,94,94,0
16791,1,105,105,0
16845,1,96,96,0
16846,1,95,95,0
16847,1,107,107,0
16848,1,98,98,0
17321,1,92,92,0
17322,1,85,85,0
17483,1,106,106,0
17881,1,78,78,0
17882,1,104,104,0
17883,1,109,109,0
17884,1,108,108,0
17998,1,86,86,0
18272,1,88,88,0
18333,1,95,95,0
18336,1,96,96,0
18364,1,110,110,0
18409,1,78,78,0
18410,1,108,108,0
18411,1,108,108,0
18412,1,89,89,0
18593,1,95,95,0
18685,1,101,101,0
18686,1,93,93,0
18687,1,88,88,0
19025,1,97,97,0
19026,1,102,102,0
19027,1,77,77,0
19028,1,112,112,0
17650,1,92,92,0
17651,1,74,74,0
11261,1,90,90,0
11262,1,120,120,0
11263,1,101,101,0
16383,1,94,94,0
16881,1,85,85,0
16882,1,110,110,0
16883,1,101,101,0
16884,1,92,92,0
18413,1,93,93,0
18414,1,105,105,0
18415,1,82,82,0
18416,1,95,95,0
925,1,78,78,0
926,1,113,113,0
927,1,109,109,0
928,1,93,93,0
985,1,94,94,0
986,1,92,92,0
987,1,73,73,0
988,1,96,96,0
1837,1,102,102,0
1838,1,86,86,0
1839,1,100,100,0
1840,1,79,79,0
1997,1,91,91,0
1998,1,90,90,0
1999,1,95,95,0
2000,1,86,86,0
2333,1,85,85,0
2334,1,89,89,0
2335,1,95,95,0
2336,1,91,91,0
2385,1,96,96,0
2386,1,99,99,0
2387,1,77,77,0
2388,1,93,93,0
2497,1,88,88,0
2498,1,100,100,0
2499,1,108,108,0
2500,1,84,84,0
2513,1,89,89,0
2514,1,85,85,0
2515,1,80,80,0
2516,1,102,102,0
2901,1,89,89,0
2902,1,91,91,0
2903,1,115,115,0
2904,1,86,86,0
3069,1,84,84,0
3070,1,81,81,0
3071,1,76,76,0
3337,1,87,87,0
3338,1,100,100,0
3339,1,100,100,0
3340,1,94,94,0
3373,1,86,86,0
3374,1,83,83,0
3375,1,97,97,0
3376,1,93,93,0
3405,1,85,85,0
3406,1,101,101,0
3407,1,75,75,0
3408,1,88,88,0
8470,1,112,112,0
8471,1,92,92,0
8472,1,86,86,0
10673,1,80,80,0
10674,1,92,92,0
10675,1,80,80,0
10676,1,79,79,0
14649,1,117,117,0
14650,1,88,88,0
14651,1,98,98,0
14652,1,94,94,0
14685,1,100,100,0
14686,1,95,95,0
14687,1,105,105,0
14688,1,83,83,0
16253,1,87,87,0
16254,1,104,104,0
16255,1,87,87,0
16256,1,88,88,0
16257,1,101,101,0
16258,1,87,87,0
16259,1,90,90,0
16260,1,101,101,0
16754,1,68,68,0
16755,1,104,104,0
16756,1,96,96,0
17791,1,75,75,0
17829,1,97,97,0
17830,1,90,90,0
17831,1,77,77,0
17832,1,78,78,0
18761,1,94,94,0
18762,1,104,104,0
18763,1,89,89,0
18764,1,85,85,0
18870,1,71,71,0
18871,1,105,105,0
18872,1,96,96,0
18925,1,97,97,0
18926,1,97,97,0
18928,1,101,101,0
14609,1,102,102,0
14610,1,114,114,0
14611,1,93,93,0
14612,1,77,77,0
15737,1,81,81,0
15738,1,96,96,0
15739,1,102,102,0
15740,1,81,81,0
16225,1,89,89,0
16226,1,86,86,0
16227,1,113,113,0
16228,1,106,106,0
16297,1,105,105,0
16298,1,102,102,0
16299,1,93,93,0
16300,1,102,102,0
16665,1,91,91,0
16666,1,106,106,0
16668,1,102,102,0
16709,1,98,98,0
16710,1,105,105,0
16711,1,92,92,0
16712,1,111,111,0
17229,1,91,91,0
17230,1,109,109,0
17232,1,94,94,0
17249,1,88,88,0
17297,1,86,86,0
17298,1,83,83,0
17299,1,76,76,0
17300,1,94,94,0
17393,1,91,91,0
17394,1,86,86,0
17395,1,90,90,0
17396,1,91,91,0
17766,1,94,94,0
17767,1,104,104,0
17768,1,92,92,0
18210,1,110,110,0
18211,1,86,86,0
18212,1,97,97,0
18737,1,104,104,0
18738,1,106,106,0
18739,1,112,112,0
18740,1,97,97,0
18914,1,90,90,0
18915,1,112,112,0
18916,1,93,93,0
19193,1,110,110,0
19195,1,95,95,0
19208,1,95,95,0
19277,1,97,97,0
19279,1,89,89,0
16102,1,91,91,0
16103,1,87,87,0
16104,1,95,95,0
16317,1,72,72,0
16318,1,83,83,0
16319,1,93,93,0
16320,1,100,100,0
17337,1,92,92,0
17338,1,101,101,0
17339,1,84,84,0
17340,1,86,86,0
18077,1,83,83,0
18078,1,96,96,0
15996,1,95,95,0
18509,1,81,81,0
18510,1,89,89,0
18511,1,101,101,0
18512,1,89,89,0
18573,1,86,86,0
18574,1,103,103,0
18575,1,91,91,0
18576,1,76,76,0
18793,1,82,82,0
18794,1,116,116,0
18795,1,100,100,0
18796,1,111,111,0
18829,1,99,99,0
18830,1,99,99,0
18831,1,94,94,0
18832,1,105,105,0
19177,1,89,89,0
19178,1,89,89,0
19179,1,77,77,0
19180,1,102,102,0
19245,1,103,103,0
19246,1,79,79,0
19247,1,86,86,0
19248,1,102,102,0
18927,1,90,90,0
19021,1,102,102,0
19022,1,95,95,0
19023,1,76,76,0
19024,1,102,102,0
19033,1,86,86,0
19034,1,103,103,0
19035,1,109,109,0
19036,1,88,88,0
19053,1,77,77,0
19054,1,89,89,0
19055,1,95,95,0
19056,1,97,97,0
19289,1,108,108,0
19290,1,95,95,0
19291,1,111,111,0
19292,1,92,92,0
3521,1,100,100,0
3522,1,94,94,0
3523,1,86,86,0
3524,1,103,103,0
3541,1,99,99,0
3542,1,87,87,0
3543,1,96,96,0
3544,1,106,106,0
4529,1,101,101,0
4530,1,85,85,0
4531,1,112,112,0
4532,1,90,90,0
6629,1,91,91,0
6630,1,92,92,0
6631,1,79,79,0
6632,1,96,96,0
10911,1,102,102,0
16841,1,103,103,0
16842,1,87,87,0
16843,1,90,90,0
16844,1,93,93,0
16889,1,99,99,0
16890,1,82,82,0
16891,1,96,96,0
16892,1,97,97,0
18156,1,116,116,0
19029,1,90,90,0
2963,1,100,100,0
4001,1,79,79,0
4002,1,86,86,0
4003,1,108,108,0
4004,1,99,99,0
6821,1,113,113,0
9129,1,105,105,0
9130,1,104,104,0
9131,1,90,90,0
9132,1,81,81,0
15833,1,106,106,0
15834,1,96,96,0
15835,1,106,106,0
15836,1,109,109,0
17309,1,116,116,0
17310,1,78,78,0
17311,1,88,88,0
17312,1,88,88,0
17861,1,96,96,0
17862,1,93,93,0
17863,1,92,92,0
17864,1,98,98,0
3577,1,102,102,0
3578,1,105,105,0
3579,1,92,92,0
3580,1,96,96,0
12269,1,80,80,0
12270,1,97,97,0
12271,1,115,115,0
12272,1,93,93,0
18929,1,90,90,0
18930,1,94,94,0
18931,1,92,92,0
18932,1,93,93,0
4565,1,94,94,0
4566,1,100,100,0
4567,1,93,93,0
4568,1,95,95,0
5709,1,112,112,0
5710,1,75,75,0
5711,1,89,89,0
5712,1,89,89,0
6369,1,98,98,0
6370,1,102,102,0
6371,1,87,87,0
6372,1,99,99,0
7017,1,81,81,0
7018,1,94,94,0
7019,1,76,76,0
7020,1,95,95,0
10293,1,113,113,0
10294,1,97,97,0
10295,1,102,102,0
10296,1,88,88,0
10393,1,83,83,0
10394,1,99,99,0
10395,1,110,110,0
10396,1,105,105,0
10489,1,96,96,0
10490,1,90,90,0
10491,1,85,85,0
10492,1,117,117,0
11053,1,86,86,0
11054,1,89,89,0
11055,1,96,96,0
11056,1,94,94,0
11201,1,103,103,0
11202,1,100,100,0
11203,1,105,105,0
11204,1,111,111,0
11541,1,83,83,0
11542,1,87,87,0
11543,1,119,119,0
11544,1,91,91,0
11865,1,88,88,0
11866,1,83,83,0
11867,1,84,84,0
11868,1,97,97,0
12081,1,86,86,0
12082,1,93,93,0
12083,1,106,106,0
12084,1,101,101,0
12877,1,115,115,0
12878,1,91,91,0
12879,1,109,109,0
12880,1,98,98,0
13273,1,109,109,0
13274,1,110,110,0
13275,1,92,92,0
13276,1,110,110,0
15509,1,101,101,0
15510,1,107,107,0
15511,1,92,92,0
15512,1,105,105,0
15525,1,100,100,0
15526,1,95,95,0
15527,1,86,86,0
15528,1,111,111,0
5821,1,81,81,0
5822,1,105,105,0
5823,1,101,101,0
5824,1,101,101,0
6237,1,116,116,0
6238,1,98,98,0
6239,1,106,106,0
6240,1,100,100,0
9213,1,74,74,0
9214,1,103,103,0
9215,1,81,81,0
10197,1,99,99,0
10198,1,78,78,0
10199,1,90,90,0
10200,1,76,76,0
10229,1,90,90,0
10230,1,89,89,0
10231,1,97,97,0
10232,1,78,78,0
10813,1,115,115,0
10814,1,105,105,0
10815,1,74,74,0
10816,1,107,107,0
11709,1,69,69,0
11710,1,103,103,0
11711,1,80,80,0
11712,1,93,93,0
12561,1,82,82,0
12562,1,90,90,0
12563,1,83,83,0
12564,1,95,95,0
13293,1,96,96,0
13294,1,102,102,0
13295,1,78,78,0
13296,1,85,85,0
13361,1,94,94,0
13362,1,109,109,0
13363,1,96,96,0
13364,1,72,72,0
13865,1,90,90,0
13866,1,112,112,0
13867,1,110,110,0
13868,1,90,90,0
13909,1,86,86,0
13911,1,96,96,0
13912,1,88,88,0
14137,1,112,112,0
14138,1,97,97,0
14139,1,111,111,0
14140,1,88,88,0
14381,1,103,103,0
14382,1,96,96,0
14383,1,91,91,0
14384,1,93,93,0
16513,1,102,102,0
16514,1,98,98,0
16515,1,99,99,0
16516,1,110,110,0
257,1,100,100,0
258,1,87,87,0
259,1,97,97,0
260,1,108,108,0
909,1,112,112,0
910,1,77,77,0
911,1,92,92,0
912,1,95,95,0
1233,1,96,96,0
1234,1,89,89,0
1235,1,113,113,0
1236,1,98,98,0
1477,1,90,90,0
1478,1,101,101,0
1479,1,96,96,0
1480,1,96,96,0
3909,1,93,93,0
3910,1,91,91,0
3911,1,102,102,0
3912,1,118,118,0
4817,1,87,87,0
4818,1,88,88,0
4819,1,85,85,0
4820,1,80,80,0
5069,1,80,80,0
5070,1,84,84,0
5071,1,100,100,0
5072,1,90,90,0
8025,1,82,82,0
8026,1,95,95,0
8027,1,90,90,0
8028,1,84,84,0
8165,1,88,88,0
8166,1,71,71,0
8167,1,97,97,0
8168,1,91,91,0
8393,1,104,104,0
8394,1,101,101,0
8395,1,108,108,0
8396,1,102,102,0
8601,1,92,92,0
8602,1,86,86,0
8603,1,84,84,0
8604,1,105,105,0
8605,1,109,109,0
8606,1,92,92,0
8607,1,84,84,0
8608,1,90,90,0
8929,1,87,87,0
8930,1,92,92,0
8931,1,100,100,0
8932,1,88,88,0
8942,1,94,94,0
8943,1,104,104,0
8944,1,108,108,0
9645,1,79,79,0
9646,1,86,86,0
9647,1,101,101,0
9648,1,100,100,0
13017,1,74,74,0
13018,1,102,102,0
13019,1,87,87,0
13020,1,86,86,0
13193,1,91,91,0
13194,1,87,87,0
13195,1,90,90,0
13196,1,91,91,0
13693,1,90,90,0
13694,1,100,100,0
13695,1,91,91,0
13696,1,82,82,0
14605,1,104,104,0
14606,1,85,85,0
14607,1,85,85,0
14608,1,82,82,0
14661,1,91,91,0
14662,1,92,92,0
14663,1,91,91,0
14664,1,94,94,0
15137,1,81,81,0
15138,1,87,87,0
15139,1,108,108,0
15140,1,94,94,0
15201,1,88,88,0
15202,1,116,116,0
15203,1,80,80,0
15204,1,89,89,0
15273,1,99,99,0
15274,1,104,104,0
15276,1,78,78,0
15305,1,104,104,0
15306,1,88,88,0
15307,1,91,91,0
15308,1,100,100,0
15321,1,89,89,0
15322,1,101,101,0
15323,1,99,99,0
15324,1,92,92,0
15789,1,103,103,0
15794,1,92,92,0
15795,1,97,97,0
15796,1,90,90,0
16584,1,100,100,0
17377,1,90,90,0
481,1,85,85,0
482,1,86,86,0
483,1,89,89,0
484,1,102,102,0
689,1,96,96,0
690,1,91,91,0
691,1,86,86,0
692,1,99,99,0
1629,1,103,103,0
1630,1,95,95,0
1631,1,86,86,0
1632,1,105,105,0
4325,1,94,94,0
4326,1,96,96,0
4327,1,78,78,0
4328,1,77,77,0
4373,1,86,86,0
4374,1,101,101,0
4375,1,94,94,0
4376,1,104,104,0
5101,1,106,106,0
5102,1,79,79,0
5103,1,90,90,0
5104,1,90,90,0
5737,1,98,98,0
5738,1,103,103,0
5739,1,102,102,0
5740,1,99,99,0
5765,1,104,104,0
5766,1,85,85,0
5767,1,92,92,0
5768,1,102,102,0
6041,1,78,78,0
6042,1,102,102,0
6043,1,78,78,0
6044,1,121,121,0
6997,1,107,107,0
6998,1,102,102,0
6999,1,88,88,0
7000,1,97,97,0
8229,1,92,92,0
8230,1,88,88,0
8231,1,105,105,0
8232,1,94,94,0
8269,1,98,98,0
8270,1,96,96,0
8271,1,98,98,0
8272,1,95,95,0
8281,1,100,100,0
8282,1,101,101,0
8283,1,102,102,0
8284,1,108,108,0
8313,1,104,104,0
8314,1,95,95,0
8315,1,93,93,0
8316,1,102,102,0
8421,1,86,86,0
8422,1,104,104,0
8423,1,107,107,0
8424,1,101,101,0
8445,1,96,96,0
8446,1,101,101,0
8447,1,82,82,0
8448,1,102,102,0
8457,1,102,102,0
8458,1,86,86,0
8459,1,95,95,0
8460,1,85,85,0
8801,1,77,77,0
8802,1,86,86,0
8803,1,112,112,0
8804,1,88,88,0
8897,1,85,85,0
8898,1,112,112,0
8899,1,105,105,0
8900,1,68,68,0
9261,1,95,95,0
9262,1,82,82,0
9263,1,100,100,0
9264,1,89,89,0
9481,1,97,97,0
9482,1,96,96,0
9483,1,106,106,0
9484,1,92,92,0
9525,1,98,98,0
9526,1,84,84,0
9527,1,96,96,0
9528,1,101,101,0
10769,1,92,92,0
10770,1,99,99,0
10771,1,91,91,0
10772,1,87,87,0
10993,1,102,102,0
10994,1,90,90,0
10995,1,92,92,0
10996,1,110,110,0
12197,1,96,96,0
12198,1,98,98,0
12199,1,96,96,0
12200,1,102,102,0
12773,1,101,101,0
12774,1,96,96,0
12775,1,79,79,0
12776,1,106,106,0
12797,1,91,91,0
12798,1,95,95,0
12799,1,112,112,0
12800,1,90,90,0
12821,1,96,96,0
12822,1,98,98,0
12823,1,85,85,0
12824,1,112,112,0
12897,1,92,92,0
12898,1,91,91,0
12899,1,103,103,0
12900,1,97,97,0
13473,1,92,92,0
13474,1,110,110,0
13475,1,108,108,0
13476,1,89,89,0
13573,1,98,98,0
13574,1,93,93,0
13575,1,84,84,0
13576,1,81,81,0
13953,1,85,85,0
13954,1,95,95,0
13955,1,99,99,0
13956,1,93,93,0
14197,1,105,105,0
14198,1,90,90,0
14199,1,98,98,0
14200,1,101,101,0
14489,1,93,93,0
14490,1,96,96,0
14491,1,97,97,0
14492,1,115,115,0
14521,1,108,108,0
14522,1,95,95,0
14523,1,103,103,0
14524,1,94,94,0
14725,1,108,108,0
14726,1,111,111,0
14727,1,79,79,0
14728,1,113,113,0
15513,1,110,110,0
15514,1,99,99,0
15515,1,99,99,0
15516,1,91,91,0
15629,1,94,94,0
15630,1,84,84,0
15631,1,104,104,0
15632,1,108,108,0
15653,1,101,101,0
15654,1,113,113,0
15655,1,93,93,0
15656,1,117,117,0
15853,1,95,95,0
15854,1,89,89,0
15855,1,97,97,0
15856,1,95,95,0
15897,1,88,88,0
15898,1,83,83,0
15899,1,112,112,0
15900,1,92,92,0
16273,1,109,109,0
16274,1,79,79,0
16275,1,84,84,0
16276,1,108,108,0
16385,1,82,82,0
16386,1,87,87,0
16387,1,91,91,0
16388,1,78,78,0
16449,1,97,97,0
16450,1,81,81,0
16451,1,98,98,0
2257,1,111,111,0
2258,1,97,97,0
2259,1,95,95,0
2260,1,99,99,0
3261,1,81,81,0
3262,1,107,107,0
3263,1,87,87,0
3264,1,71,71,0
4179,1,93,93,0
4721,1,89,89,0
4722,1,84,84,0
4723,1,86,86,0
4724,1,88,88,0
8209,1,108,108,0
8210,1,95,95,0
8211,1,92,92,0
8212,1,108,108,0
8704,1,104,104,0
8761,1,95,95,0
8762,1,96,96,0
8763,1,95,95,0
8764,1,94,94,0
9269,1,100,100,0
9270,1,96,96,0
9271,1,83,83,0
9272,1,93,93,0
10833,1,105,105,0
10834,1,105,105,0
10836,1,97,97,0
10865,1,100,100,0
10866,1,111,111,0
10867,1,86,86,0
10868,1,94,94,0
10929,1,94,94,0
10930,1,111,111,0
10931,1,87,87,0
10932,1,98,98,0
12437,1,116,116,0
12438,1,113,113,0
12439,1,87,87,0
12440,1,87,87,0
12873,1,98,98,0
12874,1,91,91,0
12875,1,92,92,0
12876,1,96,96,0
13045,1,101,101,0
13046,1,91,91,0
13047,1,74,74,0
13048,1,83,83,0
16081,1,91,91,0
16082,1,85,85,0
16083,1,103,103,0
16084,1,113,113,0
16158,1,105,105,0
16397,1,87,87,0
16398,1,88,88,0
16399,1,94,94,0
16400,1,105,105,0
16517,1,104,104,0
16518,1,91,91,0
16519,1,107,107,0
16520,1,111,111,0
16651,1,95,95,0
17021,1,93,93,0
17022,1,100,100,0
17023,1,109,109,0
17024,1,96,96,0
17445,1,100,100,0
17446,1,105,105,0
17447,1,90,90,0
17448,1,88,88,0
17505,1,102,102,0
17506,1,96,96,0
17507,1,94,94,0
17508,1,108,108,0
4177,1,104,104,0
4178,1,93,93,0
4180,1,91,91,0
6417,1,109,109,0
10835,1,91,91,0
16341,1,95,95,0
16342,1,100,100,0
16343,1,98,98,0
16356,1,91,91,0
16649,1,99,99,0
16650,1,99,99,0
16652,1,89,89,0
17521,1,95,95,0
17522,1,84,84,0
17523,1,92,92,0
17524,1,105,105,0
13849,1,88,88,0
13850,1,105,105,0
13851,1,71,71,0
13852,1,87,87,0
13901,1,89,89,0
13902,1,82,82,0
13903,1,101,101,0
13904,1,99,99,0
13993,1,84,84,0
13994,1,98,98,0
13995,1,94,94,0
13996,1,81,81,0
14125,1,105,105,0
16405,1,103,103,0
16406,1,85,85,0
16407,1,91,91,0
16408,1,97,97,0
17669,1,92,92,0
17670,1,80,80,0
17671,1,95,95,0
17672,1,94,94,0
18481,1,91,91,0
18482,1,94,94,0
18483,1,106,106,0
18484,1,77,77,0
16452,1,99,99,0
16957,1,86,86,0
16958,1,121,121,0
16959,1,98,98,0
16960,1,91,91,0
17295,1,82,82,0
17325,1,99,99,0
17326,1,88,88,0
17327,1,94,94,0
17328,1,100,100,0
17477,1,106,106,0
17478,1,92,92,0
17479,1,81,81,0
17480,1,91,91,0
17605,1,94,94,0
17606,1,93,93,0
17607,1,90,90,0
17608,1,81,81,0
17865,1,99,99,0
18306,1,98,98,0
18693,1,103,103,0
18695,1,84,84,0
19109,1,100,100,0
19110,1,87,87,0
19111,1,103,103,0
19112,1,95,95,0
18265,1,107,107,0
18266,1,103,103,0
18267,1,77,77,0
18268,1,107,107,0
18791,1,90,90,0
17378,1,95,95,0
17379,1,116,116,0
17380,1,90,90,0
17993,1,93,93,0
17994,1,93,93,0
17995,1,98,98,0
17996,1,85,85,0
18273,1,83,83,0
17553,1,116,116,0
17554,1,95,95,0
17555,1,95,95,0
17556,1,93,93,0
17803,1,94,94,0
17804,1,84,84,0
18203,1,109,109,0
18465,1,96,96,0
18466,1,93,93,0
18467,1,95,95,0
18560,1,99,99,0
18643,1,93,93,0
18689,1,102,102,0
18690,1,93,93,0
18691,1,80,80,0
18692,1,92,92,0
18969,1,93,93,0
18970,1,92,92,0
1461,1,92,92,0
1462,1,83,83,0
1463,1,94,94,0
1464,1,105,105,0
1890,1,107,107,0
1891,1,102,102,0
2001,1,93,93,0
2002,1,91,91,0
2003,1,104,104,0
2004,1,91,91,0
4705,1,106,106,0
9811,1,88,88,0
10133,1,81,81,0
10134,1,112,112,0
10135,1,109,109,0
10136,1,110,110,0
10205,1,92,92,0
10206,1,102,102,0
10207,1,83,83,0
10208,1,79,79,0
10672,1,96,96,0
14228,1,72,72,0
16121,1,96,96,0
16123,1,103,103,0
16837,1,99,99,0
16838,1,91,91,0
16839,1,96,96,0
16840,1,95,95,0
17148,1,90,90,0
18341,1,84,84,0
18342,1,94,94,0
18343,1,106,106,0
18344,1,103,103,0
18772,1,98,98,0
941,1,93,93,0
942,1,80,80,0
943,1,90,90,0
944,1,92,92,0
3993,1,86,86,0
3994,1,99,99,0
3995,1,96,96,0
3996,1,78,78,0
5220,1,89,89,0
6467,1,88,88,0
6613,1,94,94,0
6614,1,107,107,0
6615,1,83,83,0
6616,1,88,88,0
8121,1,80,80,0
8122,1,99,99,0
8123,1,97,97,0
8124,1,79,79,0
15658,1,112,112,0
4927,1,89,89,0
5947,1,106,106,0
5948,1,100,100,0
6285,1,99,99,0
6286,1,84,84,0
6287,1,116,116,0
6288,1,89,89,0
6577,1,106,106,0
6578,1,84,84,0
6579,1,111,111,0
6580,1,98,98,0
7217,1,91,91,0
7218,1,84,84,0
7219,1,90,90,0
7220,1,100,100,0
7541,1,90,90,0
7542,1,76,76,0
7543,1,91,91,0
7544,1,98,98,0
7605,1,72,72,0
7606,1,102,102,0
7607,1,112,112,0
7608,1,99,99,0
7637,1,95,95,0
7638,1,85,85,0
7639,1,93,93,0
7640,1,110,110,0
12361,1,98,98,0
12362,1,85,85,0
12363,1,80,80,0
12364,1,117,117,0
12817,1,102,102,0
12818,1,86,86,0
12819,1,96,96,0
12820,1,113,113,0
15341,1,94,94,0
15342,1,90,90,0
15343,1,97,97,0
15344,1,105,105,0
16569,1,96,96,0
16570,1,96,96,0
16571,1,109,109,0
16572,1,100,100,0
18253,1,111,111,0
18254,1,101,101,0
18255,1,94,94,0
18256,1,92,92,0
5055,1,101,101,0
5056,1,101,101,0
9677,1,78,78,0
9678,1,85,85,0
9679,1,89,89,0
9680,1,111,111,0
12785,1,93,93,0
12786,1,95,95,0
12787,1,102,102,0
12788,1,90,90,0
14505,1,105,105,0
14506,1,82,82,0
15241,1,112,112,0
16127,1,108,108,0
981,1,102,102,0
982,1,104,104,0
983,1,102,102,0
984,1,109,109,0
4425,1,80,80,0
4426,1,99,99,0
4427,1,92,92,0
4428,1,100,100,0
4457,1,106,106,0
4458,1,86,86,0
4459,1,97,97,0
4460,1,85,85,0
4501,1,86,86,0
4502,1,102,102,0
4503,1,94,94,0
4504,1,88,88,0
5929,1,97,97,0
5930,1,84,84,0
5931,1,82,82,0
5932,1,93,93,0
5977,1,91,91,0
5978,1,90,90,0
5979,1,96,96,0
5980,1,82,82,0
6025,1,98,98,0
6026,1,93,93,0
6027,1,77,77,0
6028,1,82,82,0
6418,1,105,105,0
6419,1,93,93,0
6420,1,92,92,0
8521,1,94,94,0
8522,1,93,93,0
8523,1,80,80,0
8524,1,94,94,0
8701,1,94,94,0
8702,1,104,104,0
8703,1,89,89,0
9157,1,84,84,0
9158,1,94,94,0
9159,1,110,110,0
9160,1,93,93,0
9653,1,87,87,0
9654,1,81,81,0
9655,1,94,94,0
9656,1,83,83,0
13613,1,101,101,0
13614,1,94,94,0
13615,1,100,100,0
13616,1,113,113,0
13725,1,103,103,0
13726,1,78,78,0
13727,1,82,82,0
13728,1,102,102,0
14629,1,95,95,0
14630,1,107,107,0
14631,1,99,99,0
14632,1,97,97,0
14801,1,113,113,0
14802,1,101,101,0
14803,1,91,91,0
14804,1,102,102,0
16157,1,107,107,0
16159,1,86,86,0
16160,1,85,85,0
16344,1,108,108,0
16353,1,83,83,0
16354,1,100,100,0
16355,1,120,120,0
16373,1,92,92,0
16374,1,95,95,0
16375,1,90,90,0
16376,1,90,90,0
16721,1,98,98,0
16722,1,92,92,0
16723,1,96,96,0
16724,1,99,99,0
16761,1,110,110,0
16762,1,104,104,0
16763,1,96,96,0
16764,1,85,85,0
17217,1,94,94,0
17218,1,94,94,0
17219,1,95,95,0
17220,1,92,92,0
13701,1,100,100,0
13702,1,106,106,0
13703,1,90,90,0
13741,1,96,96,0
13742,1,83,83,0
13743,1,78,78,0
13744,1,100,100,0
13793,1,105,105,0
13794,1,92,92,0
13795,1,104,104,0
13796,1,99,99,0
13801,1,112,112,0
13802,1,106,106,0
13803,1,115,115,0
13804,1,78,78,0
14126,1,101,101,0
14127,1,86,86,0
14128,1,83,83,0
14205,1,98,98,0
14206,1,95,95,0
14207,1,103,103,0
14208,1,96,96,0
14221,1,91,91,0
14222,1,77,77,0
14223,1,102,102,0
14224,1,100,100,0
18397,1,88,88,0
18398,1,98,98,0
18399,1,83,83,0
18400,1,88,88,0
17281,1,107,107,0
17282,1,97,97,0
17283,1,89,89,0
17284,1,101,101,0
17293,1,90,90,0
17294,1,85,85,0
17296,1,102,102,0
17357,1,101,101,0
17358,1,101,101,0
17359,1,97,97,0
17360,1,102,102,0
17866,1,97,97,0
17867,1,81,81,0
17868,1,92,92,0
17909,1,94,94,0
17910,1,91,91,0
17911,1,102,102,0
17912,1,88,88,0
18305,1,87,87,0
18307,1,102,102,0
18308,1,80,80,0
18694,1,78,78,0
18696,1,82,82,0
16743,1,97,97,0
18789,1,83,83,0
18790,1,94,94,0
18792,1,100,100,0
17781,1,88,88,0
17782,1,108,108,0
17783,1,87,87,0
17784,1,96,96,0
18274,1,95,95,0
18275,1,97,97,0
18276,1,85,85,0
17801,1,86,86,0
17802,1,95,95,0
18201,1,99,99,0
18202,1,97,97,0
18204,1,106,106,0
18353,1,101,101,0
17617,1,100,100,0
17618,1,88,88,0
17619,1,93,93,0
17620,1,95,95,0
17957,1,96,96,0
17958,1,98,98,0
17959,1,99,99,0
17960,1,94,94,0
18037,1,103,103,0
18038,1,105,105,0
18039,1,90,90,0
18040,1,85,85,0
18129,1,82,82,0
18130,1,105,105,0
18131,1,110,110,0
18132,1,97,97,0
18225,1,97,97,0
18226,1,94,94,0
18227,1,78,78,0
18228,1,103,103,0
18354,1,101,101,0
18355,1,96,96,0
18356,1,94,94,0
18468,1,105,105,0
18557,1,82,82,0
18558,1,93,93,0
18559,1,91,91,0
18641,1,89,89,0
18642,1,90,90,0
18644,1,90,90,0
18661,1,96,96,0
18662,1,97,97,0
18663,1,90,90,0
18664,1,83,83,0
18905,1,92,92,0
18906,1,86,86,0
18907,1,92,92,0
18908,1,99,99,0
18971,1,97,97,0
18972,1,84,84,0
13307,1,101,101,0
13308,1,82,82,0
17066,1,96,96,0
17877,1,98,98,0
19069,1,91,91,0
19070,1,92,92,0
19071,1,85,85,0
19097,1,88,88,0
19098,1,93,93,0
19099,1,94,94,0
19100,1,90,90,0
149,1,105,105,0
150,1,105,105,0
151,1,106,106,0
152,1,95,95,0
557,1,97,97,0
558,1,99,99,0
559,1,89,89,0
560,1,87,87,0
1153,1,111,111,0
1154,1,98,98,0
1155,1,105,105,0
1156,1,94,94,0
1641,1,96,96,0
1642,1,83,83,0
1643,1,82,82,0
1644,1,115,115,0
2937,1,93,93,0
2938,1,100,100,0
2939,1,106,106,0
2940,1,108,108,0
4557,1,101,101,0
4558,1,100,100,0
4559,1,84,84,0
4560,1,76,76,0
5313,1,89,89,0
5314,1,91,91,0
5315,1,96,96,0
5316,1,103,103,0
6029,1,102,102,0
6030,1,102,102,0
6031,1,78,78,0
6032,1,78,78,0
6301,1,102,102,0
6302,1,90,90,0
6303,1,92,92,0
6304,1,97,97,0
7865,1,95,95,0
7866,1,84,84,0
7867,1,96,96,0
7868,1,96,96,0
8389,1,87,87,0
8390,1,103,103,0
8391,1,93,93,0
8392,1,116,116,0
8513,1,106,106,0
8514,1,98,98,0
8515,1,82,82,0
8516,1,82,82,0
8577,1,89,89,0
8578,1,100,100,0
8579,1,92,92,0
8580,1,99,99,0
8681,1,90,90,0
8682,1,112,112,0
8683,1,86,86,0
8684,1,100,100,0
8729,1,96,96,0
8730,1,100,100,0
8731,1,91,91,0
8732,1,103,103,0
8885,1,95,95,0
8886,1,109,109,0
8887,1,93,93,0
8888,1,98,98,0
9009,1,93,93,0
9010,1,100,100,0
9011,1,83,83,0
9012,1,102,102,0
9029,1,104,104,0
9030,1,109,109,0
9031,1,87,87,0
9032,1,113,113,0
9305,1,83,83,0
9306,1,98,98,0
9307,1,99,99,0
9308,1,72,72,0
9321,1,104,104,0
9322,1,122,122,0
9323,1,83,83,0
9324,1,96,96,0
9389,1,102,102,0
9390,1,103,103,0
9391,1,102,102,0
9392,1,95,95,0
9501,1,99,99,0
9502,1,113,113,0
9503,1,92,92,0
9504,1,102,102,0
9609,1,107,107,0
9610,1,103,103,0
9611,1,100,100,0
9612,1,84,84,0
12265,1,94,94,0
12266,1,92,92,0
12267,1,101,101,0
12268,1,101,101,0
12297,1,80,80,0
12298,1,101,101,0
12299,1,101,101,0
12300,1,93,93,0
12329,1,102,102,0
12330,1,108,108,0
12331,1,90,90,0
12332,1,83,83,0
12377,1,88,88,0
12378,1,101,101,0
12379,1,96,96,0
12380,1,98,98,0
12397,1,93,93,0
12398,1,88,88,0
12399,1,99,99,0
12400,1,104,104,0
12541,1,103,103,0
12542,1,104,104,0
12543,1,85,85,0
12544,1,119,119,0
12749,1,97,97,0
12750,1,83,83,0
12751,1,100,100,0
12752,1,91,91,0
12913,1,80,80,0
12914,1,91,91,0
12915,1,91,91,0
12916,1,90,90,0
13097,1,87,87,0
13098,1,106,106,0
13099,1,81,81,0
13100,1,100,100,0
13401,1,92,92,0
13402,1,110,110,0
13403,1,89,89,0
13404,1,92,92,0
13757,1,105,105,0
13758,1,80,80,0
13759,1,103,103,0
13760,1,86,86,0
13853,1,83,83,0
13854,1,81,81,0
13855,1,102,102,0
13856,1,96,96,0
13889,1,84,84,0
13890,1,84,84,0
13891,1,93,93,0
13892,1,90,90,0
14097,1,70,70,0
14098,1,88,88,0
14099,1,96,96,0
14100,1,107,107,0
14345,1,97,97,0
14346,1,96,96,0
14347,1,114,114,0
14348,1,98,98,0
14533,1,100,100,0
14534,1,96,96,0
14535,1,101,101,0
14536,1,96,96,0
14749,1,106,106,0
14750,1,128,128,0
14751,1,79,79,0
14752,1,99,99,0
14929,1,104,104,0
14930,1,95,95,0
14931,1,74,74,0
14932,1,93,93,0
15085,1,87,87,0
15086,1,103,103,0
15087,1,96,96,0
15088,1,83,83,0
15769,1,97,97,0
15770,1,101,101,0
15771,1,86,86,0
15772,1,103,103,0
16741,1,94,94,0
16742,1,105,105,0
16744,1,78,78,0
1089,1,97,97,0
1090,1,87,87,0
1091,1,94,94,0
1092,1,99,99,0
2061,1,108,108,0
2062,1,101,101,0
2063,1,102,102,0
2064,1,97,97,0
3129,1,109,109,0
3130,1,88,88,0
3131,1,102,102,0
3132,1,91,91,0
3133,1,88,88,0
3134,1,103,103,0
3135,1,75,75,0
3136,1,83,83,0
6189,1,88,88,0
6190,1,89,89,0
6191,1,89,89,0
6192,1,94,94,0
8293,1,84,84,0
8294,1,96,96,0
8295,1,90,90,0
8296,1,80,80,0
8737,1,100,100,0
8738,1,78,78,0
8739,1,91,91,0
8740,1,92,92,0
8849,1,90,90,0
8850,1,101,101,0
8851,1,99,99,0
8852,1,84,84,0
8941,1,71,71,0
9221,1,83,83,0
9222,1,113,113,0
9223,1,92,92,0
9224,1,79,79,0
12369,1,87,87,0
12370,1,80,80,0
12371,1,108,108,0
12372,1,109,109,0
13325,1,85,85,0
13326,1,88,88,0
13327,1,89,89,0
13328,1,99,99,0
13337,1,94,94,0
13338,1,78,78,0
13339,1,91,91,0
13340,1,87,87,0
13485,1,102,102,0
13486,1,94,94,0
13487,1,82,82,0
13488,1,82,82,0
13937,1,117,117,0
13938,1,104,104,0
13939,1,88,88,0
13940,1,87,87,0
14877,1,91,91,0
14878,1,97,97,0
14879,1,82,82,0
14880,1,88,88,0
15275,1,93,93,0
15790,1,92,92,0
15791,1,86,86,0
15792,1,85,85,0
15793,1,107,107,0
16537,1,83,83,0
16538,1,86,86,0
16539,1,91,91,0
16540,1,90,90,0
16581,1,90,90,0
16582,1,84,84,0
16583,1,104,104,0
16937,1,88,88,0
16938,1,91,91,0
16939,1,97,97,0
16940,1,107,107,0
177,1,99,99,0
178,1,71,71,0
179,1,92,92,0
180,1,80,80,0
661,1,92,92,0
662,1,78,78,0
663,1,94,94,0
664,1,103,103,0
705,1,85,85,0
706,1,82,82,0
707,1,89,89,0
708,1,109,109,0
1277,1,96,96,0
1278,1,75,75,0
1279,1,95,95,0
1280,1,98,98,0
1809,1,98,98,0
1810,1,105,105,0
1811,1,95,95,0
1812,1,94,94,0
1889,1,88,88,0
1892,1,114,114,0
2149,1,94,94,0
2150,1,98,98,0
2151,1,96,96,0
2152,1,88,88,0
2853,1,85,85,0
2854,1,94,94,0
2855,1,105,105,0
2856,1,89,89,0
2913,1,88,88,0
2914,1,100,100,0
2915,1,96,96,0
2916,1,110,110,0
4685,1,98,98,0
4686,1,61,61,0
4687,1,98,98,0
4688,1,100,100,0
4706,1,90,90,0
4707,1,85,85,0
4708,1,87,87,0
5429,1,85,85,0
5430,1,108,108,0
5431,1,97,97,0
5432,1,102,102,0
9777,1,113,113,0
9778,1,85,85,0
9779,1,72,72,0
9780,1,110,110,0
9809,1,103,103,0
9810,1,107,107,0
9812,1,84,84,0
10101,1,94,94,0
10102,1,106,106,0
10103,1,95,95,0
10104,1,114,114,0
10169,1,89,89,0
10170,1,100,100,0
10171,1,95,95,0
10172,1,103,103,0
10297,1,106,106,0
10298,1,95,95,0
10299,1,107,107,0
10300,1,93,93,0
10457,1,95,95,0
10458,1,102,102,0
10459,1,90,90,0
10460,1,74,74,0
10669,1,90,90,0
10670,1,108,108,0
10671,1,110,110,0
11337,1,100,100,0
11338,1,116,116,0
11339,1,82,82,0
11340,1,87,87,0
11929,1,94,94,0
11930,1,97,97,0
11931,1,96,96,0
11932,1,92,92,0
11965,1,103,103,0
11966,1,86,86,0
11967,1,98,98,0
11968,1,103,103,0
14225,1,90,90,0
14226,1,106,106,0
14227,1,86,86,0
14853,1,98,98,0
14854,1,95,95,0
14855,1,96,96,0
14856,1,93,93,0
16122,1,91,91,0
16124,1,104,104,0
17145,1,90,90,0
17146,1,106,106,0
17147,1,101,101,0
17753,1,85,85,0
17754,1,102,102,0
17755,1,93,93,0
17756,1,88,88,0
18769,1,92,92,0
18770,1,101,101,0
18771,1,105,105,0
18973,1,101,101,0
18974,1,91,91,0
18975,1,97,97,0
18976,1,94,94,0
685,1,91,91,0
686,1,87,87,0
687,1,91,91,0
688,1,83,83,0
2313,1,115,115,0
2314,1,97,97,0
2315,1,93,93,0
2316,1,82,82,0
2665,1,94,94,0
2666,1,87,87,0
2667,1,107,107,0
2668,1,111,111,0
5121,1,102,102,0
5122,1,83,83,0
5123,1,75,75,0
5124,1,92,92,0
5153,1,86,86,0
5154,1,112,112,0
5155,1,88,88,0
5156,1,90,90,0
5217,1,82,82,0
5218,1,99,99,0
5219,1,96,96,0
5281,1,123,123,0
5282,1,78,78,0
5283,1,87,87,0
5284,1,108,108,0
5953,1,117,117,0
5954,1,78,78,0
5955,1,96,96,0
5956,1,100,100,0
6465,1,84,84,0
6466,1,93,93,0
6468,1,89,89,0
6709,1,96,96,0
6710,1,72,72,0
6711,1,84,84,0
6712,1,81,81,0
8385,1,101,101,0
8386,1,88,88,0
8387,1,85,85,0
8388,1,86,86,0
8541,1,84,84,0
8542,1,92,92,0
8543,1,94,94,0
8544,1,101,101,0
8869,1,99,99,0
8870,1,77,77,0
8871,1,80,80,0
8872,1,96,96,0
13973,1,107,107,0
13974,1,104,104,0
13975,1,78,78,0
13976,1,88,88,0
15113,1,106,106,0
15114,1,89,89,0
15115,1,95,95,0
15116,1,98,98,0
15657,1,80,80,0
15659,1,98,98,0
15660,1,88,88,0
15741,1,96,96,0
15742,1,84,84,0
15743,1,98,98,0
15744,1,101,101,0
4925,1,92,92,0
4926,1,84,84,0
4928,1,84,84,0
9001,1,85,85,0
9002,1,83,83,0
9003,1,88,88,0
9004,1,91,91,0
9841,1,106,106,0
9842,1,82,82,0
9843,1,97,97,0
9844,1,80,80,0
10425,1,93,93,0
10426,1,90,90,0
10427,1,82,82,0
10428,1,99,99,0
10941,1,81,81,0
10942,1,101,101,0
10943,1,108,108,0
10944,1,95,95,0
12169,1,98,98,0
12170,1,90,90,0
12171,1,113,113,0
12172,1,109,109,0
14081,1,86,86,0
14082,1,104,104,0
14083,1,92,92,0
14084,1,102,102,0
18605,1,101,101,0
18606,1,109,109,0
18607,1,92,92,0
18608,1,107,107,0
161,1,90,90,0
162,1,96,96,0
163,1,105,105,0
164,1,97,97,0
265,1,85,85,0
266,1,98,98,0
267,1,90,90,0
268,1,93,93,0
409,1,97,97,0
410,1,80,80,0
411,1,92,92,0
412,1,83,83,0
517,1,110,110,0
518,1,110,110,0
519,1,92,92,0
520,1,78,78,0
525,1,98,98,0
526,1,81,81,0
527,1,97,97,0
528,1,104,104,0
589,1,106,106,0
590,1,99,99,0
591,1,114,114,0
592,1,97,97,0
625,1,96,96,0
626,1,87,87,0
627,1,107,107,0
628,1,80,80,0
657,1,89,89,0
658,1,113,113,0
659,1,78,78,0
660,1,90,90,0
729,1,97,97,0
730,1,97,97,0
731,1,96,96,0
732,1,108,108,0
773,1,80,80,0
774,1,79,79,0
775,1,88,88,0
776,1,81,81,0
777,1,90,90,0
778,1,87,87,0
779,1,88,88,0
780,1,95,95,0
849,1,101,101,0
850,1,91,91,0
851,1,95,95,0
852,1,87,87,0
861,1,88,88,0
862,1,83,83,0
863,1,85,85,0
864,1,111,111,0
901,1,94,94,0
902,1,103,103,0
903,1,87,87,0
904,1,102,102,0
933,1,100,100,0
934,1,87,87,0
935,1,93,93,0
936,1,90,90,0
949,1,102,102,0
950,1,106,106,0
951,1,107,107,0
952,1,100,100,0
993,1,100,100,0
994,1,100,100,0
995,1,110,110,0
996,1,102,102,0
1025,1,73,73,0
1026,1,77,77,0
1027,1,95,95,0
1028,1,92,92,0
1109,1,92,92,0
1110,1,92,92,0
1111,1,109,109,0
1112,1,92,92,0
1173,1,87,87,0
1174,1,80,80,0
1175,1,99,99,0
1176,1,123,123,0
1321,1,89,89,0
1322,1,106,106,0
1323,1,81,81,0
1324,1,113,113,0
1481,1,118,118,0
1482,1,92,92,0
1483,1,99,99,0
1484,1,92,92,0
1509,1,94,94,0
1510,1,86,86,0
1511,1,101,101,0
1512,1,96,96,0
1841,1,116,116,0
1842,1,92,92,0
1843,1,94,94,0
1844,1,88,88,0
1865,1,94,94,0
1866,1,104,104,0
1867,1,103,103,0
1868,1,97,97,0
2017,1,91,91,0
2018,1,82,82,0
2019,1,99,99,0
2020,1,102,102,0
2029,1,95,95,0
2030,1,81,81,0
2031,1,102,102,0
2032,1,87,87,0
2185,1,93,93,0
2186,1,83,83,0
2187,1,102,102,0
2188,1,90,90,0
2353,1,94,94,0
2354,1,95,95,0
2355,1,94,94,0
2356,1,85,85,0
2457,1,73,73,0
2458,1,88,88,0
2459,1,99,99,0
2460,1,114,114,0
2517,1,103,103,0
2518,1,99,99,0
2519,1,108,108,0
2520,1,91,91,0
2585,1,117,117,0
2586,1,103,103,0
2587,1,89,89,0
2588,1,78,78,0
2861,1,106,106,0
2862,1,90,90,0
2863,1,85,85,0
2864,1,85,85,0
2921,1,88,88,0
2922,1,85,85,0
2923,1,102,102,0
2924,1,102,102,0
2925,1,95,95,0
2926,1,105,105,0
2927,1,108,108,0
2928,1,121,121,0
2957,1,66,66,0
2958,1,90,90,0
2959,1,94,94,0
2960,1,88,88,0
3001,1,81,81,0
3002,1,109,109,0
3003,1,93,93,0
3004,1,113,113,0
3105,1,104,104,0
3106,1,93,93,0
3107,1,83,83,0
3108,1,106,106,0
3357,1,94,94,0
3358,1,95,95,0
3359,1,81,81,0
3360,1,110,110,0
3509,1,92,92,0
3510,1,96,96,0
3511,1,94,94,0
3512,1,99,99,0
3641,1,72,72,0
3642,1,77,77,0
3643,1,104,104,0
3644,1,81,81,0
3705,1,104,104,0
3706,1,88,88,0
3707,1,97,97,0
3708,1,98,98,0
3945,1,99,99,0
3946,1,94,94,0
3947,1,98,98,0
3948,1,96,96,0
4209,1,107,107,0
4210,1,110,110,0
4211,1,90,90,0
4212,1,95,95,0
4360,1,91,91,0
629,1,88,88,0
630,1,117,117,0
631,1,94,94,0
632,1,93,93,0
701,1,81,81,0
702,1,107,107,0
703,1,98,98,0
704,1,78,78,0
1549,1,90,90,0
1550,1,99,99,0
1551,1,103,103,0
1552,1,92,92,0
2069,1,97,97,0
2070,1,101,101,0
2071,1,91,91,0
2072,1,94,94,0
3297,1,85,85,0
3298,1,87,87,0
3299,1,103,103,0
3300,1,110,110,0
3717,1,82,82,0
3718,1,96,96,0
3719,1,118,118,0
3720,1,98,98,0
4101,1,103,103,0
4102,1,80,80,0
4103,1,94,94,0
4104,1,98,98,0
4109,1,92,92,0
4110,1,105,105,0
4111,1,86,86,0
4112,1,95,95,0
4841,1,82,82,0
4842,1,98,98,0
4843,1,96,96,0
4844,1,98,98,0
5197,1,99,99,0
5198,1,77,77,0
5200,1,86,86,0
5459,1,100,100,0
6725,1,95,95,0
6726,1,92,92,0
6727,1,94,94,0
6728,1,109,109,0
7117,1,81,81,0
7118,1,97,97,0
7119,1,83,83,0
7185,1,98,98,0
7186,1,83,83,0
7187,1,91,91,0
7188,1,106,106,0
7281,1,105,105,0
7282,1,99,99,0
7283,1,85,85,0
7284,1,89,89,0
16065,1,103,103,0
16066,1,104,104,0
16067,1,110,110,0
16068,1,101,101,0
16433,1,73,73,0
16434,1,85,85,0
16435,1,86,86,0
16436,1,95,95,0
16577,1,93,93,0
16578,1,81,81,0
16579,1,99,99,0
16580,1,88,88,0
19133,1,110,110,0
19134,1,90,90,0
19135,1,96,96,0
19136,1,100,100,0
19209,1,109,109,0
19210,1,96,96,0
19211,1,99,99,0
19212,1,85,85,0
269,1,96,96,0
270,1,98,98,0
271,1,87,87,0
272,1,76,76,0
737,1,89,89,0
738,1,90,90,0
739,1,101,101,0
740,1,79,79,0
2841,1,84,84,0
2842,1,102,102,0
2843,1,90,90,0
2844,1,88,88,0
3857,1,83,83,0
3858,1,94,94,0
3859,1,98,98,0
3860,1,86,86,0
4409,1,99,99,0
4410,1,81,81,0
4411,1,91,91,0
4412,1,110,110,0
4893,1,81,81,0
4894,1,108,108,0
4895,1,83,83,0
4896,1,112,112,0
4993,1,82,82,0
4994,1,85,85,0
4995,1,112,112,0
4996,1,111,111,0
5199,1,82,82,0
5457,1,95,95,0
5458,1,97,97,0
5460,1,103,103,0
7021,1,98,98,0
7022,1,97,97,0
7023,1,83,83,0
7024,1,86,86,0
7120,1,81,81,0
11333,1,81,81,0
11334,1,118,118,0
11335,1,88,88,0
11336,1,87,87,0
16769,1,97,97,0
16770,1,99,99,0
16771,1,83,83,0
17238,1,90,90,0
17239,1,93,93,0
17240,1,104,104,0
17817,1,93,93,0
18185,1,72,72,0
18186,1,103,103,0
18187,1,96,96,0
18188,1,94,94,0
4357,1,93,93,0
4358,1,91,91,0
4359,1,91,91,0
4437,1,99,99,0
4438,1,100,100,0
4439,1,85,85,0
4440,1,105,105,0
4489,1,104,104,0
4490,1,80,80,0
4491,1,89,89,0
4633,1,87,87,0
4634,1,86,86,0
4635,1,115,115,0
4636,1,106,106,0
4717,1,92,92,0
4718,1,97,97,0
4719,1,95,95,0
4720,1,100,100,0
4777,1,102,102,0
4778,1,84,84,0
4779,1,98,98,0
4780,1,97,97,0
5137,1,95,95,0
5138,1,81,81,0
5139,1,96,96,0
5140,1,103,103,0
5169,1,109,109,0
5170,1,91,91,0
5171,1,98,98,0
5172,1,88,88,0
5393,1,93,93,0
5394,1,104,104,0
5395,1,84,84,0
5396,1,111,111,0
5445,1,81,81,0
5446,1,82,82,0
5447,1,98,98,0
5448,1,108,108,0
5513,1,113,113,0
5514,1,104,104,0
5515,1,105,105,0
5516,1,97,97,0
5637,1,89,89,0
5638,1,96,96,0
5639,1,76,76,0
5640,1,101,101,0
5673,1,95,95,0
5674,1,111,111,0
5675,1,85,85,0
5676,1,100,100,0
5785,1,103,103,0
5786,1,98,98,0
5787,1,93,93,0
5788,1,91,91,0
5897,1,107,107,0
5898,1,108,108,0
5899,1,93,93,0
5900,1,99,99,0
5962,1,92,92,0
5963,1,87,87,0
5964,1,111,111,0
6673,1,101,101,0
6674,1,94,94,0
6675,1,86,86,0
6676,1,111,111,0
6689,1,99,99,0
6690,1,90,90,0
6691,1,88,88,0
6692,1,115,115,0
6837,1,87,87,0
6838,1,91,91,0
6839,1,107,107,0
6840,1,113,113,0
6901,1,96,96,0
6902,1,106,106,0
6903,1,100,100,0
6904,1,87,87,0
6905,1,102,102,0
6906,1,96,96,0
6907,1,89,89,0
6908,1,96,96,0
6937,1,94,94,0
6938,1,102,102,0
6939,1,99,99,0
6940,1,99,99,0
7489,1,111,111,0
7490,1,89,89,0
7521,1,90,90,0
7522,1,99,99,0
7523,1,93,93,0
7524,1,78,78,0
7801,1,99,99,0
7802,1,119,119,0
7803,1,75,75,0
7804,1,109,109,0
7897,1,98,98,0
7898,1,106,106,0
7899,1,87,87,0
7900,1,99,99,0
8573,1,97,97,0
8574,1,86,86,0
8575,1,87,87,0
8576,1,96,96,0
10701,1,102,102,0
10702,1,105,105,0
10961,1,94,94,0
10962,1,93,93,0
10963,1,108,108,0
10964,1,109,109,0
11837,1,97,97,0
11838,1,100,100,0
11839,1,92,92,0
11840,1,91,91,0
13525,1,100,100,0
13526,1,95,95,0
13527,1,114,114,0
13528,1,111,111,0
13810,1,99,99,0
14507,1,111,111,0
14508,1,99,99,0
14857,1,94,94,0
14858,1,109,109,0
14859,1,96,96,0
14860,1,106,106,0
14945,1,92,92,0
14946,1,97,97,0
14947,1,109,109,0
14948,1,85,85,0
15242,1,99,99,0
15243,1,98,98,0
15244,1,83,83,0
16125,1,82,82,0
16126,1,88,88,0
16128,1,95,95,0
16177,1,97,97,0
16178,1,97,97,0
16179,1,100,100,0
16180,1,85,85,0
16237,1,107,107,0
16238,1,84,84,0
16239,1,93,93,0
16240,1,81,81,0
16278,1,109,109,0
16437,1,96,96,0
16438,1,109,109,0
16440,1,97,97,0
