10091,1,103,103,0
10092,1,84,84,0
10093,1,86,86,0
10094,1,89,89,0
10095,1,99,99,0
10116,1,96,96,0
10117,1,101,101,0
10118,1,91,91,0
10119,1,107,107,0
10120,1,104,104,0
11141,1,89,89,0
11142,1,109,109,0
11143,1,90,90,0
11144,1,92,92,0
11145,1,89,89,0
11401,1,92,92,0
11402,1,93,93,0
11403,1,102,102,0
11404,1,79,79,0
11405,1,90,90,0
11446,1,96,96,0
11447,1,95,95,0
11448,1,103,103,0
11449,1,94,94,0
11450,1,102,102,0
11496,1,92,92,0
11497,1,101,101,0
11498,1,98,98,0
11499,1,100,100,0
11500,1,107,107,0
11536,1,93,93,0
11537,1,101,101,0
11538,1,100,100,0
11539,1,98,98,0
11540,1,86,86,0
11561,1,88,88,0
11562,1,86,86,0
11563,1,102,102,0
11564,1,88,88,0
11565,1,74,74,0
11646,1,102,102,0
11647,1,85,85,0
11648,1,84,84,0
11649,1,90,90,0
11650,1,83,83,0
11691,1,92,92,0
11692,1,108,108,0
11693,1,105,105,0
11694,1,100,100,0
11695,1,111,111,0
11701,1,96,96,0
11702,1,98,98,0
11703,1,105,105,0
11704,1,81,81,0
11705,1,104,104,0
11736,1,100,100,0
11737,1,81,81,0
11738,1,102,102,0
11739,1,93,93,0
11740,1,111,111,0
11761,1,100,100,0
11762,1,91,91,0
11763,1,84,84,0
11764,1,102,102,0
11765,1,93,93,0
11776,1,91,91,0
11777,1,101,101,0
11778,1,102,102,0
11779,1,83,83,0
11780,1,87,87,0
11781,1,82,82,0
11782,1,83,83,0
11783,1,80,80,0
11784,1,90,90,0
11785,1,87,87,0
11811,1,92,92,0
11812,1,86,86,0
11813,1,106,106,0
11814,1,92,92,0
11815,1,90,90,0
11821,1,103,103,0
11822,1,84,84,0
11823,1,77,77,0
11824,1,84,84,0
11825,1,95,95,0
11896,1,91,91,0
11897,1,107,107,0
11898,1,106,106,0
11899,1,86,86,0
11900,1,95,95,0
11901,1,109,109,0
11902,1,89,89,0
11903,1,85,85,0
11904,1,88,88,0
11905,1,108,108,0
11931,1,87,87,0
11932,1,91,91,0
11933,1,92,92,0
11934,1,86,86,0
11935,1,107,107,0
11936,1,83,83,0
11937,1,79,79,0
11938,1,78,78,0
11939,1,98,98,0
11940,1,104,104,0
12106,1,99,99,0
12107,1,99,99,0
12108,1,89,89,0
12109,1,87,87,0
12110,1,93,93,0
12136,1,85,85,0
12137,1,102,102,0
12138,1,102,102,0
12139,1,97,97,0
12140,1,97,97,0
12171,1,96,96,0
12172,1,92,92,0
12173,1,85,85,0
12174,1,97,97,0
12175,1,115,115,0
12176,1,112,112,0
12177,1,85,85,0
12178,1,92,92,0
12179,1,100,100,0
12180,1,92,92,0
12256,1,105,105,0
12257,1,87,87,0
12258,1,83,83,0
12259,1,89,89,0
12260,1,85,85,0
12291,1,86,86,0
12292,1,79,79,0
12293,1,92,92,0
12294,1,93,93,0
12295,1,90,90,0
12501,1,91,91,0
12502,1,84,84,0
12503,1,92,92,0
12504,1,88,88,0
12505,1,100,100,0
12591,1,97,97,0
12592,1,92,92,0
12593,1,83,83,0
12594,1,86,86,0
12595,1,95,95,0
12621,1,104,104,0
12622,1,98,98,0
12623,1,78,78,0
12624,1,97,97,0
12625,1,93,93,0
12651,1,89,89,0
12652,1,101,101,0
12653,1,79,79,0
12654,1,90,90,0
12655,1,103,103,0
12681,1,105,105,0
12682,1,101,101,0
12683,1,94,94,0
12684,1,109,109,0
12685,1,102,102,0
12716,1,80,80,0
12717,1,85,85,0
12718,1,95,95,0
12719,1,94,94,0
12720,1,88,88,0
14631,1,94,94,0
14632,1,87,87,0
14633,1,91,91,0
14634,1,100,100,0
14635,1,101,101,0
14671,1,107,107,0
14672,1,85,85,0
14673,1,89,89,0
14674,1,99,99,0
14675,1,109,109,0
14691,1,95,95,0
14692,1,102,102,0
14693,1,95,95,0
14046,1,91,91,0
14047,1,79,79,0
14048,1,95,95,0
14049,1,86,86,0
14050,1,92,92,0
14386,1,93,93,0
14387,1,91,91,0
14388,1,82,82,0
14389,1,92,92,0
14390,1,92,92,0
14526,1,88,88,0
14527,1,100,100,0
14528,1,94,94,0
14529,1,82,82,0
14530,1,99,99,0
14906,1,100,100,0
14907,1,94,94,0
14908,1,89,89,0
14909,1,101,101,0
14910,1,99,99,0
14981,1,87,87,0
14982,1,88,88,0
14983,1,78,78,0
14984,1,91,91,0
14985,1,83,83,0
14563,1,103,103,0
14564,1,79,79,0
14565,1,87,87,0
14661,1,89,89,0
14662,1,104,104,0
14663,1,95,95,0
14664,1,103,103,0
14665,1,93,93,0
14676,1,87,87,0
14677,1,93,93,0
14678,1,85,85,0
14679,1,90,90,0
14680,1,100,100,0
14866,1,92,92,0
14867,1,74,74,0
14868,1,81,81,0
14869,1,97,97,0
14870,1,85,85,0
14956,1,81,81,0
14957,1,100,100,0
14958,1,96,96,0
14959,1,92,92,0
14960,1,103,103,0
14652,1,70,70,0
14653,1,83,83,0
14654,1,93,93,0
14655,1,103,103,0
14736,1,86,86,0
14737,1,78,78,0
14738,1,118,118,0
14739,1,92,92,0
14740,1,76,76,0
14746,1,91,91,0
14747,1,94,94,0
14748,1,90,90,0
14749,1,87,87,0
14750,1,76,76,0
14784,1,79,79,0
14785,1,102,102,0
14796,1,87,87,0
14797,1,94,94,0
14798,1,89,89,0
14896,1,92,92,0
14897,1,95,95,0
14898,1,80,80,0
14899,1,82,82,0
14900,1,100,100,0
14996,1,94,94,0
14997,1,83,83,0
14998,1,92,92,0
14999,1,97,97,0
15000,1,88,88,0
10121,1,101,101,0
10122,1,87,87,0
10123,1,90,90,0
10124,1,85,85,0
10125,1,102,102,0
11071,1,103,103,0
11072,1,100,100,0
11073,1,87,87,0
11074,1,77,77,0
11075,1,88,88,0
11101,1,82,82,0
11102,1,102,102,0
11103,1,84,84,0
11104,1,78,78,0
11105,1,84,84,0
11146,1,101,101,0
11147,1,105,105,0
11148,1,86,86,0
11149,1,88,88,0
11150,1,97,97,0
11231,1,95,95,0
11232,1,105,105,0
11233,1,93,93,0
11234,1,89,89,0
11235,1,100,100,0
11261,1,95,95,0
11262,1,72,72,0
11263,1,82,82,0
11661,1,81,81,0
11662,1,89,89,0
11663,1,82,82,0
11664,1,76,76,0
11665,1,101,101,0
11766,1,100,100,0
11767,1,79,79,0
11768,1,96,96,0
11769,1,106,106,0
11770,1,83,83,0
12051,1,70,70,0
12052,1,83,83,0
12053,1,90,90,0
12054,1,80,80,0
12055,1,96,96,0
12101,1,70,70,0
12102,1,88,88,0
12103,1,82,82,0
12104,1,83,83,0
12105,1,105,105,0
12146,1,92,92,0
12147,1,108,108,0
12148,1,83,83,0
12149,1,76,76,0
12150,1,96,96,0
12571,1,96,96,0
12572,1,103,103,0
12573,1,86,86,0
12574,1,87,87,0
12575,1,106,106,0
12631,1,79,79,0
12632,1,90,90,0
12633,1,90,90,0
12634,1,90,90,0
12635,1,84,84,0
13231,1,107,107,0
13232,1,104,104,0
13233,1,80,80,0
13234,1,95,95,0
13235,1,83,83,0
13236,1,97,97,0
13237,1,94,94,0
13238,1,91,91,0
13239,1,89,89,0
13240,1,89,89,0
13571,1,103,103,0
13572,1,92,92,0
13573,1,113,113,0
13574,1,90,90,0
13575,1,95,95,0
14486,1,88,88,0
14487,1,86,86,0
14488,1,84,84,0
14489,1,92,92,0
14490,1,85,85,0
14594,1,87,87,0
14601,1,105,105,0
14602,1,96,96,0
14603,1,83,83,0
14604,1,78,78,0
14605,1,93,93,0
14636,1,105,105,0
14637,1,81,81,0
14638,1,88,88,0
14639,1,97,97,0
14640,1,95,95,0
14641,1,93,93,0
14642,1,82,82,0
14643,1,98,98,0
14644,1,86,86,0
14645,1,98,98,0
14751,1,106,106,0
14752,1,78,78,0
14753,1,86,86,0
14754,1,86,86,0
14755,1,102,102,0
10975,1,94,94,0
10986,1,96,96,0
10987,1,93,93,0
10988,1,90,90,0
10989,1,94,94,0
10990,1,81,81,0
10996,1,92,92,0
10997,1,90,90,0
10998,1,73,73,0
10999,1,76,76,0
11000,1,91,91,0
11001,1,85,85,0
11002,1,101,101,0
11003,1,86,86,0
11004,1,99,99,0
11005,1,93,93,0
11021,1,100,100,0
11022,1,89,89,0
11023,1,93,93,0
11024,1,84,84,0
11025,1,112,112,0
11026,1,77,77,0
11027,1,86,86,0
11028,1,83,83,0
11029,1,96,96,0
11030,1,100,100,0
11061,1,94,94,0
11062,1,95,95,0
11063,1,81,81,0
11064,1,71,71,0
11065,1,116,116,0
11066,1,90,90,0
11067,1,109,109,0
11068,1,94,94,0
11069,1,97,97,0
11070,1,97,97,0
11096,1,88,88,0
11097,1,93,93,0
11098,1,85,85,0
11099,1,89,89,0
11100,1,102,102,0
11116,1,100,100,0
11117,1,95,95,0
11118,1,95,95,0
11119,1,89,89,0
11120,1,103,103,0
11136,1,101,101,0
11137,1,99,99,0
11138,1,100,100,0
11139,1,90,90,0
11140,1,104,104,0
11176,1,97,97,0
11177,1,77,77,0
11178,1,103,103,0
11179,1,86,86,0
11180,1,87,87,0
11186,1,84,84,0
11187,1,92,92,0
11188,1,82,82,0
11189,1,90,90,0
11190,1,81,81,0
11756,1,80,80,0
11757,1,95,95,0
11758,1,84,84,0
11759,1,90,90,0
11760,1,92,92,0
12567,1,98,98,0
12568,1,84,84,0
12569,1,95,95,0
12570,1,99,99,0
13536,1,106,106,0
13537,1,96,96,0
13538,1,78,78,0
13539,1,100,100,0
13540,1,97,97,0
13611,1,81,81,0
13612,1,114,114,0
13613,1,81,81,0
13614,1,89,89,0
13615,1,75,75,0
13731,1,84,84,0
13732,1,102,102,0
13733,1,100,100,0
13734,1,78,78,0
13735,1,79,79,0
13771,1,86,86,0
13772,1,85,85,0
13773,1,86,86,0
13774,1,103,103,0
13775,1,103,103,0
13811,1,83,83,0
14666,1,73,73,0
14667,1,88,88,0
14668,1,106,106,0
14669,1,85,85,0
14670,1,103,103,0
14776,1,104,104,0
14777,1,97,97,0
14778,1,85,85,0
14779,1,102,102,0
14780,1,104,104,0
10081,1,96,96,0
10082,1,87,87,0
10083,1,91,91,0
10084,1,97,97,0
10085,1,95,95,0
11151,1,93,93,0
11152,1,80,80,0
11153,1,98,98,0
11154,1,78,78,0
11155,1,89,89,0
11456,1,82,82,0
11457,1,90,90,0
11458,1,95,95,0
11459,1,96,96,0
11460,1,94,94,0
11566,1,97,97,0
11567,1,100,100,0
11568,1,75,75,0
11569,1,93,93,0
11570,1,86,86,0
11571,1,88,88,0
11572,1,95,95,0
11573,1,80,80,0
11574,1,91,91,0
11575,1,94,94,0
11621,1,87,87,0
11622,1,85,85,0
11623,1,85,85,0
11624,1,100,100,0
11625,1,81,81,0
11656,1,102,102,0
11657,1,85,85,0
11658,1,87,87,0
11659,1,78,78,0
11660,1,88,88,0
11726,1,107,107,0
11727,1,78,78,0
11728,1,74,74,0
11729,1,89,89,0
11730,1,105,105,0
12061,1,94,94,0
12062,1,78,78,0
12063,1,86,86,0
12064,1,100,100,0
12065,1,101,101,0
12066,1,86,86,0
12067,1,105,105,0
12068,1,90,90,0
12069,1,106,106,0
12070,1,91,91,0
12091,1,96,96,0
12092,1,97,97,0
12093,1,82,82,0
12094,1,94,94,0
12095,1,91,91,0
12186,1,88,88,0
12187,1,94,94,0
12188,1,97,97,0
12189,1,90,90,0
12190,1,87,87,0
12551,1,76,76,0
12552,1,86,86,0
12553,1,97,97,0
12554,1,90,90,0
12555,1,79,79,0
12586,1,106,106,0
12587,1,90,90,0
12588,1,101,101,0
12589,1,94,94,0
12590,1,94,94,0
12616,1,101,101,0
12617,1,86,86,0
12618,1,87,87,0
12619,1,98,98,0
12620,1,85,85,0
12791,1,86,86,0
12792,1,84,84,0
12793,1,96,96,0
12794,1,92,92,0
12795,1,110,110,0
12826,1,99,99,0
12827,1,68,68,0
12828,1,83,83,0
12829,1,101,101,0
12830,1,101,101,0
12876,1,104,104,0
12877,1,79,79,0
12878,1,80,80,0
12879,1,88,88,0
12880,1,93,93,0
12901,1,95,95,0
12902,1,105,105,0
12903,1,78,78,0
12904,1,94,94,0
12905,1,95,95,0
12906,1,91,91,0
12907,1,88,88,0
12908,1,83,83,0
12909,1,93,93,0
12910,1,106,106,0
12916,1,102,102,0
12917,1,100,100,0
12918,1,86,86,0
12919,1,86,86,0
12920,1,100,100,0
13141,1,82,82,0
13142,1,91,91,0
13143,1,99,99,0
13144,1,93,93,0
13145,1,93,93,0
13576,1,103,103,0
13577,1,67,67,0
13578,1,96,96,0
13579,1,83,83,0
13580,1,107,107,0
13651,1,86,86,0
13652,1,82,82,0
13653,1,102,102,0
13654,1,102,102,0
13655,1,83,83,0
13656,1,100,100,0
13657,1,98,98,0
13658,1,91,91,0
13659,1,86,86,0
13660,1,90,90,0
13701,1,97,97,0
13702,1,97,97,0
13703,1,83,83,0
13704,1,80,80,0
13705,1,96,96,0
13706,1,101,101,0
13707,1,97,97,0
13708,1,92,92,0
13709,1,87,87,0
13710,1,114,114,0
13941,1,86,86,0
13942,1,110,110,0
13943,1,93,93,0
13944,1,90,90,0
13945,1,100,100,0
14351,1,76,76,0
14352,1,91,91,0
14353,1,92,92,0
14354,1,80,80,0
14355,1,100,100,0
14356,1,97,97,0
14357,1,85,85,0
14358,1,94,94,0
14359,1,91,91,0
14360,1,94,94,0
14396,1,98,98,0
14397,1,94,94,0
14398,1,85,85,0
14399,1,86,86,0
14400,1,84,84,0
14436,1,92,92,0
14437,1,89,89,0
14438,1,94,94,0
14439,1,86,86,0
14440,1,99,99,0
14446,1,94,94,0
14447,1,104,104,0
14448,1,82,82,0
14449,1,93,93,0
14450,1,99,99,0
14521,1,86,86,0
14522,1,75,75,0
14523,1,105,105,0
14524,1,88,88,0
14525,1,109,109,0
14596,1,100,100,0
14597,1,74,74,0
14598,1,104,104,0
14599,1,109,109,0
14600,1,106,106,0
14626,1,92,92,0
14627,1,88,88,0
14628,1,91,91,0
14629,1,93,93,0
14630,1,94,94,0
14651,1,104,104,0
11264,1,97,97,0
11265,1,92,92,0
11301,1,80,80,0
11302,1,97,97,0
11303,1,84,84,0
11304,1,86,86,0
11305,1,96,96,0
11491,1,101,101,0
11492,1,94,94,0
11493,1,91,91,0
11494,1,97,97,0
11495,1,77,77,0
11886,1,87,87,0
11887,1,74,74,0
11888,1,70,70,0
11889,1,84,84,0
11890,1,103,103,0
11926,1,97,97,0
11927,1,102,102,0
11928,1,89,89,0
11929,1,81,81,0
11930,1,98,98,0
12016,1,101,101,0
12017,1,94,94,0
12018,1,88,88,0
12019,1,83,83,0
12020,1,83,83,0
12831,1,98,98,0
12832,1,76,76,0
12833,1,85,85,0
12834,1,101,101,0
12835,1,94,94,0
13196,1,89,89,0
13197,1,89,89,0
13198,1,102,102,0
13199,1,107,107,0
13200,1,92,92,0
13896,1,122,122,0
13897,1,97,97,0
13898,1,86,86,0
13899,1,112,112,0
13900,1,92,92,0
14401,1,113,113,0
14402,1,122,122,0
14403,1,93,93,0
14404,1,97,97,0
14405,1,103,103,0
14431,1,96,96,0
14432,1,97,97,0
14433,1,74,74,0
14434,1,91,91,0
14435,1,85,85,0
14441,1,94,94,0
14442,1,91,91,0
14443,1,93,93,0
14444,1,94,94,0
14445,1,81,81,0
14586,1,99,99,0
14587,1,91,91,0
14588,1,86,86,0
14589,1,96,96,0
14590,1,96,96,0
14591,1,99,99,0
14592,1,84,84,0
14593,1,88,88,0
14595,1,111,111,0
14706,1,95,95,0
14707,1,115,115,0
14708,1,81,81,0
14709,1,102,102,0
14710,1,79,79,0
14871,1,107,107,0
14872,1,91,91,0
14873,1,94,94,0
14874,1,95,95,0
14875,1,94,94,0
14904,1,92,92,0
10281,1,95,95,0
10282,1,96,96,0
10283,1,110,110,0
10284,1,79,79,0
10285,1,95,95,0
11306,1,97,97,0
11307,1,83,83,0
11308,1,97,97,0
11309,1,84,84,0
11310,1,89,89,0
11371,1,83,83,0
11372,1,101,101,0
11373,1,75,75,0
11374,1,94,94,0
11375,1,104,104,0
11486,1,91,91,0
11487,1,91,91,0
11488,1,85,85,0
11489,1,92,92,0
11490,1,70,70,0
11576,1,86,86,0
11577,1,89,89,0
11578,1,94,94,0
11579,1,98,98,0
11580,1,97,97,0
11606,1,93,93,0
11607,1,90,90,0
11608,1,88,88,0
11609,1,85,85,0
11610,1,98,98,0
11786,1,94,94,0
11787,1,102,102,0
11788,1,96,96,0
11789,1,90,90,0
11790,1,104,104,0
11826,1,107,107,0
11827,1,89,89,0
11828,1,95,95,0
11829,1,76,76,0
11830,1,96,96,0
11851,1,101,101,0
11852,1,85,85,0
11853,1,77,77,0
11854,1,97,97,0
11981,1,91,91,0
11985,1,94,94,0
12001,1,87,87,0
12002,1,92,92,0
12003,1,89,89,0
12004,1,99,99,0
12005,1,86,86,0
12056,1,107,107,0
12057,1,94,94,0
12058,1,87,87,0
12059,1,118,118,0
12060,1,85,85,0
12531,1,102,102,0
12532,1,91,91,0
12533,1,82,82,0
12534,1,99,99,0
12535,1,83,83,0
12556,1,83,83,0
12557,1,93,93,0
12558,1,81,81,0
12559,1,93,93,0
12560,1,93,93,0
12561,1,85,85,0
12562,1,90,90,0
12563,1,114,114,0
12564,1,97,97,0
12565,1,79,79,0
12581,1,104,104,0
12582,1,92,92,0
12583,1,77,77,0
12584,1,93,93,0
12585,1,92,92,0
13116,1,79,79,0
13117,1,97,97,0
13118,1,105,105,0
13119,1,94,94,0
13120,1,96,96,0
13151,1,97,97,0
13152,1,79,79,0
13153,1,84,84,0
13154,1,102,102,0
13155,1,94,94,0
13156,1,92,92,0
13157,1,93,93,0
13158,1,94,94,0
13159,1,90,90,0
13160,1,91,91,0
13186,1,108,108,0
13187,1,96,96,0
13188,1,79,79,0
13241,1,92,92,0
13242,1,93,93,0
13526,1,94,94,0
13527,1,91,91,0
13528,1,92,92,0
13529,1,92,92,0
13530,1,83,83,0
13588,1,87,87,0
13589,1,96,96,0
13590,1,100,100,0
13622,1,84,84,0
13623,1,91,91,0
13624,1,93,93,0
13696,1,96,96,0
13697,1,79,79,0
13698,1,110,110,0
13699,1,106,106,0
13700,1,97,97,0
13824,1,103,103,0
13825,1,82,82,0
13866,1,86,86,0
13868,1,89,89,0
13869,1,81,81,0
14021,1,86,86,0
14022,1,88,88,0
14023,1,76,76,0
14024,1,95,95,0
14025,1,102,102,0
14476,1,82,82,0
14477,1,91,91,0
14478,1,93,93,0
14479,1,79,79,0
14480,1,95,95,0
14561,1,88,88,0
14562,1,94,94,0
10251,1,106,106,0
10252,1,96,96,0
10253,1,91,91,0
10254,1,90,90,0
10255,1,93,93,0
10936,1,82,82,0
10937,1,93,93,0
10938,1,84,84,0
10939,1,72,72,0
10940,1,114,114,0
10956,1,82,82,0
10957,1,88,88,0
10958,1,100,100,0
10959,1,94,94,0
10960,1,108,108,0
10961,1,97,97,0
10962,1,76,76,0
10963,1,82,82,0
10964,1,94,94,0
10965,1,111,111,0
10971,1,78,78,0
10972,1,78,78,0
10973,1,84,84,0
10974,1,112,112,0
11376,1,77,77,0
11377,1,94,94,0
11378,1,85,85,0
11379,1,93,93,0
11380,1,98,98,0
11791,1,94,94,0
11792,1,85,85,0
11793,1,88,88,0
11794,1,74,74,0
11795,1,96,96,0
11796,1,93,93,0
11797,1,101,101,0
11798,1,80,80,0
11799,1,81,81,0
11800,1,84,84,0
11831,1,105,105,0
11832,1,115,115,0
11833,1,72,72,0
11834,1,97,97,0
11835,1,106,106,0
11836,1,98,98,0
11837,1,90,90,0
11838,1,96,96,0
11839,1,99,99,0
11840,1,88,88,0
12566,1,91,91,0
13496,1,93,93,0
13497,1,104,104,0
13498,1,92,92,0
13500,1,90,90,0
13501,1,88,88,0
13502,1,102,102,0
13503,1,105,105,0
13504,1,91,91,0
13505,1,101,101,0
13931,1,95,95,0
13932,1,89,89,0
13933,1,93,93,0
13934,1,106,106,0
13935,1,95,95,0
14361,1,97,97,0
14362,1,94,94,0
14363,1,84,84,0
14364,1,79,79,0
14365,1,101,101,0
14371,1,96,96,0
14372,1,74,74,0
14373,1,87,87,0
14374,1,72,72,0
14375,1,93,93,0
14992,1,90,90,0
10151,1,96,96,0
10152,1,79,79,0
10153,1,82,82,0
10154,1,92,92,0
10155,1,83,83,0
10721,1,87,87,0
10722,1,82,82,0
10723,1,88,88,0
10724,1,87,87,0
10725,1,95,95,0
11855,1,87,87,0
11982,1,94,94,0
11983,1,90,90,0
11984,1,102,102,0
12226,1,93,93,0
12227,1,86,86,0
12228,1,77,77,0
12229,1,76,76,0
12230,1,88,88,0
12686,1,90,90,0
12687,1,83,83,0
12688,1,84,84,0
12689,1,92,92,0
12690,1,80,80,0
12691,1,90,90,0
12692,1,84,84,0
12693,1,91,91,0
12694,1,82,82,0
12695,1,116,116,0
12721,1,102,102,0
12722,1,80,80,0
12723,1,103,103,0
12724,1,93,93,0
12725,1,82,82,0
12726,1,82,82,0
12727,1,89,89,0
12728,1,86,86,0
12729,1,95,95,0
12730,1,91,91,0
13189,1,105,105,0
13190,1,95,95,0
13243,1,120,120,0
13244,1,89,89,0
13245,1,90,90,0
13586,1,98,98,0
13587,1,101,101,0
13621,1,93,93,0
13625,1,106,106,0
13821,1,76,76,0
13822,1,99,99,0
13823,1,94,94,0
13867,1,99,99,0
13870,1,94,94,0
13499,1,100,100,0
13812,1,102,102,0
13813,1,88,88,0
13814,1,90,90,0
13815,1,97,97,0
14681,1,94,94,0
14682,1,102,102,0
14683,1,84,84,0
14684,1,75,75,0
14685,1,98,98,0
14701,1,89,89,0
14702,1,92,92,0
14703,1,106,106,0
14704,1,96,96,0
14705,1,95,95,0
14781,1,79,79,0
14782,1,82,82,0
14783,1,85,85,0
14799,1,77,77,0
14800,1,95,95,0
14821,1,87,87,0
14822,1,108,108,0
14823,1,101,101,0
14824,1,97,97,0
14825,1,106,106,0
14694,1,103,103,0
14695,1,91,91,0
14696,1,99,99,0
14697,1,91,91,0
14698,1,91,91,0
14699,1,97,97,0
14700,1,98,98,0
14716,1,105,105,0
14717,1,89,89,0
14718,1,82,82,0
14719,1,89,89,0
14720,1,88,88,0
14861,1,103,103,0
14862,1,97,97,0
14863,1,96,96,0
14864,1,94,94,0
14865,1,96,96,0
14986,1,107,107,0
14987,1,93,93,0
14988,1,100,100,0
14989,1,106,106,0
14990,1,94,94,0
10011,1,91,91,0
10012,1,93,93,0
10013,1,93,93,0
10014,1,72,72,0
10015,1,92,92,0
10016,1,81,81,0
10017,1,100,100,0
10018,1,82,82,0
10019,1,105,105,0
10020,1,88,88,0
10021,1,101,101,0
10022,1,98,98,0
10023,1,108,108,0
10024,1,89,89,0
10025,1,74,74,0
10166,1,86,86,0
10167,1,113,113,0
10168,1,97,97,0
10169,1,87,87,0
10170,1,77,77,0
10171,1,104,104,0
10172,1,78,78,0
10173,1,88,88,0
10174,1,100,100,0
10175,1,100,100,0
10191,1,100,100,0
10192,1,114,114,0
10193,1,85,85,0
10194,1,85,85,0
10195,1,94,94,0
10196,1,97,97,0
10197,1,98,98,0
10198,1,96,96,0
10199,1,83,83,0
10200,1,105,105,0
10206,1,94,94,0
10207,1,84,84,0
10208,1,96,96,0
10209,1,101,101,0
10210,1,100,100,0
10231,1,88,88,0
10232,1,84,84,0
10233,1,80,80,0
10234,1,107,107,0
10235,1,86,86,0
10261,1,96,96,0
10262,1,100,100,0
10263,1,85,85,0
10264,1,93,93,0
10265,1,106,106,0
10271,1,93,93,0
10272,1,90,90,0
10273,1,94,94,0
10274,1,88,88,0
10275,1,110,110,0
10306,1,81,81,0
10307,1,111,111,0
10308,1,98,98,0
10309,1,80,80,0
10310,1,102,102,0
10336,1,92,92,0
10337,1,100,100,0
10338,1,95,95,0
10339,1,92,92,0
10340,1,89,89,0
10346,1,83,83,0
10347,1,93,93,0
10348,1,98,98,0
10349,1,89,89,0
10350,1,105,105,0
10351,1,94,94,0
10352,1,96,96,0
10353,1,94,94,0
10354,1,104,104,0
10355,1,101,101,0
10356,1,89,89,0
10357,1,75,75,0
10358,1,90,90,0
10359,1,94,94,0
10360,1,84,84,0
10376,1,86,86,0
10377,1,82,82,0
10378,1,90,90,0
10379,1,80,80,0
10380,1,98,98,0
10661,1,88,88,0
10662,1,92,92,0
10663,1,75,75,0
10664,1,96,96,0
10665,1,110,110,0
11276,1,94,94,0
11277,1,104,104,0
11278,1,79,79,0
11279,1,106,106,0
11280,1,94,94,0
11721,1,100,100,0
11722,1,76,76,0
11723,1,74,74,0
11724,1,104,104,0
11725,1,93,93,0
11746,1,90,90,0
11747,1,89,89,0
11748,1,94,94,0
11749,1,100,100,0
11750,1,87,87,0
12296,1,92,92,0
12297,1,86,86,0
12298,1,88,88,0
12299,1,106,106,0
12300,1,98,98,0
12301,1,89,89,0
12302,1,86,86,0
12303,1,90,90,0
12304,1,80,80,0
12305,1,101,101,0
12391,1,109,109,0
12392,1,105,105,0
12393,1,100,100,0
12394,1,98,98,0
12395,1,83,83,0
12706,1,90,90,0
12707,1,91,91,0
12708,1,91,91,0
12709,1,88,88,0
12710,1,87,87,0
13486,1,102,102,0
13487,1,94,94,0
13488,1,87,87,0
13489,1,95,95,0
13490,1,99,99,0
13491,1,110,110,0
13492,1,90,90,0
13493,1,72,72,0
13494,1,77,77,0
13495,1,98,98,0
14056,1,102,102,0
14057,1,86,86,0
14058,1,100,100,0
14059,1,80,80,0
14060,1,83,83,0
14061,1,76,76,0
14062,1,86,86,0
14063,1,90,90,0
14064,1,78,78,0
14065,1,95,95,0
14091,1,99,99,0
14092,1,89,89,0
14093,1,86,86,0
14094,1,91,91,0
14095,1,90,90,0
14146,1,97,97,0
14147,1,77,77,0
14148,1,88,88,0
14149,1,90,90,0
14150,1,105,105,0
14186,1,94,94,0
14187,1,89,89,0
14188,1,93,93,0
14189,1,97,97,0
14190,1,93,93,0
14231,1,96,96,0
14232,1,90,90,0
14233,1,89,89,0
14234,1,104,104,0
14235,1,91,91,0
14251,1,99,99,0
14252,1,92,92,0
14253,1,87,87,0
14254,1,101,101,0
14255,1,103,103,0
14301,1,86,86,0
14302,1,117,117,0
14303,1,101,101,0
14304,1,99,99,0
14305,1,86,86,0
14346,1,98,98,0
14347,1,106,106,0
14348,1,87,87,0
14349,1,75,75,0
14350,1,96,96,0
10416,1,102,102,0
10417,1,87,87,0
10418,1,72,72,0
10419,1,88,88,0
10420,1,95,95,0
12881,1,86,86,0
12883,1,97,97,0
12884,1,76,76,0
12885,1,88,88,0
12896,1,84,84,0
12897,1,89,89,0
12898,1,103,103,0
12899,1,88,88,0
12900,1,92,92,0
12931,1,100,100,0
12932,1,96,96,0
12933,1,86,86,0
12934,1,94,94,0
12935,1,89,89,0
13256,1,82,82,0
13316,1,78,78,0
13317,1,92,92,0
13318,1,78,78,0
13319,1,91,91,0
13320,1,80,80,0
13366,1,81,81,0
13367,1,92,92,0
13368,1,102,102,0
13369,1,100,100,0
13370,1,102,102,0
13386,1,102,102,0
13387,1,91,91,0
13388,1,84,84,0
13389,1,82,82,0
13390,1,86,86,0
13391,1,73,73,0
13392,1,95,95,0
13394,1,96,96,0
13401,1,69,69,0
13402,1,93,93,0
13403,1,94,94,0
13404,1,80,80,0
13405,1,87,87,0
13476,1,105,105,0
13477,1,82,82,0
13478,1,92,92,0
13479,1,93,93,0
13480,1,127,127,0
13636,1,101,101,0
13637,1,94,94,0
13638,1,91,91,0
13769,1,99,99,0
13770,1,109,109,0
13846,1,89,89,0
13847,1,96,96,0
13848,1,107,107,0
13849,1,102,102,0
13850,1,96,96,0
13883,1,91,91,0
13884,1,83,83,0
13885,1,110,110,0
13926,1,92,92,0
13927,1,94,94,0
13928,1,76,76,0
13929,1,63,63,0
13930,1,92,92,0
14071,1,95,95,0
14072,1,98,98,0
14073,1,85,85,0
14074,1,90,90,0
14075,1,92,92,0
14426,1,104,104,0
14427,1,73,73,0
14428,1,87,87,0
14429,1,106,106,0
14430,1,85,85,0
10061,1,88,88,0
10062,1,85,85,0
10063,1,107,107,0
10064,1,90,90,0
10065,1,93,93,0
10111,1,86,86,0
10112,1,77,77,0
10426,1,91,91,0
10427,1,88,88,0
10428,1,90,90,0
10429,1,91,91,0
10430,1,98,98,0
10466,1,105,105,0
10467,1,86,86,0
10468,1,93,93,0
10469,1,82,82,0
10470,1,86,86,0
10501,1,100,100,0
10502,1,93,93,0
10503,1,101,101,0
10504,1,98,98,0
10505,1,101,101,0
10541,1,79,79,0
10542,1,98,98,0
10543,1,99,99,0
10544,1,96,96,0
10545,1,87,87,0
10591,1,104,104,0
10592,1,85,85,0
10593,1,87,87,0
10594,1,95,95,0
10595,1,84,84,0
10596,1,102,102,0
10597,1,94,94,0
10598,1,75,75,0
10599,1,106,106,0
10600,1,101,101,0
10781,1,90,90,0
10782,1,98,98,0
10783,1,88,88,0
10784,1,88,88,0
10785,1,90,90,0
10821,1,86,86,0
10822,1,83,83,0
10823,1,92,92,0
10824,1,93,93,0
10825,1,94,94,0
10911,1,77,77,0
10912,1,92,92,0
10913,1,83,83,0
10914,1,99,99,0
10915,1,91,91,0
10946,1,99,99,0
10947,1,90,90,0
10948,1,110,110,0
10949,1,101,101,0
10950,1,99,99,0
11961,1,82,82,0
11962,1,108,108,0
11963,1,89,89,0
11964,1,86,86,0
11965,1,91,91,0
11986,1,96,96,0
11987,1,77,77,0
11988,1,95,95,0
11989,1,100,100,0
11990,1,105,105,0
12086,1,101,101,0
12087,1,97,97,0
12088,1,80,80,0
12089,1,85,85,0
12090,1,101,101,0
12411,1,92,92,0
12412,1,93,93,0
12413,1,91,91,0
12414,1,79,79,0
12415,1,79,79,0
12891,1,96,96,0
12892,1,95,95,0
12893,1,104,104,0
12894,1,83,83,0
12895,1,112,112,0
13006,1,101,101,0
13007,1,97,97,0
13008,1,87,87,0
13009,1,105,105,0
13010,1,91,91,0
13056,1,90,90,0
13057,1,83,83,0
13058,1,90,90,0
13059,1,92,92,0
13060,1,80,80,0
13396,1,83,83,0
13397,1,94,94,0
13398,1,100,100,0
13399,1,86,86,0
13400,1,107,107,0
13416,1,92,92,0
13417,1,79,79,0
13418,1,89,89,0
13419,1,83,83,0
13420,1,91,91,0
13436,1,82,82,0
13437,1,101,101,0
13438,1,99,99,0
13439,1,99,99,0
13440,1,92,92,0
13451,1,82,82,0
13452,1,87,87,0
13453,1,81,81,0
13454,1,107,107,0
13455,1,77,77,0
13552,1,91,91,0
13553,1,100,100,0
13554,1,77,77,0
13555,1,94,94,0
13672,1,93,93,0
13673,1,123,123,0
13674,1,103,103,0
13675,1,100,100,0
13916,1,89,89,0
13917,1,84,84,0
13918,1,82,82,0
13919,1,86,86,0
13920,1,95,95,0
13988,1,88,88,0
13989,1,81,81,0
13992,1,91,91,0
13995,1,94,94,0
14066,1,92,92,0
14067,1,92,92,0
14068,1,95,95,0
14070,1,101,101,0
14111,1,91,91,0
14112,1,87,87,0
14113,1,87,87,0
14114,1,76,76,0
14115,1,89,89,0
10316,1,77,77,0
10317,1,87,87,0
10318,1,82,82,0
10319,1,80,80,0
10320,1,89,89,0
10406,1,91,91,0
10407,1,86,86,0
10408,1,86,86,0
10409,1,101,101,0
10410,1,102,102,0
10506,1,84,84,0
10507,1,89,89,0
10508,1,84,84,0
10509,1,99,99,0
10510,1,108,108,0
10791,1,88,88,0
10792,1,96,96,0
10793,1,97,97,0
10794,1,92,92,0
10795,1,72,72,0
10891,1,89,89,0
10892,1,105,105,0
10897,1,69,69,0
10898,1,92,92,0
10899,1,91,91,0
10900,1,92,92,0
11917,1,78,78,0
11918,1,93,93,0
11919,1,77,77,0
11920,1,106,106,0
13461,1,88,88,0
13462,1,99,99,0
13463,1,81,81,0
13464,1,91,91,0
13465,1,100,100,0
14051,1,97,97,0
14052,1,90,90,0
14053,1,108,108,0
14054,1,94,94,0
14055,1,103,103,0
14096,1,96,96,0
14097,1,84,84,0
14098,1,97,97,0
14099,1,79,79,0
14100,1,87,87,0
14101,1,96,96,0
14336,1,86,86,0
14337,1,90,90,0
14338,1,78,78,0
14339,1,82,82,0
14340,1,101,101,0
14341,1,85,85,0
14342,1,101,101,0
14343,1,81,81,0
14344,1,90,90,0
14345,1,87,87,0
14846,1,95,95,0
14850,1,105,105,0
14851,1,95,95,0
14853,1,81,81,0
14854,1,88,88,0
14886,1,91,91,0
14887,1,91,91,0
14888,1,93,93,0
14889,1,87,87,0
14890,1,113,113,0
14935,1,94,94,0
14961,1,86,86,0
14962,1,95,95,0
14963,1,87,87,0
10113,1,83,83,0
10114,1,97,97,0
10115,1,99,99,0
10136,1,87,87,0
10137,1,101,101,0
10138,1,93,93,0
10139,1,86,86,0
10140,1,90,90,0
10226,1,95,95,0
10227,1,80,80,0
10228,1,97,97,0
10229,1,88,88,0
10230,1,85,85,0
10636,1,99,99,0
10637,1,92,92,0
10638,1,85,85,0
10639,1,76,76,0
10640,1,96,96,0
10746,1,105,105,0
10747,1,87,87,0
10748,1,102,102,0
10749,1,80,80,0
10750,1,98,98,0
12271,1,97,97,0
12272,1,95,95,0
12273,1,92,92,0
12274,1,85,85,0
12275,1,94,94,0
13286,1,76,76,0
13287,1,79,79,0
13288,1,85,85,0
13289,1,81,81,0
13290,1,93,93,0
13551,1,82,82,0
13671,1,79,79,0
13986,1,85,85,0
13987,1,89,89,0
13990,1,84,84,0
13991,1,80,80,0
13993,1,86,86,0
13994,1,80,80,0
14069,1,92,92,0
14241,1,87,87,0
14242,1,102,102,0
12704,1,84,84,0
14256,1,92,92,0
14261,1,92,92,0
14839,1,97,97,0
14847,1,102,102,0
14852,1,87,87,0
14932,1,91,91,0
14933,1,107,107,0
14934,1,90,90,0
10076,1,87,87,0
10077,1,90,90,0
10078,1,90,90,0
10079,1,90,90,0
10080,1,101,101,0
10126,1,76,76,0
10127,1,75,75,0
10128,1,85,85,0
10129,1,91,91,0
10130,1,94,94,0
10131,1,81,81,0
10132,1,98,98,0
10133,1,97,97,0
10134,1,100,100,0
10135,1,102,102,0
10156,1,92,92,0
10157,1,90,90,0
10158,1,105,105,0
10159,1,83,83,0
10160,1,82,82,0
10741,1,84,84,0
10742,1,90,90,0
10743,1,97,97,0
10744,1,88,88,0
10745,1,98,98,0
10893,1,95,95,0
10894,1,92,92,0
10895,1,83,83,0
10896,1,83,83,0
11166,1,97,97,0
11167,1,74,74,0
11168,1,86,86,0
11169,1,107,107,0
11170,1,90,90,0
11916,1,96,96,0
12671,1,84,84,0
12672,1,85,85,0
12673,1,91,91,0
12674,1,87,87,0
12675,1,101,101,0
12696,1,92,92,0
12697,1,79,79,0
12698,1,91,91,0
12699,1,94,94,0
12700,1,99,99,0
12701,1,97,97,0
12702,1,86,86,0
12703,1,89,89,0
12705,1,101,101,0
12736,1,76,76,0
12737,1,110,110,0
12738,1,84,84,0
12739,1,88,88,0
12740,1,103,103,0
12746,1,88,88,0
12747,1,98,98,0
12748,1,86,86,0
12749,1,90,90,0
12750,1,97,97,0
14102,1,104,104,0
14103,1,87,87,0
14104,1,88,88,0
14105,1,107,107,0
14131,1,77,77,0
14132,1,78,78,0
14133,1,90,90,0
14134,1,92,92,0
14135,1,101,101,0
14211,1,95,95,0
14212,1,87,87,0
14213,1,77,77,0
14214,1,85,85,0
14215,1,85,85,0
14257,1,96,96,0
14258,1,99,99,0
14259,1,100,100,0
14260,1,78,78,0
14262,1,99,99,0
14263,1,98,98,0
14264,1,92,92,0
14265,1,105,105,0
14291,1,82,82,0
14292,1,79,79,0
14293,1,91,91,0
14294,1,91,91,0
14295,1,86,86,0
14306,1,87,87,0
14307,1,97,97,0
14308,1,96,96,0
14309,1,83,83,0
14310,1,82,82,0
14331,1,87,87,0
14332,1,101,101,0
14333,1,80,80,0
14334,1,90,90,0
14335,1,84,84,0
14836,1,97,97,0
14837,1,89,89,0
14838,1,94,94,0
14840,1,97,97,0
14848,1,83,83,0
14849,1,85,85,0
14855,1,109,109,0
14931,1,99,99,0
14901,1,95,95,0
14902,1,103,103,0
14903,1,97,97,0
14905,1,98,98,0
14941,1,80,80,0
14942,1,90,90,0
14943,1,92,92,0
14944,1,106,106,0
14945,1,99,99,0
15001,1,90,90,0
15002,1,93,93,0
15003,1,87,87,0
15004,1,89,89,0
15005,1,104,104,0
11,1,83,83,0
12,1,88,88,0
13,1,105,105,0
14,1,101,101,0
15,1,72,72,0
81,1,92,92,0
82,1,91,91,0
83,1,99,99,0
84,1,89,89,0
85,1,106,106,0
121,1,91,91,0
122,1,92,92,0
123,1,103,103,0
124,1,97,97,0
125,1,94,94,0
126,1,82,82,0
127,1,85,85,0
128,1,86,86,0
129,1,94,94,0
130,1,89,89,0
136,1,101,101,0
137,1,96,96,0
138,1,85,85,0
139,1,96,96,0
140,1,88,88,0
181,1,91,91,0
182,1,103,103,0
183,1,87,87,0
184,1,98,98,0
185,1,104,104,0
306,1,89,89,0
307,1,79,79,0
308,1,89,89,0
309,1,101,101,0
310,1,107,107,0
346,1,87,87,0
347,1,97,97,0
348,1,94,94,0
349,1,80,80,0
350,1,95,95,0
351,1,89,89,0
352,1,101,101,0
353,1,107,107,0
354,1,87,87,0
355,1,89,89,0
356,1,99,99,0
357,1,92,92,0
358,1,87,87,0
359,1,73,73,0
360,1,111,111,0
391,1,99,99,0
392,1,87,87,0
393,1,88,88,0
394,1,90,90,0
395,1,102,102,0
396,1,95,95,0
397,1,88,88,0
398,1,99,99,0
399,1,91,91,0
400,1,94,94,0
406,1,83,83,0
407,1,88,88,0
408,1,86,86,0
409,1,82,82,0
410,1,90,90,0
411,1,88,88,0
412,1,89,89,0
413,1,93,93,0
414,1,86,86,0
415,1,92,92,0
431,1,85,85,0
432,1,87,87,0
433,1,92,92,0
434,1,91,91,0
435,1,106,106,0
511,1,94,94,0
512,1,86,86,0
513,1,98,98,0
514,1,87,87,0
515,1,94,94,0
516,1,75,75,0
517,1,92,92,0
518,1,104,104,0
519,1,78,78,0
520,1,96,96,0
536,1,106,106,0
537,1,89,89,0
538,1,102,102,0
539,1,97,97,0
540,1,109,109,0
546,1,89,89,0
547,1,97,97,0
548,1,105,105,0
549,1,107,107,0
550,1,92,92,0
556,1,82,82,0
557,1,88,88,0
558,1,92,92,0
559,1,91,91,0
560,1,93,93,0
561,1,88,88,0
562,1,93,93,0
563,1,92,92,0
564,1,104,104,0
565,1,91,91,0
586,1,99,99,0
587,1,92,92,0
588,1,87,87,0
589,1,93,93,0
590,1,99,99,0
591,1,85,85,0
592,1,81,81,0
593,1,104,104,0
594,1,100,100,0
595,1,94,94,0
771,1,87,87,0
772,1,96,96,0
773,1,72,72,0
774,1,76,76,0
775,1,100,100,0
776,1,95,95,0
777,1,91,91,0
778,1,95,95,0
779,1,95,95,0
780,1,91,91,0
1936,1,92,92,0
1937,1,94,94,0
1938,1,91,91,0
1939,1,95,95,0
1940,1,100,100,0
1976,1,91,91,0
1977,1,88,88,0
1978,1,96,96,0
1979,1,78,78,0
1980,1,99,99,0
3186,1,94,94,0
3187,1,86,86,0
3188,1,92,92,0
3189,1,85,85,0
3190,1,94,94,0
3216,1,103,103,0
3217,1,89,89,0
3218,1,99,99,0
3219,1,96,96,0
3220,1,111,111,0
3321,1,83,83,0
3322,1,114,114,0
3323,1,93,93,0
3324,1,90,90,0
3325,1,95,95,0
3461,1,85,85,0
3462,1,84,84,0
3463,1,108,108,0
3464,1,98,98,0
3465,1,104,104,0
3491,1,81,81,0
3492,1,96,96,0
3493,1,92,92,0
3494,1,97,97,0
3495,1,92,92,0
3501,1,89,89,0
3502,1,91,91,0
3503,1,94,94,0
3504,1,84,84,0
3505,1,89,89,0
3536,1,96,96,0
3537,1,89,89,0
3538,1,80,80,0
3539,1,84,84,0
3540,1,88,88,0
3611,1,108,108,0
3612,1,108,108,0
3613,1,86,86,0
3614,1,108,108,0
3615,1,111,111,0
3656,1,85,85,0
3657,1,84,84,0
3658,1,98,98,0
3659,1,89,89,0
3660,1,99,99,0
626,1,99,99,0
627,1,99,99,0
628,1,88,88,0
629,1,88,88,0
630,1,95,95,0
856,1,88,88,0
857,1,81,81,0
858,1,77,77,0
1166,1,94,94,0
1167,1,96,96,0
1168,1,82,82,0
1169,1,105,105,0
1170,1,104,104,0
1191,1,80,80,0
1192,1,95,95,0
1193,1,95,95,0
1194,1,95,95,0
1195,1,94,94,0
1541,1,91,91,0
1542,1,97,97,0
1543,1,96,96,0
1544,1,82,82,0
1545,1,90,90,0
1551,1,98,98,0
1552,1,95,95,0
1553,1,86,86,0
1554,1,100,100,0
1555,1,106,106,0
1561,1,96,96,0
1562,1,99,99,0
1563,1,76,76,0
1564,1,93,93,0
1565,1,85,85,0
1601,1,91,91,0
1602,1,97,97,0
1603,1,87,87,0
1604,1,95,95,0
1605,1,96,96,0
1611,1,85,85,0
1612,1,101,101,0
1613,1,102,102,0
1614,1,83,83,0
1615,1,90,90,0
1616,1,99,99,0
1617,1,95,95,0
1618,1,67,67,0
1619,1,89,89,0
1620,1,101,101,0
1636,1,80,80,0
1637,1,96,96,0
1638,1,83,83,0
1639,1,81,81,0
1640,1,114,114,0
1661,1,98,98,0
1662,1,103,103,0
1663,1,105,105,0
1664,1,103,103,0
1665,1,93,93,0
1666,1,96,96,0
1667,1,95,95,0
1668,1,87,87,0
1669,1,101,101,0
1670,1,107,107,0
1683,1,95,95,0
1684,1,84,84,0
1685,1,89,89,0
1707,1,90,90,0
1708,1,88,88,0
1709,1,84,84,0
1710,1,95,95,0
1793,1,101,101,0
1794,1,100,100,0
1795,1,74,74,0
1813,1,97,97,0
1815,1,102,102,0
311,1,110,110,0
312,1,97,97,0
313,1,102,102,0
314,1,72,72,0
315,1,97,97,0
801,1,83,83,0
802,1,102,102,0
803,1,105,105,0
804,1,88,88,0
805,1,100,100,0
861,1,90,90,0
862,1,96,96,0
863,1,100,100,0
864,1,80,80,0
865,1,86,86,0
1066,1,88,88,0
1067,1,81,81,0
1068,1,83,83,0
1069,1,87,87,0
1070,1,92,92,0
4897,1,86,86,0
4898,1,81,81,0
4899,1,85,85,0
4900,1,88,88,0
4901,1,93,93,0
4902,1,93,93,0
4903,1,95,95,0
4904,1,82,82,0
4905,1,92,92,0
4906,1,83,83,0
4907,1,76,76,0
4908,1,90,90,0
4910,1,86,86,0
4996,1,90,90,0
4997,1,83,83,0
521,1,87,87,0
522,1,84,84,0
523,1,99,99,0
524,1,90,90,0
525,1,111,111,0
551,1,103,103,0
552,1,100,100,0
553,1,80,80,0
554,1,83,83,0
555,1,87,87,0
3281,1,84,84,0
3282,1,80,80,0
3283,1,89,89,0
3284,1,90,90,0
3285,1,97,97,0
3396,1,97,97,0
3397,1,99,99,0
3398,1,98,98,0
3399,1,107,107,0
3400,1,89,89,0
3584,1,108,108,0
3585,1,113,113,0
4271,1,91,91,0
4272,1,112,112,0
4273,1,90,90,0
4274,1,86,86,0
4275,1,114,114,0
4296,1,95,95,0
4297,1,89,89,0
4298,1,78,78,0
4299,1,97,97,0
4300,1,101,101,0
4361,1,91,91,0
4362,1,86,86,0
4363,1,94,94,0
4365,1,92,92,0
4376,1,73,73,0
4377,1,88,88,0
4378,1,88,88,0
4379,1,96,96,0
4380,1,92,92,0
641,1,91,91,0
642,1,94,94,0
643,1,81,81,0
644,1,88,88,0
645,1,111,111,0
661,1,82,82,0
662,1,95,95,0
663,1,111,111,0
664,1,101,101,0
665,1,105,105,0
811,1,88,88,0
812,1,77,77,0
813,1,101,101,0
814,1,90,90,0
815,1,98,98,0
881,1,75,75,0
882,1,93,93,0
883,1,79,79,0
884,1,109,109,0
885,1,86,86,0
1116,1,81,81,0
1117,1,85,85,0
1118,1,99,99,0
1119,1,106,106,0
1120,1,93,93,0
1251,1,97,97,0
1252,1,78,78,0
1253,1,76,76,0
1254,1,79,79,0
1255,1,105,105,0
1291,1,76,76,0
1292,1,96,96,0
1293,1,87,87,0
1294,1,98,98,0
1295,1,95,95,0
1311,1,92,92,0
1312,1,96,96,0
1313,1,75,75,0
1314,1,91,91,0
1315,1,71,71,0
1386,1,88,88,0
1387,1,96,96,0
1388,1,88,88,0
1389,1,96,96,0
1390,1,101,101,0
1396,1,86,86,0
1576,1,93,93,0
1577,1,86,86,0
1579,1,89,89,0
1580,1,96,96,0
1606,1,86,86,0
1607,1,102,102,0
1608,1,78,78,0
1609,1,87,87,0
1610,1,101,101,0
1641,1,82,82,0
1642,1,90,90,0
1643,1,88,88,0
1644,1,88,88,0
1645,1,89,89,0
1651,1,89,89,0
1652,1,89,89,0
1653,1,79,79,0
1654,1,102,102,0
1655,1,102,102,0
1691,1,104,104,0
1692,1,97,97,0
1693,1,89,89,0
1694,1,98,98,0
1695,1,104,104,0
1781,1,100,100,0
1782,1,97,97,0
1784,1,70,70,0
1785,1,84,84,0
1826,1,95,95,0
1827,1,92,92,0
1828,1,92,92,0
1829,1,84,84,0
1830,1,82,82,0
1836,1,91,91,0
1838,1,82,82,0
1839,1,81,81,0
1840,1,84,84,0
1851,1,89,89,0
1852,1,86,86,0
1853,1,103,103,0
1854,1,96,96,0
1855,1,81,81,0
4231,1,90,90,0
4232,1,89,89,0
4233,1,101,101,0
4234,1,85,85,0
4235,1,99,99,0
4751,1,101,101,0
4752,1,90,90,0
4753,1,96,96,0
4754,1,80,80,0
4755,1,96,96,0
4791,1,90,90,0
4792,1,96,96,0
4793,1,92,92,0
4794,1,88,88,0
4795,1,94,94,0
4796,1,97,97,0
4797,1,97,97,0
4798,1,92,92,0
4799,1,92,92,0
4800,1,104,104,0
4801,1,99,99,0
4802,1,83,83,0
4803,1,84,84,0
4804,1,96,96,0
4805,1,110,110,0
4862,1,99,99,0
4863,1,103,103,0
4864,1,91,91,0
4865,1,73,73,0
4866,1,82,82,0
4867,1,83,83,0
4868,1,96,96,0
4869,1,94,94,0
4870,1,97,97,0
4941,1,88,88,0
4942,1,87,87,0
4943,1,107,107,0
4944,1,87,87,0
4945,1,90,90,0
4966,1,88,88,0
4968,1,93,93,0
4969,1,78,78,0
4896,1,84,84,0
4909,1,95,95,0
4998,1,82,82,0
4999,1,75,75,0
5000,1,77,77,0
3581,1,109,109,0
3582,1,92,92,0
3583,1,100,100,0
4364,1,101,101,0
966,1,101,101,0
967,1,95,95,0
968,1,93,93,0
969,1,90,90,0
970,1,103,103,0
1397,1,100,100,0
1398,1,78,78,0
1399,1,84,84,0
1400,1,87,87,0
1401,1,103,103,0
1402,1,94,94,0
1403,1,97,97,0
1404,1,94,94,0
1405,1,88,88,0
1421,1,102,102,0
1422,1,80,80,0
1423,1,94,94,0
1424,1,88,88,0
1425,1,88,88,0
1436,1,86,86,0
1437,1,82,82,0
1438,1,96,96,0
1439,1,97,97,0
1440,1,82,82,0
1441,1,101,101,0
1442,1,80,80,0
1443,1,97,97,0
1444,1,78,78,0
1445,1,80,80,0
1446,1,91,91,0
1447,1,95,95,0
1448,1,69,69,0
1449,1,94,94,0
1450,1,80,80,0
1578,1,88,88,0
1783,1,88,88,0
1837,1,74,74,0
2521,1,91,91,0
2522,1,90,90,0
2523,1,101,101,0
2524,1,86,86,0
2525,1,94,94,0
4861,1,92,92,0
4967,1,89,89,0
4970,1,100,100,0
716,1,96,96,0
717,1,76,76,0
718,1,83,83,0
719,1,82,82,0
720,1,87,87,0
1001,1,91,91,0
1002,1,82,82,0
1003,1,76,76,0
1004,1,91,91,0
1005,1,97,97,0
4951,1,89,89,0
4952,1,90,90,0
4953,1,85,85,0
4954,1,95,95,0
4955,1,100,100,0
886,1,101,101,0
887,1,104,104,0
888,1,86,86,0
889,1,103,103,0
890,1,93,93,0
1091,1,100,100,0
1092,1,86,86,0
1093,1,95,95,0
1094,1,85,85,0
1095,1,84,84,0
4871,1,101,101,0
4872,1,89,89,0
4873,1,105,105,0
4874,1,92,92,0
4875,1,79,79,0
4986,1,79,79,0
4987,1,76,76,0
4988,1,88,88,0
4989,1,85,85,0
4990,1,99,99,0
906,1,103,103,0
907,1,87,87,0
908,1,88,88,0
909,1,86,86,0
910,1,86,86,0
1076,1,93,93,0
1077,1,80,80,0
1078,1,80,80,0
1079,1,84,84,0
1080,1,106,106,0
1121,1,87,87,0
1122,1,93,93,0
1123,1,96,96,0
1124,1,101,101,0
1125,1,97,97,0
1511,1,85,85,0
1512,1,98,98,0
1513,1,90,90,0
1514,1,92,92,0
1515,1,99,99,0
1546,1,73,73,0
1547,1,104,104,0
1548,1,90,90,0
1549,1,102,102,0
1550,1,91,91,0
1586,1,73,73,0
1587,1,90,90,0
1588,1,89,89,0
1589,1,93,93,0
1590,1,87,87,0
1656,1,98,98,0
1657,1,92,92,0
1658,1,86,86,0
1659,1,103,103,0
1660,1,104,104,0
1771,1,99,99,0
1772,1,99,99,0
1773,1,85,85,0
1774,1,89,89,0
1775,1,96,96,0
4631,1,86,86,0
4632,1,101,101,0
4633,1,100,100,0
4634,1,107,107,0
4635,1,95,95,0
4721,1,88,88,0
4722,1,95,95,0
4723,1,85,85,0
4724,1,85,85,0
4725,1,90,90,0
4856,1,91,91,0
4857,1,89,89,0
4858,1,82,82,0
4859,1,70,70,0
4860,1,98,98,0
4936,1,103,103,0
4937,1,97,97,0
4938,1,92,92,0
4939,1,96,96,0
4940,1,107,107,0
1011,1,87,87,0
1012,1,96,96,0
1013,1,80,80,0
1014,1,88,88,0
1015,1,86,86,0
1141,1,84,84,0
1142,1,108,108,0
1143,1,95,95,0
1144,1,89,89,0
1145,1,98,98,0
1376,1,98,98,0
1377,1,99,99,0
1378,1,99,99,0
1379,1,102,102,0
1380,1,116,116,0
1566,1,89,89,0
1567,1,97,97,0
1568,1,84,84,0
1569,1,93,93,0
1570,1,83,83,0
1796,1,95,95,0
1797,1,102,102,0
1798,1,71,71,0
1799,1,102,102,0
1800,1,107,107,0
4946,1,110,110,0
4947,1,101,101,0
4948,1,69,69,0
4949,1,93,93,0
4950,1,95,95,0
1501,1,95,95,0
1502,1,93,93,0
1503,1,95,95,0
1504,1,93,93,0
1505,1,90,90,0
4597,1,95,95,0
4598,1,106,106,0
4599,1,88,88,0
4911,1,81,81,0
4912,1,87,87,0
4913,1,95,95,0
4914,1,106,106,0
4915,1,94,94,0
15006,1,86,86,0
15007,1,103,103,0
15008,1,79,79,0
15009,1,90,90,0
15010,1,96,96,0
15011,1,91,91,0
15012,1,90,90,0
15013,1,97,97,0
15014,1,72,72,0
15015,1,99,99,0
15016,1,94,94,0
15017,1,85,85,0
15018,1,79,79,0
15019,1,95,95,0
15020,1,86,86,0
15021,1,96,96,0
15022,1,85,85,0
15023,1,24,24,0
1,1,96,96,0
2,1,91,91,0
3,1,84,84,0
4,1,69,69,0
5,1,98,98,0
6,1,80,80,0
7,1,89,89,0
8,1,113,113,0
9,1,86,86,0
10,1,98,98,0
16,1,97,97,0
17,1,100,100,0
18,1,86,86,0
19,1,80,80,0
20,1,101,101,0
21,1,100,100,0
22,1,97,97,0
23,1,97,97,0
24,1,78,78,0
25,1,115,115,0
26,1,93,93,0
27,1,88,88,0
28,1,79,79,0
29,1,66,66,0
30,1,109,109,0
31,1,82,82,0
32,1,108,108,0
33,1,103,103,0
34,1,97,97,0
35,1,91,91,0
41,1,97,97,0
42,1,102,102,0
43,1,89,89,0
44,1,86,86,0
45,1,102,102,0
46,1,104,104,0
47,1,99,99,0
48,1,88,88,0
49,1,89,89,0
50,1,97,97,0
51,1,78,78,0
52,1,93,93,0
53,1,105,105,0
54,1,83,83,0
55,1,111,111,0
56,1,90,90,0
57,1,92,92,0
58,1,96,96,0
59,1,99,99,0
60,1,97,97,0
86,1,108,108,0
87,1,106,106,0
88,1,91,91,0
89,1,78,78,0
90,1,99,99,0
101,1,73,73,0
102,1,83,83,0
103,1,98,98,0
104,1,88,88,0
105,1,90,90,0
106,1,86,86,0
107,1,93,93,0
108,1,98,98,0
109,1,94,94,0
110,1,96,96,0
111,1,92,92,0
112,1,78,78,0
113,1,101,101,0
114,1,89,89,0
115,1,95,95,0
116,1,86,86,0
117,1,95,95,0
118,1,80,80,0
119,1,81,81,0
120,1,79,79,0
131,1,100,100,0
132,1,91,91,0
133,1,91,91,0
134,1,99,99,0
135,1,91,91,0
146,1,98,98,0
147,1,96,96,0
148,1,92,92,0
149,1,98,98,0
150,1,88,88,0
151,1,103,103,0
152,1,80,80,0
153,1,98,98,0
154,1,86,86,0
155,1,103,103,0
161,1,70,70,0
162,1,84,84,0
163,1,100,100,0
164,1,96,96,0
165,1,93,93,0
166,1,86,86,0
167,1,90,90,0
168,1,106,106,0
169,1,92,92,0
170,1,92,92,0
171,1,81,81,0
172,1,108,108,0
173,1,92,92,0
174,1,92,92,0
175,1,82,82,0
176,1,95,95,0
177,1,89,89,0
178,1,74,74,0
179,1,87,87,0
180,1,88,88,0
186,1,97,97,0
187,1,77,77,0
188,1,92,92,0
189,1,75,75,0
190,1,89,89,0
196,1,71,71,0
197,1,109,109,0
198,1,87,87,0
199,1,89,89,0
200,1,101,101,0
201,1,76,76,0
202,1,107,107,0
203,1,82,82,0
204,1,92,92,0
205,1,106,106,0
211,1,85,85,0
212,1,80,80,0
213,1,75,75,0
214,1,80,80,0
215,1,112,112,0
231,1,89,89,0
232,1,98,98,0
233,1,90,90,0
234,1,82,82,0
235,1,97,97,0
246,1,93,93,0
247,1,92,92,0
248,1,80,80,0
249,1,93,93,0
250,1,103,103,0
251,1,106,106,0
252,1,102,102,0
253,1,95,95,0
254,1,94,94,0
255,1,99,99,0
256,1,97,97,0
257,1,94,94,0
258,1,87,87,0
259,1,102,102,0
260,1,100,100,0
336,1,94,94,0
337,1,89,89,0
338,1,84,84,0
339,1,94,94,0
340,1,104,104,0
341,1,101,101,0
342,1,86,86,0
343,1,92,92,0
344,1,99,99,0
345,1,74,74,0
366,1,79,79,0
367,1,87,87,0
368,1,100,100,0
369,1,111,111,0
370,1,90,90,0
371,1,98,98,0
372,1,96,96,0
373,1,87,87,0
374,1,102,102,0
375,1,87,87,0
456,1,106,106,0
457,1,75,75,0
458,1,95,95,0
459,1,98,98,0
460,1,90,90,0
461,1,88,88,0
462,1,87,87,0
463,1,81,81,0
464,1,91,91,0
465,1,93,93,0
2584,1,92,92,0
61,1,92,92,0
62,1,99,99,0
63,1,77,77,0
64,1,101,101,0
65,1,101,101,0
76,1,96,96,0
77,1,114,114,0
78,1,96,96,0
79,1,97,97,0
80,1,102,102,0
156,1,100,100,0
157,1,79,79,0
158,1,88,88,0
159,1,94,94,0
160,1,102,102,0
236,1,85,85,0
237,1,88,88,0
238,1,82,82,0
239,1,75,75,0
240,1,93,93,0
286,1,80,80,0
287,1,114,114,0
288,1,96,96,0
289,1,81,81,0
290,1,105,105,0
301,1,107,107,0
302,1,92,92,0
303,1,107,107,0
304,1,92,92,0
305,1,95,95,0
466,1,91,91,0
467,1,96,96,0
468,1,82,82,0
469,1,102,102,0
470,1,84,84,0
1956,1,102,102,0
1957,1,96,96,0
1958,1,85,85,0
1959,1,99,99,0
1960,1,94,94,0
1986,1,80,80,0
1987,1,97,97,0
1988,1,92,92,0
1989,1,100,100,0
1990,1,98,98,0
2611,1,87,87,0
2612,1,84,84,0
2613,1,101,101,0
2614,1,100,100,0
2615,1,98,98,0
4236,1,76,76,0
4237,1,81,81,0
4238,1,94,94,0
4239,1,90,90,0
4240,1,97,97,0
4511,1,97,97,0
4512,1,68,68,0
4513,1,88,88,0
4514,1,96,96,0
4515,1,100,100,0
4611,1,104,104,0
4612,1,93,93,0
4613,1,94,94,0
4614,1,82,82,0
4615,1,89,89,0
2266,1,86,86,0
2390,1,98,98,0
2462,1,90,90,0
2463,1,76,76,0
2464,1,98,98,0
2465,1,90,90,0
4441,1,81,81,0
4442,1,104,104,0
4681,1,99,99,0
4682,1,86,86,0
4684,1,80,80,0
596,1,101,101,0
597,1,83,83,0
598,1,77,77,0
599,1,80,80,0
600,1,86,86,0
696,1,98,98,0
697,1,88,88,0
698,1,85,85,0
699,1,86,86,0
700,1,86,86,0
736,1,98,98,0
737,1,101,101,0
738,1,95,95,0
739,1,99,99,0
740,1,93,93,0
746,1,83,83,0
747,1,96,96,0
748,1,97,97,0
749,1,83,83,0
750,1,89,89,0
3241,1,82,82,0
3242,1,101,101,0
3243,1,105,105,0
3244,1,90,90,0
3245,1,83,83,0
3261,1,92,92,0
3262,1,81,81,0
3263,1,103,103,0
3264,1,84,84,0
3265,1,97,97,0
3296,1,73,73,0
3297,1,90,90,0
3298,1,83,83,0
3299,1,97,97,0
3300,1,89,89,0
3481,1,84,84,0
3636,1,96,96,0
3637,1,93,93,0
3638,1,83,83,0
3639,1,96,96,0
3640,1,100,100,0
3641,1,90,90,0
3642,1,87,87,0
3643,1,95,95,0
3644,1,84,84,0
3645,1,96,96,0
3646,1,89,89,0
3647,1,100,100,0
3648,1,100,100,0
3649,1,88,88,0
3650,1,84,84,0
4267,1,75,75,0
4269,1,92,92,0
4270,1,102,102,0
4287,1,107,107,0
4288,1,67,67,0
4289,1,114,114,0
4290,1,94,94,0
1916,1,88,88,0
1917,1,75,75,0
1918,1,90,90,0
1919,1,96,96,0
1920,1,99,99,0
2066,1,100,100,0
2067,1,89,89,0
2068,1,100,100,0
2069,1,85,85,0
2070,1,103,103,0
2106,1,88,88,0
2107,1,103,103,0
2108,1,88,88,0
2109,1,83,83,0
2110,1,95,95,0
2111,1,95,95,0
2112,1,90,90,0
2113,1,91,91,0
2114,1,89,89,0
2115,1,88,88,0
2126,1,83,83,0
2127,1,88,88,0
2128,1,94,94,0
2129,1,84,84,0
2130,1,87,87,0
2151,1,91,91,0
2152,1,86,86,0
2153,1,88,88,0
2154,1,90,90,0
2155,1,100,100,0
2176,1,94,94,0
2177,1,98,98,0
2178,1,84,84,0
2179,1,96,96,0
2180,1,92,92,0
2191,1,112,112,0
2192,1,103,103,0
2193,1,94,94,0
2194,1,83,83,0
2195,1,97,97,0
2226,1,84,84,0
2227,1,123,123,0
2228,1,89,89,0
2229,1,83,83,0
2230,1,100,100,0
2306,1,97,97,0
2307,1,85,85,0
2308,1,86,86,0
2309,1,90,90,0
2310,1,96,96,0
2336,1,89,89,0
2337,1,79,79,0
2338,1,97,97,0
2339,1,105,105,0
2340,1,106,106,0
2431,1,102,102,0
2432,1,101,101,0
2433,1,98,98,0
2434,1,96,96,0
2435,1,84,84,0
2436,1,97,97,0
2437,1,95,95,0
2438,1,81,81,0
2439,1,89,89,0
2440,1,78,78,0
2441,1,82,82,0
2442,1,87,87,0
2443,1,99,99,0
2444,1,87,87,0
2445,1,96,96,0
3591,1,86,86,0
3592,1,86,86,0
3593,1,88,88,0
3594,1,83,83,0
3595,1,97,97,0
3686,1,91,91,0
3688,1,114,114,0
3689,1,101,101,0
3690,1,93,93,0
3726,1,85,85,0
3727,1,90,90,0
3728,1,78,78,0
3729,1,95,95,0
3730,1,102,102,0
3766,1,96,96,0
3767,1,82,82,0
3768,1,85,85,0
3769,1,108,108,0
3770,1,81,81,0
3771,1,91,91,0
3772,1,100,100,0
3773,1,101,101,0
3774,1,106,106,0
3775,1,100,100,0
3841,1,93,93,0
3843,1,94,94,0
3844,1,78,78,0
3845,1,100,100,0
3856,1,84,84,0
3857,1,90,90,0
3858,1,99,99,0
3859,1,83,83,0
3860,1,94,94,0
3941,1,82,82,0
3942,1,101,101,0
3943,1,114,114,0
3944,1,93,93,0
3945,1,97,97,0
3956,1,85,85,0
3957,1,91,91,0
3958,1,77,77,0
3959,1,91,91,0
3960,1,91,91,0
3966,1,88,88,0
3967,1,96,96,0
3968,1,82,82,0
3969,1,109,109,0
3970,1,94,94,0
3971,1,89,89,0
3972,1,81,81,0
3973,1,91,91,0
3974,1,87,87,0
3975,1,83,83,0
4101,1,91,91,0
4102,1,81,81,0
4103,1,86,86,0
4104,1,86,86,0
4105,1,83,83,0
4106,1,86,86,0
4108,1,98,98,0
4109,1,99,99,0
4110,1,104,104,0
1941,1,106,106,0
1942,1,97,97,0
2061,1,99,99,0
2062,1,89,89,0
2063,1,82,82,0
2064,1,93,93,0
2065,1,103,103,0
2076,1,111,111,0
2077,1,112,112,0
2078,1,90,90,0
3731,1,103,103,0
3732,1,105,105,0
3734,1,95,95,0
3735,1,101,101,0
3986,1,91,91,0
491,1,93,93,0
492,1,95,95,0
493,1,93,93,0
494,1,84,84,0
495,1,103,103,0
3482,1,102,102,0
3483,1,88,88,0
3484,1,76,76,0
3485,1,90,90,0
3521,1,90,90,0
3522,1,86,86,0
3523,1,93,93,0
3524,1,88,88,0
3525,1,95,95,0
3526,1,76,76,0
3527,1,101,101,0
3528,1,100,100,0
3529,1,90,90,0
3530,1,98,98,0
3546,1,92,92,0
3547,1,78,78,0
3548,1,79,79,0
3549,1,100,100,0
3550,1,98,98,0
3576,1,88,88,0
3577,1,91,91,0
3578,1,84,84,0
3579,1,92,92,0
3580,1,98,98,0
4266,1,82,82,0
4268,1,91,91,0
4286,1,98,98,0
1966,1,85,85,0
1967,1,93,93,0
1968,1,93,93,0
1969,1,95,95,0
1970,1,86,86,0
2021,1,87,87,0
2022,1,85,85,0
2023,1,77,77,0
2024,1,79,79,0
2025,1,99,99,0
2036,1,102,102,0
2037,1,109,109,0
2038,1,103,103,0
2039,1,81,81,0
2040,1,97,97,0
3687,1,112,112,0
3842,1,97,97,0
4107,1,85,85,0
1943,1,84,84,0
1944,1,90,90,0
1945,1,88,88,0
4480,1,92,92,0
1991,1,80,80,0
1992,1,88,88,0
1993,1,79,79,0
1994,1,90,90,0
1995,1,99,99,0
2006,1,85,85,0
2007,1,76,76,0
2008,1,79,79,0
2009,1,108,108,0
2010,1,80,80,0
2101,1,109,109,0
2102,1,94,94,0
2103,1,101,101,0
2104,1,85,85,0
2105,1,90,90,0
2267,1,83,83,0
2268,1,87,87,0
2269,1,87,87,0
2270,1,88,88,0
2376,1,76,76,0
2377,1,92,92,0
2378,1,97,97,0
2379,1,88,88,0
2380,1,98,98,0
2386,1,92,92,0
2387,1,90,90,0
2388,1,84,84,0
2389,1,92,92,0
2461,1,91,91,0
2501,1,101,101,0
2502,1,86,86,0
2503,1,94,94,0
2504,1,95,95,0
2505,1,93,93,0
4341,1,79,79,0
4342,1,75,75,0
4343,1,88,88,0
4344,1,87,87,0
4345,1,85,85,0
4443,1,100,100,0
4444,1,92,92,0
4445,1,95,95,0
4541,1,111,111,0
4542,1,103,103,0
4543,1,112,112,0
4544,1,102,102,0
4545,1,97,97,0
4683,1,96,96,0
4685,1,79,79,0
4731,1,84,84,0
4732,1,82,82,0
4733,1,76,76,0
4734,1,97,97,0
4735,1,99,99,0
4220,1,97,97,0
12121,1,92,92,0
12122,1,89,89,0
12123,1,82,82,0
12124,1,95,95,0
12125,1,84,84,0
10051,1,85,85,0
10052,1,107,107,0
10053,1,89,89,0
10054,1,94,94,0
10055,1,103,103,0
10221,1,91,91,0
10222,1,108,108,0
10223,1,92,92,0
10224,1,82,82,0
10225,1,100,100,0
10711,1,98,98,0
10712,1,88,88,0
10713,1,79,79,0
10714,1,89,89,0
10715,1,106,106,0
10981,1,76,76,0
10982,1,100,100,0
10983,1,92,92,0
10984,1,81,81,0
10985,1,90,90,0
11471,1,84,84,0
11472,1,104,104,0
11473,1,88,88,0
11474,1,91,91,0
11475,1,92,92,0
11506,1,103,103,0
11507,1,93,93,0
11508,1,99,99,0
11509,1,82,82,0
11510,1,90,90,0
11516,1,95,95,0
11517,1,89,89,0
11518,1,83,83,0
11519,1,78,78,0
11520,1,96,96,0
11541,1,96,96,0
11542,1,92,92,0
11543,1,82,82,0
11544,1,89,89,0
11545,1,94,94,0
11546,1,93,93,0
11547,1,95,95,0
11548,1,96,96,0
11549,1,96,96,0
11550,1,87,87,0
11591,1,93,93,0
11592,1,108,108,0
11593,1,90,90,0
11594,1,77,77,0
11595,1,89,89,0
11596,1,85,85,0
11597,1,90,90,0
11598,1,75,75,0
11599,1,77,77,0
11600,1,96,96,0
11626,1,103,103,0
11627,1,99,99,0
11628,1,89,89,0
11629,1,92,92,0
11630,1,82,82,0
11631,1,95,95,0
11632,1,88,88,0
11633,1,85,85,0
11634,1,92,92,0
11635,1,83,83,0
11636,1,100,100,0
11637,1,82,82,0
11638,1,78,78,0
11639,1,94,94,0
11640,1,94,94,0
11671,1,97,97,0
11672,1,97,97,0
11673,1,91,91,0
11674,1,91,91,0
11675,1,86,86,0
11676,1,86,86,0
11677,1,89,89,0
11678,1,104,104,0
11679,1,99,99,0
11680,1,83,83,0
11711,1,102,102,0
11712,1,97,97,0
11713,1,79,79,0
11714,1,75,75,0
11715,1,100,100,0
11716,1,77,77,0
11717,1,95,95,0
11718,1,98,98,0
11719,1,98,98,0
11720,1,90,90,0
12387,1,88,88,0
12422,1,92,92,0
12423,1,92,92,0
12424,1,95,95,0
12425,1,81,81,0
12426,1,99,99,0
12432,1,89,89,0
14142,1,74,74,0
14143,1,98,98,0
14144,1,99,99,0
14145,1,99,99,0
14966,1,99,99,0
14970,1,82,82,0
14976,1,102,102,0
14977,1,102,102,0
14499,1,83,83,0
14500,1,97,97,0
10460,1,107,107,0
10486,1,88,88,0
10487,1,98,98,0
10488,1,88,88,0
10489,1,79,79,0
10490,1,104,104,0
10491,1,110,110,0
10492,1,92,92,0
10493,1,104,104,0
10494,1,86,86,0
10495,1,89,89,0
10526,1,94,94,0
10527,1,81,81,0
10528,1,78,78,0
10529,1,92,92,0
10530,1,96,96,0
10531,1,89,89,0
10532,1,87,87,0
10533,1,95,95,0
10534,1,105,105,0
10535,1,93,93,0
10566,1,88,88,0
10567,1,100,100,0
10568,1,94,94,0
10569,1,79,79,0
10570,1,104,104,0
10601,1,105,105,0
10602,1,95,95,0
10603,1,89,89,0
10604,1,94,94,0
10605,1,100,100,0
10656,1,83,83,0
10657,1,85,85,0
10658,1,89,89,0
10659,1,94,94,0
10660,1,100,100,0
10691,1,89,89,0
10692,1,82,82,0
10693,1,62,62,0
10694,1,89,89,0
10695,1,102,102,0
10736,1,106,106,0
10737,1,97,97,0
10738,1,100,100,0
10739,1,103,103,0
10740,1,85,85,0
11131,1,79,79,0
11132,1,91,91,0
11133,1,90,90,0
11134,1,105,105,0
11135,1,100,100,0
12081,1,106,106,0
12082,1,87,87,0
12083,1,90,90,0
12084,1,102,102,0
12085,1,88,88,0
12111,1,101,101,0
12112,1,102,102,0
12113,1,76,76,0
12114,1,84,84,0
12115,1,96,96,0
12232,1,83,83,0
12233,1,93,93,0
12234,1,90,90,0
12235,1,100,100,0
12606,1,94,94,0
12607,1,87,87,0
12608,1,98,98,0
12609,1,91,91,0
12610,1,107,107,0
14206,1,87,87,0
14208,1,92,92,0
14209,1,81,81,0
14210,1,80,80,0
14286,1,101,101,0
14287,1,98,98,0
14288,1,84,84,0
14289,1,99,99,0
14290,1,87,87,0
14456,1,87,87,0
14544,1,87,87,0
14545,1,99,99,0
10606,1,82,82,0
10607,1,90,90,0
10608,1,90,90,0
10609,1,111,111,0
10610,1,88,88,0
10816,1,78,78,0
10817,1,96,96,0
10818,1,95,95,0
10819,1,82,82,0
10820,1,82,82,0
11156,1,85,85,0
11157,1,80,80,0
11158,1,89,89,0
11159,1,83,83,0
11160,1,80,80,0
11286,1,82,82,0
11287,1,76,76,0
11288,1,99,99,0
11289,1,105,105,0
11290,1,92,92,0
10861,1,102,102,0
10862,1,89,89,0
10863,1,94,94,0
10864,1,102,102,0
10865,1,89,89,0
11266,1,84,84,0
11267,1,85,85,0
11268,1,98,98,0
11269,1,91,91,0
11270,1,109,109,0
11526,1,99,99,0
11527,1,104,104,0
11528,1,87,87,0
11529,1,103,103,0
11530,1,92,92,0
11651,1,79,79,0
11652,1,97,97,0
11653,1,95,95,0
11654,1,104,104,0
11655,1,94,94,0
11686,1,87,87,0
11687,1,80,80,0
11688,1,71,71,0
11689,1,85,85,0
11690,1,82,82,0
11696,1,116,116,0
11697,1,104,104,0
11698,1,88,88,0
11699,1,90,90,0
11700,1,93,93,0
11801,1,89,89,0
11802,1,90,90,0
11803,1,93,93,0
11804,1,97,97,0
11805,1,106,106,0
11891,1,90,90,0
11892,1,96,96,0
11893,1,87,87,0
11894,1,103,103,0
11895,1,86,86,0
11941,1,76,76,0
11942,1,88,88,0
11943,1,82,82,0
11944,1,102,102,0
11945,1,94,94,0
12141,1,104,104,0
12142,1,85,85,0
12143,1,74,74,0
12144,1,92,92,0
12145,1,102,102,0
12211,1,93,93,0
12212,1,102,102,0
12213,1,95,95,0
12214,1,88,88,0
12215,1,91,91,0
12511,1,92,92,0
12512,1,83,83,0
12513,1,97,97,0
12514,1,96,96,0
12515,1,97,97,0
12731,1,93,93,0
12732,1,95,95,0
12733,1,95,95,0
12734,1,90,90,0
12735,1,88,88,0
12756,1,86,86,0
12757,1,96,96,0
12758,1,113,113,0
12759,1,82,82,0
12760,1,106,106,0
12761,1,105,105,0
12762,1,86,86,0
12763,1,98,98,0
12764,1,95,95,0
12765,1,91,91,0
12796,1,105,105,0
12797,1,92,92,0
12798,1,77,77,0
12799,1,86,86,0
12800,1,109,109,0
12821,1,97,97,0
12822,1,96,96,0
12823,1,85,85,0
12824,1,84,84,0
12825,1,93,93,0
12836,1,82,82,0
12837,1,101,101,0
12838,1,88,88,0
12839,1,94,94,0
12840,1,88,88,0
13061,1,95,95,0
13062,1,76,76,0
13063,1,88,88,0
13064,1,105,105,0
13065,1,91,91,0
13066,1,109,109,0
13067,1,86,86,0
13068,1,91,91,0
13069,1,95,95,0
13070,1,88,88,0
13076,1,92,92,0
13077,1,97,97,0
13078,1,92,92,0
13079,1,71,71,0
13080,1,98,98,0
13201,1,96,96,0
13202,1,89,89,0
13203,1,99,99,0
13204,1,92,92,0
13205,1,102,102,0
13266,1,114,114,0
13267,1,79,79,0
13268,1,93,93,0
13269,1,93,93,0
13270,1,108,108,0
13531,1,98,98,0
13532,1,87,87,0
13533,1,91,91,0
13534,1,88,88,0
13535,1,101,101,0
13626,1,106,106,0
13627,1,85,85,0
13628,1,93,93,0
13629,1,77,77,0
13630,1,95,95,0
13736,1,107,107,0
13737,1,87,87,0
13738,1,90,90,0
13739,1,95,95,0
13740,1,105,105,0
13741,1,82,82,0
13742,1,67,67,0
13743,1,105,105,0
13744,1,87,87,0
13745,1,90,90,0
13786,1,79,79,0
13787,1,81,81,0
13788,1,86,86,0
13789,1,84,84,0
13790,1,91,91,0
13851,1,96,96,0
13852,1,97,97,0
13853,1,81,81,0
13854,1,82,82,0
13855,1,103,103,0
13861,1,105,105,0
13862,1,97,97,0
13863,1,86,86,0
13864,1,100,100,0
13865,1,94,94,0
13891,1,90,90,0
13892,1,81,81,0
13893,1,75,75,0
13894,1,84,84,0
13895,1,102,102,0
13906,1,91,91,0
13907,1,89,89,0
13908,1,90,90,0
13909,1,87,87,0
13910,1,89,89,0
13936,1,112,112,0
13937,1,97,97,0
13938,1,95,95,0
13939,1,105,105,0
13940,1,89,89,0
13971,1,101,101,0
13972,1,80,80,0
13973,1,84,84,0
13974,1,83,83,0
13975,1,89,89,0
13976,1,84,84,0
13977,1,109,109,0
13978,1,96,96,0
13979,1,91,91,0
13980,1,90,90,0
13981,1,93,93,0
13982,1,86,86,0
13983,1,86,86,0
13984,1,98,98,0
13985,1,99,99,0
10966,1,93,93,0
10967,1,102,102,0
10968,1,87,87,0
10969,1,92,92,0
10970,1,85,85,0
11451,1,97,97,0
11452,1,78,78,0
11453,1,96,96,0
11454,1,81,81,0
11455,1,99,99,0
11976,1,89,89,0
11977,1,82,82,0
11978,1,78,78,0
11979,1,96,96,0
11980,1,100,100,0
12866,1,96,96,0
12867,1,93,93,0
12868,1,95,95,0
12869,1,89,89,0
12870,1,100,100,0
12871,1,100,100,0
12872,1,78,78,0
12873,1,73,73,0
12874,1,84,84,0
12875,1,81,81,0
12911,1,82,82,0
12912,1,91,91,0
12913,1,88,88,0
12914,1,97,97,0
12915,1,86,86,0
12941,1,95,95,0
12942,1,84,84,0
12943,1,89,89,0
12944,1,86,86,0
12945,1,102,102,0
13826,1,69,69,0
13827,1,96,96,0
13828,1,79,79,0
13829,1,91,91,0
13830,1,94,94,0
13856,1,84,84,0
13857,1,72,72,0
13858,1,85,85,0
13859,1,81,81,0
13860,1,94,94,0
13901,1,85,85,0
13902,1,115,115,0
13903,1,92,92,0
13904,1,95,95,0
13905,1,104,104,0
13968,1,85,85,0
13970,1,95,95,0
14016,1,99,99,0
14017,1,71,71,0
14018,1,86,86,0
14019,1,89,89,0
14020,1,88,88,0
14366,1,90,90,0
14367,1,84,84,0
14369,1,91,91,0
14370,1,98,98,0
14391,1,85,85,0
14392,1,97,97,0
14393,1,75,75,0
14394,1,93,93,0
14395,1,94,94,0
14483,1,82,82,0
14484,1,94,94,0
14485,1,98,98,0
14531,1,89,89,0
14532,1,95,95,0
14533,1,91,91,0
14534,1,94,94,0
14535,1,95,95,0
14556,1,84,84,0
14606,1,92,92,0
14607,1,92,92,0
14608,1,89,89,0
14609,1,77,77,0
10991,1,88,88,0
10992,1,91,91,0
10993,1,78,78,0
10994,1,90,90,0
10995,1,95,95,0
11056,1,109,109,0
11057,1,86,86,0
11058,1,84,84,0
11059,1,106,106,0
11060,1,84,84,0
11106,1,99,99,0
11107,1,88,88,0
11108,1,86,86,0
11109,1,93,93,0
11110,1,98,98,0
11111,1,97,97,0
11112,1,85,85,0
11113,1,89,89,0
11114,1,82,82,0
11115,1,100,100,0
11236,1,95,95,0
11237,1,95,95,0
11238,1,98,98,0
11239,1,107,107,0
11240,1,96,96,0
11271,1,91,91,0
11272,1,78,78,0
11273,1,106,106,0
11274,1,87,87,0
11275,1,88,88,0
11411,1,96,96,0
11412,1,89,89,0
11413,1,95,95,0
11414,1,81,81,0
11415,1,95,95,0
11441,1,75,75,0
11442,1,81,81,0
11443,1,99,99,0
11444,1,91,91,0
11445,1,88,88,0
11481,1,96,96,0
11482,1,102,102,0
11483,1,70,70,0
11484,1,91,91,0
11485,1,104,104,0
11531,1,101,101,0
11532,1,82,82,0
11533,1,97,97,0
11534,1,95,95,0
11535,1,100,100,0
11601,1,86,86,0
11602,1,101,101,0
11603,1,91,91,0
11604,1,93,93,0
11605,1,84,84,0
11611,1,80,80,0
11612,1,98,98,0
11613,1,103,103,0
11614,1,105,105,0
11615,1,95,95,0
11616,1,113,113,0
11617,1,88,88,0
11618,1,107,107,0
11619,1,71,71,0
11620,1,90,90,0
11856,1,103,103,0
11857,1,83,83,0
11858,1,89,89,0
11859,1,87,87,0
11860,1,99,99,0
11861,1,98,98,0
11862,1,91,91,0
11863,1,99,99,0
11864,1,93,93,0
11865,1,108,108,0
11971,1,77,77,0
11972,1,93,93,0
11973,1,91,91,0
11974,1,101,101,0
11975,1,93,93,0
12011,1,99,99,0
12012,1,107,107,0
12013,1,83,83,0
12014,1,87,87,0
12015,1,104,104,0
12096,1,102,102,0
12097,1,81,81,0
12098,1,101,101,0
12099,1,109,109,0
12100,1,92,92,0
12131,1,98,98,0
12132,1,86,86,0
12133,1,91,91,0
12134,1,109,109,0
12135,1,92,92,0
12221,1,67,67,0
12222,1,82,82,0
12223,1,90,90,0
12224,1,92,92,0
12225,1,84,84,0
12506,1,102,102,0
12507,1,106,106,0
12508,1,82,82,0
12509,1,83,83,0
12510,1,95,95,0
12656,1,90,90,0
12657,1,91,91,0
12658,1,90,90,0
12659,1,94,94,0
12660,1,93,93,0
12666,1,99,99,0
12667,1,83,83,0
12668,1,95,95,0
12669,1,80,80,0
12670,1,103,103,0
12676,1,99,99,0
12677,1,102,102,0
12678,1,83,83,0
12679,1,87,87,0
12680,1,108,108,0
12786,1,82,82,0
12787,1,92,92,0
12788,1,71,71,0
12789,1,102,102,0
12790,1,93,93,0
13146,1,112,112,0
13147,1,101,101,0
13148,1,85,85,0
13149,1,102,102,0
13150,1,94,94,0
14406,1,94,94,0
14407,1,97,97,0
14408,1,70,70,0
14409,1,98,98,0
14410,1,79,79,0
14516,1,95,95,0
14517,1,91,91,0
14518,1,89,89,0
14519,1,90,90,0
14520,1,81,81,0
14566,1,79,79,0
14567,1,103,103,0
14568,1,86,86,0
14569,1,95,95,0
14570,1,91,91,0
14646,1,103,103,0
14647,1,98,98,0
14648,1,96,96,0
14649,1,91,91,0
14650,1,90,90,0
14686,1,71,71,0
14687,1,104,104,0
14688,1,83,83,0
14689,1,101,101,0
14690,1,92,92,0
14791,1,92,92,0
14792,1,92,92,0
14793,1,70,70,0
14794,1,86,86,0
14795,1,109,109,0
13101,1,102,102,0
13102,1,98,98,0
13103,1,91,91,0
13104,1,83,83,0
13105,1,80,80,0
13106,1,88,88,0
13107,1,73,73,0
13541,1,86,86,0
13542,1,99,99,0
13543,1,81,81,0
13544,1,90,90,0
13545,1,95,95,0
13581,1,79,79,0
13582,1,89,89,0
13583,1,80,80,0
13584,1,79,79,0
13585,1,108,108,0
13966,1,97,97,0
13967,1,103,103,0
13969,1,87,87,0
14368,1,98,98,0
14482,1,84,84,0
14557,1,82,82,0
14558,1,96,96,0
14559,1,92,92,0
14560,1,90,90,0
14576,1,91,91,0
14577,1,90,90,0
14578,1,87,87,0
14579,1,93,93,0
14580,1,92,92,0
14610,1,90,90,0
14611,1,107,107,0
14612,1,96,96,0
14613,1,83,83,0
14614,1,77,77,0
14615,1,84,84,0
14616,1,96,96,0
14617,1,81,81,0
14618,1,103,103,0
14619,1,89,89,0
11191,1,95,95,0
11192,1,99,99,0
11193,1,96,96,0
11194,1,93,93,0
11195,1,92,92,0
11226,1,91,91,0
11227,1,96,96,0
11228,1,88,88,0
11229,1,91,91,0
11230,1,113,113,0
11771,1,91,91,0
11772,1,85,85,0
11773,1,81,81,0
11774,1,96,96,0
11775,1,102,102,0
12181,1,103,103,0
12182,1,93,93,0
12183,1,88,88,0
12184,1,95,95,0
12185,1,103,103,0
13108,1,80,80,0
13109,1,77,77,0
13110,1,107,107,0
13111,1,96,96,0
13112,1,91,91,0
13113,1,87,87,0
13114,1,87,87,0
13115,1,101,101,0
13226,1,82,82,0
13227,1,79,79,0
13228,1,103,103,0
13229,1,88,88,0
13230,1,95,95,0
13661,1,85,85,0
13662,1,96,96,0
13663,1,97,97,0
13664,1,92,92,0
13665,1,88,88,0
13691,1,90,90,0
13692,1,104,104,0
13693,1,92,92,0
13694,1,83,83,0
13695,1,86,86,0
13746,1,88,88,0
13747,1,88,88,0
13748,1,87,87,0
13749,1,85,85,0
13750,1,92,92,0
13776,1,90,90,0
13777,1,84,84,0
13778,1,102,102,0
13779,1,89,89,0
13780,1,90,90,0
13781,1,86,86,0
13782,1,114,114,0
13783,1,90,90,0
13784,1,94,94,0
13785,1,96,96,0
13816,1,77,77,0
13817,1,83,83,0
13818,1,100,100,0
13819,1,87,87,0
13820,1,89,89,0
14481,1,109,109,0
10766,1,93,93,0
10767,1,89,89,0
10768,1,95,95,0
10769,1,91,91,0
10770,1,102,102,0
10771,1,91,91,0
10772,1,98,98,0
10773,1,88,88,0
10774,1,97,97,0
10775,1,71,71,0
11076,1,76,76,0
11077,1,93,93,0
11078,1,93,93,0
11079,1,86,86,0
11080,1,95,95,0
11121,1,104,104,0
11122,1,109,109,0
11123,1,88,88,0
11124,1,111,111,0
11125,1,112,112,0
11251,1,104,104,0
11252,1,102,102,0
11253,1,86,86,0
11254,1,88,88,0
11255,1,93,93,0
11256,1,99,99,0
11257,1,79,79,0
11258,1,113,113,0
11259,1,84,84,0
11260,1,87,87,0
11366,1,91,91,0
11367,1,83,83,0
11368,1,77,77,0
11369,1,99,99,0
11370,1,94,94,0
12006,1,85,85,0
12007,1,101,101,0
12008,1,108,108,0
12009,1,79,79,0
12010,1,107,107,0
12116,1,88,88,0
12117,1,92,92,0
12118,1,82,82,0
12119,1,84,84,0
12120,1,85,85,0
12316,1,92,92,0
12317,1,82,82,0
12318,1,103,103,0
12319,1,76,76,0
12320,1,92,92,0
12356,1,99,99,0
12357,1,88,88,0
12358,1,99,99,0
12359,1,96,96,0
12360,1,90,90,0
12521,1,92,92,0
12522,1,82,82,0
12523,1,93,93,0
12524,1,92,92,0
12525,1,95,95,0
14031,1,96,96,0
14032,1,90,90,0
14033,1,82,82,0
14034,1,91,91,0
14035,1,89,89,0
14311,1,90,90,0
14312,1,81,81,0
14313,1,94,94,0
14314,1,98,98,0
14315,1,73,73,0
14376,1,90,90,0
14377,1,108,108,0
14378,1,85,85,0
14379,1,97,97,0
14380,1,112,112,0
14536,1,96,96,0
14537,1,86,86,0
14538,1,88,88,0
14539,1,98,98,0
14540,1,85,85,0
5396,1,85,85,0
5397,1,83,83,0
5398,1,79,79,0
5399,1,100,100,0
5400,1,102,102,0
6076,1,92,92,0
6077,1,76,76,0
6078,1,87,87,0
6079,1,86,86,0
6080,1,105,105,0
6246,1,97,97,0
6247,1,81,81,0
6248,1,102,102,0
6249,1,86,86,0
6250,1,103,103,0
6306,1,104,104,0
6307,1,93,93,0
6308,1,70,70,0
6309,1,98,98,0
6310,1,94,94,0
6316,1,105,105,0
6317,1,94,94,0
6318,1,70,70,0
6319,1,96,96,0
6320,1,100,100,0
6716,1,86,86,0
6717,1,105,105,0
6718,1,89,89,0
6719,1,102,102,0
6720,1,83,83,0
6866,1,93,93,0
6867,1,86,86,0
6868,1,113,113,0
6869,1,84,84,0
6870,1,77,77,0
6911,1,80,80,0
6912,1,102,102,0
6913,1,96,96,0
6914,1,76,76,0
6915,1,77,77,0
6916,1,75,75,0
6917,1,88,88,0
6918,1,94,94,0
6919,1,96,96,0
6920,1,94,94,0
7971,1,88,88,0
7972,1,84,84,0
7973,1,81,81,0
7974,1,85,85,0
7975,1,85,85,0
8011,1,86,86,0
8012,1,96,96,0
8013,1,88,88,0
8014,1,99,99,0
8015,1,107,107,0
8056,1,86,86,0
8057,1,104,104,0
8058,1,87,87,0
8059,1,93,93,0
8060,1,98,98,0
8096,1,84,84,0
8097,1,91,91,0
8098,1,105,105,0
8099,1,107,107,0
8100,1,77,77,0
8121,1,88,88,0
8122,1,87,87,0
8123,1,94,94,0
8124,1,98,98,0
8125,1,90,90,0
5606,1,87,87,0
5607,1,88,88,0
5608,1,91,91,0
5609,1,101,101,0
5610,1,96,96,0
5611,1,96,96,0
5612,1,81,81,0
5613,1,88,88,0
5614,1,95,95,0
5615,1,94,94,0
5616,1,109,109,0
5617,1,92,92,0
5618,1,99,99,0
5619,1,93,93,0
5620,1,95,95,0
6823,1,117,117,0
6824,1,96,96,0
7489,1,85,85,0
7576,1,86,86,0
7577,1,87,87,0
7578,1,80,80,0
7579,1,86,86,0
7580,1,96,96,0
7846,1,84,84,0
7849,1,84,84,0
8002,1,93,93,0
8081,1,102,102,0
8082,1,93,93,0
8083,1,95,95,0
8084,1,92,92,0
8085,1,86,86,0
8086,1,90,90,0
8087,1,102,102,0
8090,1,85,85,0
616,1,100,100,0
617,1,95,95,0
618,1,87,87,0
619,1,89,89,0
620,1,110,110,0
651,1,77,77,0
652,1,106,106,0
653,1,78,78,0
654,1,95,95,0
655,1,100,100,0
666,1,99,99,0
667,1,93,93,0
668,1,89,89,0
669,1,96,96,0
670,1,90,90,0
711,1,100,100,0
712,1,87,87,0
713,1,88,88,0
714,1,100,100,0
715,1,72,72,0
841,1,104,104,0
842,1,92,92,0
843,1,87,87,0
844,1,83,83,0
845,1,100,100,0
901,1,108,108,0
902,1,79,79,0
903,1,86,86,0
904,1,72,72,0
905,1,93,93,0
936,1,96,96,0
937,1,86,86,0
938,1,95,95,0
939,1,98,98,0
940,1,85,85,0
976,1,87,87,0
977,1,90,90,0
978,1,80,80,0
979,1,92,92,0
980,1,94,94,0
991,1,99,99,0
992,1,97,97,0
993,1,86,86,0
994,1,84,84,0
995,1,93,93,0
996,1,103,103,0
997,1,84,84,0
998,1,92,92,0
999,1,111,111,0
1000,1,93,93,0
1086,1,101,101,0
1087,1,94,94,0
1088,1,95,95,0
1089,1,95,95,0
1090,1,96,96,0
1136,1,89,89,0
1137,1,85,85,0
1138,1,106,106,0
1139,1,97,97,0
1140,1,101,101,0
1156,1,92,92,0
1157,1,78,78,0
1158,1,85,85,0
1159,1,100,100,0
1160,1,103,103,0
1176,1,91,91,0
1177,1,92,92,0
1178,1,93,93,0
1179,1,89,89,0
1180,1,89,89,0
1206,1,81,81,0
1207,1,82,82,0
1208,1,76,76,0
1209,1,93,93,0
1210,1,105,105,0
1296,1,84,84,0
1297,1,85,85,0
1298,1,80,80,0
1299,1,81,81,0
1300,1,93,93,0
1351,1,97,97,0
1352,1,93,93,0
1353,1,95,95,0
1354,1,92,92,0
1355,1,92,92,0
1371,1,96,96,0
1372,1,96,96,0
1373,1,108,108,0
1374,1,82,82,0
1375,1,90,90,0
1381,1,92,92,0
1382,1,92,92,0
1383,1,98,98,0
1384,1,96,96,0
1385,1,85,85,0
1391,1,82,82,0
1392,1,77,77,0
1393,1,79,79,0
1394,1,94,94,0
1395,1,90,90,0
1426,1,102,102,0
1427,1,91,91,0
1428,1,102,102,0
1429,1,96,96,0
1430,1,97,97,0
1471,1,86,86,0
1472,1,97,97,0
1473,1,93,93,0
1474,1,85,85,0
1475,1,79,79,0
1481,1,92,92,0
1482,1,86,86,0
1483,1,86,86,0
1484,1,73,73,0
1485,1,79,79,0
1516,1,85,85,0
1517,1,93,93,0
1518,1,87,87,0
1519,1,101,101,0
1520,1,102,102,0
1536,1,87,87,0
1537,1,83,83,0
1538,1,102,102,0
1539,1,102,102,0
1540,1,101,101,0
1621,1,99,99,0
1622,1,93,93,0
1623,1,94,94,0
1624,1,85,85,0
1625,1,102,102,0
1626,1,90,90,0
1627,1,105,105,0
1628,1,74,74,0
1629,1,94,94,0
1630,1,98,98,0
1631,1,88,88,0
1632,1,98,98,0
1633,1,85,85,0
1634,1,85,85,0
1635,1,98,98,0
1646,1,94,94,0
1647,1,92,92,0
1648,1,77,77,0
1649,1,93,93,0
1650,1,100,100,0
1716,1,100,100,0
1717,1,93,93,0
1718,1,82,82,0
1719,1,90,90,0
1720,1,96,96,0
1766,1,78,78,0
1767,1,87,87,0
1768,1,85,85,0
1769,1,95,95,0
1770,1,108,108,0
1786,1,97,97,0
1787,1,93,93,0
1788,1,90,90,0
1789,1,103,103,0
1790,1,111,111,0
1801,1,82,82,0
1802,1,89,89,0
1803,1,89,89,0
1804,1,94,94,0
1805,1,100,100,0
1881,1,91,91,0
1882,1,71,71,0
1883,1,75,75,0
1884,1,74,74,0
1885,1,103,103,0
1896,1,91,91,0
1897,1,80,80,0
1898,1,96,96,0
1899,1,81,81,0
1900,1,99,99,0
4181,1,98,98,0
4182,1,97,97,0
4183,1,99,99,0
4184,1,117,117,0
4185,1,89,89,0
4596,1,100,100,0
4600,1,89,89,0
1024,1,83,83,0
1025,1,87,87,0
1026,1,94,94,0
1027,1,88,88,0
1028,1,80,80,0
1029,1,75,75,0
1030,1,100,100,0
1036,1,103,103,0
1037,1,90,90,0
1038,1,90,90,0
1039,1,91,91,0
1040,1,92,92,0
1051,1,102,102,0
1052,1,109,109,0
1053,1,99,99,0
1054,1,104,104,0
1055,1,87,87,0
1071,1,89,89,0
1072,1,88,88,0
1073,1,106,106,0
1074,1,99,99,0
1075,1,96,96,0
1096,1,82,82,0
1097,1,90,90,0
1098,1,87,87,0
1099,1,100,100,0
1100,1,100,100,0
1126,1,82,82,0
1127,1,83,83,0
1128,1,96,96,0
1129,1,98,98,0
1130,1,100,100,0
1151,1,110,110,0
1152,1,87,87,0
1153,1,85,85,0
1154,1,85,85,0
1155,1,103,103,0
1181,1,94,94,0
1182,1,98,98,0
1183,1,82,82,0
1184,1,97,97,0
1185,1,113,113,0
1186,1,92,92,0
1187,1,98,98,0
1188,1,90,90,0
1189,1,96,96,0
1190,1,103,103,0
1226,1,104,104,0
1227,1,94,94,0
1228,1,78,78,0
1229,1,84,84,0
1230,1,89,89,0
1236,1,88,88,0
1237,1,91,91,0
1238,1,96,96,0
1239,1,66,66,0
1240,1,90,90,0
1261,1,97,97,0
1262,1,86,86,0
1591,1,83,83,0
1592,1,78,78,0
1593,1,103,103,0
1594,1,100,100,0
1595,1,95,95,0
1726,1,90,90,0
1727,1,88,88,0
1728,1,96,96,0
1729,1,87,87,0
1730,1,94,94,0
1746,1,80,80,0
1747,1,92,92,0
4781,1,98,98,0
4782,1,89,89,0
4783,1,86,86,0
4784,1,84,84,0
4785,1,82,82,0
4963,1,91,91,0
816,1,91,91,0
817,1,89,89,0
818,1,81,81,0
819,1,90,90,0
820,1,107,107,0
826,1,90,90,0
827,1,101,101,0
828,1,83,83,0
829,1,95,95,0
830,1,85,85,0
921,1,97,97,0
922,1,95,95,0
923,1,95,95,0
924,1,96,96,0
925,1,75,75,0
1021,1,90,90,0
1022,1,83,83,0
1023,1,86,86,0
1263,1,88,88,0
1264,1,97,97,0
1265,1,102,102,0
1276,1,89,89,0
1277,1,99,99,0
1278,1,93,93,0
1279,1,89,89,0
1280,1,98,98,0
1306,1,90,90,0
1307,1,79,79,0
1308,1,90,90,0
1309,1,74,74,0
1310,1,82,82,0
1321,1,85,85,0
1322,1,91,91,0
1323,1,80,80,0
1324,1,89,89,0
1325,1,99,99,0
1336,1,103,103,0
1337,1,91,91,0
1338,1,78,78,0
1339,1,76,76,0
1340,1,92,92,0
1341,1,101,101,0
1342,1,86,86,0
1343,1,79,79,0
1344,1,93,93,0
1345,1,96,96,0
1346,1,82,82,0
1347,1,87,87,0
1348,1,77,77,0
1349,1,97,97,0
1350,1,90,90,0
1506,1,96,96,0
1507,1,84,84,0
1508,1,84,84,0
1509,1,100,100,0
1510,1,72,72,0
1521,1,80,80,0
1522,1,93,93,0
1523,1,90,90,0
1524,1,87,87,0
1525,1,100,100,0
1748,1,79,79,0
1749,1,94,94,0
1750,1,91,91,0
1776,1,103,103,0
1777,1,77,77,0
1778,1,84,84,0
1779,1,91,91,0
1780,1,91,91,0
4766,1,109,109,0
4767,1,95,95,0
4768,1,86,86,0
4769,1,89,89,0
4770,1,103,103,0
4956,1,89,89,0
4957,1,80,80,0
4958,1,97,97,0
4959,1,82,82,0
4960,1,88,88,0
4961,1,99,99,0
4962,1,106,106,0
4964,1,77,77,0
4965,1,84,84,0
3861,1,99,99,0
3862,1,84,84,0
3863,1,108,108,0
3864,1,90,90,0
3865,1,104,104,0
4931,1,90,90,0
4932,1,97,97,0
4933,1,93,93,0
4934,1,85,85,0
4935,1,95,95,0
7781,1,89,89,0
7782,1,90,90,0
7783,1,90,90,0
7784,1,98,98,0
7785,1,98,98,0
