372,1,863,863,0
9367,1,855,855,0
11425,1,1138,1138,0
11426,1,1005,1005,0
11427,1,1054,1054,0
12814,1,1055,1055,0
12816,1,846,846,0
11629,1,936,936,0
11630,1,1023,1023,0
11631,1,988,988,0
14401,1,915,915,0
14402,1,1022,1022,0
12815,1,1140,1140,0
13533,1,1041,1041,0
13986,1,1021,1021,0
14403,1,903,903,0
33154,1,1033,1033,0
33155,1,992,992,0
33156,1,953,953,0
14541,1,879,879,0
15075,1,924,924,0
15235,1,954,954,0
15236,1,1089,1089,0
15237,1,956,956,0
33304,1,872,872,0
33305,1,1034,1034,0
15751,1,1041,1041,0
15753,1,916,916,0
18198,1,882,882,0
27151,1,1050,1050,0
27153,1,988,988,0
28914,1,817,817,0
33306,1,1004,1004,0
37110,1,839,839,0
44027,1,910,910,0
44028,1,988,988,0
45227,1,943,943,0
45228,1,1036,1036,0
45239,1,1068,1068,0
46062,1,826,826,0
47940,1,1142,1142,0
868,1,1118,1118,0
869,1,1041,1041,0
870,1,1012,1012,0
28912,1,896,896,0
28913,1,985,985,0
994,1,1268,1268,0
995,1,957,957,0
996,1,1005,1005,0
1267,1,901,901,0
1268,1,1060,1060,0
1111,1,991,991,0
1112,1,1272,1272,0
1113,1,1327,1327,0
1408,1,1021,1021,0
1409,1,982,982,0
1269,1,883,883,0
2989,1,895,895,0
2990,1,868,868,0
2991,1,1159,1159,0
15752,1,963,963,0
1410,1,1027,1027,0
25297,1,947,947,0
25298,1,1031,1031,0
25299,1,912,912,0
27152,1,977,977,0
2668,1,1022,1022,0
2669,1,967,967,0
2670,1,902,902,0
13036,1,905,905,0
13037,1,966,966,0
3502,1,879,879,0
3503,1,862,862,0
3504,1,1088,1088,0
5236,1,877,877,0
5237,1,1022,1022,0
5238,1,855,855,0
6829,1,1354,1354,0
6830,1,939,939,0
6831,1,1022,1022,0
8860,1,1019,1019,0
8861,1,1066,1066,0
7144,1,1110,1110,0
7145,1,862,862,0
7146,1,944,944,0
15763,1,1078,1078,0
15764,1,1107,1107,0
7393,1,902,902,0
7394,1,1258,1258,0
7395,1,920,920,0
13174,1,905,905,0
13176,1,896,896,0
8386,1,1003,1003,0
8387,1,994,994,0
8388,1,1118,1118,0
46060,1,997,997,0
46061,1,977,977,0
8862,1,1158,1158,0
14044,1,1181,1181,0
14045,1,1041,1041,0
14046,1,1027,1027,0
14216,1,915,915,0
8950,1,914,914,0
8951,1,880,880,0
8952,1,898,898,0
14029,1,983,983,0
14030,1,903,903,0
14031,1,1100,1100,0
9223,1,1225,1225,0
9224,1,928,928,0
9225,1,1112,1112,0
9368,1,989,989,0
9369,1,1305,1305,0
11353,1,930,930,0
11354,1,984,984,0
11355,1,984,984,0
14539,1,923,923,0
14540,1,1065,1065,0
11731,1,883,883,0
11732,1,891,891,0
11733,1,1147,1147,0
31712,1,1032,1032,0
31713,1,1074,1074,0
12124,1,963,963,0
12125,1,891,891,0
12126,1,1117,1117,0
13531,1,983,983,0
13532,1,1116,1116,0
13038,1,1189,1189,0
13570,1,1011,1011,0
13571,1,979,979,0
13572,1,1044,1044,0
13616,1,918,918,0
13175,1,1017,1017,0
46990,1,886,886,0
46991,1,1019,1019,0
46992,1,944,944,0
13615,1,967,967,0
13617,1,1055,1055,0
27607,1,993,993,0
27608,1,1329,1329,0
27609,1,1076,1076,0
14014,1,1030,1030,0
14015,1,1020,1020,0
14016,1,960,960,0
41449,1,982,982,0
41450,1,1058,1058,0
14170,1,1313,1313,0
14171,1,1378,1378,0
14172,1,1081,1081,0
15073,1,964,964,0
15074,1,947,947,0
14215,1,1103,1103,0
14217,1,980,980,0
46228,1,982,982,0
46229,1,1276,1276,0
46230,1,963,963,0
14710,1,897,897,0
14711,1,1296,1296,0
14712,1,955,955,0
15160,1,1034,1034,0
15161,1,1322,1322,0
14776,1,963,963,0
14777,1,1046,1046,0
14778,1,1006,1006,0
14792,1,1058,1058,0
14793,1,1131,1131,0
14791,1,1101,1101,0
19630,1,889,889,0
19631,1,952,952,0
19632,1,1097,1097,0
20821,1,1166,1166,0
14851,1,1022,1022,0
14852,1,954,954,0
14853,1,979,979,0
15385,1,961,961,0
15386,1,1018,1018,0
15162,1,1219,1219,0
15286,1,953,953,0
15287,1,1005,1005,0
15288,1,1198,1198,0
44026,1,822,822,0
15387,1,980,980,0
15430,1,874,874,0
15431,1,872,872,0
15432,1,1092,1092,0
45226,1,992,992,0
15765,1,983,983,0
48790,1,846,846,0
48791,1,884,884,0
48792,1,1085,1085,0
20524,1,910,910,0
20525,1,1105,1105,0
20526,1,1034,1034,0
21454,1,1125,1125,0
21456,1,915,915,0
20782,1,1030,1030,0
20783,1,982,982,0
20784,1,900,900,0
25342,1,970,970,0
25344,1,1007,1007,0
20822,1,1026,1026,0
20823,1,1078,1078,0
30496,1,1031,1031,0
30497,1,1003,1003,0
30498,1,1017,1017,0
21455,1,906,906,0
21565,1,999,999,0
21566,1,896,896,0
21567,1,1021,1021,0
32560,1,925,925,0
22874,1,1005,1005,0
22875,1,1285,1285,0
25343,1,1036,1036,0
30526,1,867,867,0
30527,1,1401,1401,0
30528,1,953,953,0
30720,1,1002,1002,0
30430,1,878,878,0
30431,1,1173,1173,0
30432,1,1009,1009,0
30512,1,891,891,0
30513,1,958,958,0
30511,1,994,994,0
30556,1,985,985,0
30557,1,875,875,0
30558,1,1034,1034,0
30571,1,1142,1142,0
30572,1,888,888,0
30573,1,1014,1014,0
30577,1,947,947,0
30578,1,943,943,0
30579,1,1002,1002,0
30718,1,1004,1004,0
30719,1,1011,1011,0
42277,1,940,940,0
42278,1,1009,1009,0
42279,1,899,899,0
31711,1,926,926,0
49945,1,1063,1063,0
49946,1,1052,1052,0
49947,1,997,997,0
56506,1,934,934,0
56507,1,679,679,0
32561,1,953,953,0
32562,1,1203,1203,0
34615,1,1006,1006,0
34616,1,1030,1030,0
34617,1,967,967,0
38401,1,936,936,0
38402,1,988,988,0
38403,1,1011,1011,0
41451,1,1010,1010,0
47890,1,1346,1346,0
47891,1,828,828,0
47892,1,1150,1150,0
41620,1,1041,1041,0
41621,1,1198,1198,0
41622,1,891,891,0
43096,1,1025,1025,0
43097,1,1086,1086,0
43098,1,1079,1079,0
46252,1,1032,1032,0
46253,1,1155,1155,0
46254,1,1065,1065,0
43,1,973,973,0
44,1,1074,1074,0
45,1,1029,1029,0
370,1,994,994,0
371,1,1114,1114,0
4177,1,1073,1073,0
4178,1,873,873,0
4179,1,1081,1081,0
12472,1,1105,1105,0
12473,1,1313,1313,0
4444,1,1270,1270,0
4445,1,975,975,0
4446,1,1138,1138,0
37108,1,1006,1006,0
37109,1,1006,1006,0
8752,1,1043,1043,0
8753,1,1179,1179,0
8754,1,920,920,0
13984,1,1059,1059,0
13985,1,970,970,0
9397,1,927,927,0
9398,1,1071,1071,0
9399,1,1070,1070,0
12001,1,869,869,0
12002,1,985,985,0
12003,1,833,833,0
12268,1,1066,1066,0
12269,1,1018,1018,0
12270,1,1042,1042,0
12778,1,1021,1021,0
12779,1,788,788,0
12474,1,997,997,0
16471,1,975,975,0
16472,1,1056,1056,0
16473,1,929,929,0
12517,1,989,989,0
12518,1,849,849,0
12519,1,1045,1045,0
12608,1,1034,1034,0
12609,1,903,903,0
12607,1,946,946,0
19135,1,1052,1052,0
19136,1,1006,1006,0
19137,1,1130,1130,0
22873,1,933,933,0
12780,1,993,993,0
17329,1,934,934,0
17330,1,1092,1092,0
17331,1,1106,1106,0
51544,1,1262,1262,0
15625,1,1064,1064,0
15626,1,966,966,0
15627,1,1143,1143,0
45238,1,1120,1120,0
45240,1,1244,1244,0
15724,1,1049,1049,0
15725,1,953,953,0
15726,1,1021,1021,0
18196,1,956,956,0
18197,1,1022,1022,0
16006,1,925,925,0
16007,1,1031,1031,0
16008,1,878,878,0
47938,1,1026,1026,0
47939,1,849,849,0
20554,1,1048,1048,0
20555,1,996,996,0
20556,1,978,978,0
29800,1,1140,1140,0
29801,1,1119,1119,0
29802,1,1053,1053,0
53248,1,1048,1048,0
53249,1,1143,1143,0
53250,1,874,874,0
10018,1,1357,1357,0
10019,1,911,911,0
10020,1,984,984,0
33944,1,911,911,0
33945,1,1033,1033,0
17161,1,963,963,0
17162,1,974,974,0
17163,1,1026,1026,0
17275,1,1030,1030,0
17276,1,935,935,0
17277,1,854,854,0
17320,1,1081,1081,0
17321,1,1053,1053,0
17322,1,899,899,0
28333,1,891,891,0
28334,1,1162,1162,0
28335,1,1163,1163,0
38773,1,901,901,0
38774,1,1058,1058,0
38775,1,877,877,0
33379,1,972,972,0
33380,1,904,904,0
33381,1,1007,1007,0
37330,1,1121,1121,0
37331,1,992,992,0
33943,1,892,892,0
46486,1,1205,1205,0
46487,1,1161,1161,0
46488,1,1016,1016,0
37332,1,861,861,0
37333,1,1006,1006,0
37334,1,1061,1061,0
37335,1,924,924,0
39598,1,1006,1006,0
39599,1,1034,1034,0
39600,1,936,936,0
41194,1,819,819,0
41195,1,833,833,0
41196,1,989,989,0
42742,1,1336,1336,0
42743,1,1008,1008,0
42744,1,880,880,0
48232,1,850,850,0
48233,1,970,970,0
48234,1,1316,1316,0
51545,1,932,932,0
51546,1,1086,1086,0
51775,1,1091,1091,0
51776,1,1046,1046,0
51777,1,1124,1124,0
13,1,1192,1192,0
14,1,963,963,0
15,1,1325,1325,0
14662,1,1170,1170,0
14664,1,1111,1111,0
14452,1,893,893,0
14453,1,1086,1086,0
14454,1,1106,1106,0
16498,1,1087,1087,0
16499,1,1032,1032,0
14663,1,961,961,0
20725,1,1031,1031,0
20726,1,1023,1023,0
20727,1,1164,1164,0
23185,1,863,863,0
16500,1,1009,1009,0
25366,1,1023,1023,0
25367,1,881,881,0
25368,1,1237,1237,0
17158,1,900,900,0
17159,1,980,980,0
17160,1,973,973,0
17452,1,1062,1062,0
17453,1,900,900,0
17454,1,917,917,0
17458,1,860,860,0
17459,1,1137,1137,0
17460,1,996,996,0
31408,1,887,887,0
31409,1,966,966,0
23186,1,1172,1172,0
23187,1,971,971,0
23707,1,845,845,0
23708,1,866,866,0
23709,1,1122,1122,0
43330,1,1095,1095,0
43331,1,936,936,0
31410,1,935,935,0
52543,1,866,866,0
52544,1,933,933,0
52545,1,945,945,0
43332,1,950,950,0
7504,1,1035,1035,0
7505,1,1003,1003,0
7506,1,1041,1041,0
39265,1,949,949,0
39266,1,932,932,0
16483,1,871,871,0
16484,1,1056,1056,0
16485,1,922,922,0
38617,1,984,984,0
38618,1,1008,1008,0
38619,1,1226,1226,0
39267,1,875,875,0
40639,1,1043,1043,0
40640,1,975,975,0
40641,1,979,979,0
41472,1,998,998,0
41470,1,1011,1011,0
41471,1,1051,1051,0
41794,1,1245,1245,0
41795,1,944,944,0
41796,1,995,995,0
43858,1,1120,1120,0
43859,1,872,872,0
43860,1,923,923,0
48259,1,1089,1089,0
48260,1,956,956,0
48261,1,1002,1002,0
49477,1,1045,1045,0
49478,1,987,987,0
49479,1,933,933,0
54211,1,956,956,0
54212,1,1126,1126,0
54213,1,1241,1241,0
55156,1,1071,1071,0
55157,1,1316,1316,0
55158,1,1090,1090,0
11223,1,967,967,0
13564,1,863,863,0
13565,1,985,985,0
13566,1,953,953,0
17075,1,909,909,0
17076,1,866,866,0
17631,1,1130,1130,0
17755,1,1238,1238,0
17756,1,1043,1043,0
17757,1,897,897,0
17770,1,925,925,0
17771,1,928,928,0
17772,1,879,879,0
27855,1,995,995,0
29300,1,938,938,0
29301,1,941,941,0
36109,1,898,898,0
36110,1,865,865,0
36111,1,874,874,0
36423,1,851,851,0
36539,1,1043,1043,0
36540,1,904,904,0
43357,1,1240,1240,0
43358,1,1292,1292,0
43359,1,980,980,0
44211,1,1000,1000,0
45029,1,875,875,0
45030,1,1015,1015,0
50506,1,1011,1011,0
50507,1,872,872,0
50508,1,922,922,0
50959,1,962,962,0
50960,1,897,897,0
50961,1,961,961,0
51016,1,957,957,0
51017,1,1179,1179,0
51018,1,848,848,0
51402,1,1248,1248,0
52655,1,1076,1076,0
52845,1,955,955,0
52980,1,868,868,0
643,1,917,917,0
644,1,947,947,0
645,1,948,948,0
1318,1,1009,1009,0
1320,1,1040,1040,0
694,1,891,891,0
695,1,1032,1032,0
696,1,844,844,0
1033,1,912,912,0
1034,1,815,815,0
1035,1,1022,1022,0
799,1,905,905,0
800,1,1065,1065,0
801,1,1018,1018,0
1825,1,901,901,0
1826,1,1002,1002,0
835,1,1009,1009,0
836,1,960,960,0
837,1,984,984,0
1690,1,1326,1326,0
1691,1,939,939,0
1319,1,1096,1096,0
2809,1,936,936,0
2810,1,1033,1033,0
2811,1,903,903,0
11461,1,1280,1280,0
1543,1,920,920,0
1544,1,927,927,0
1545,1,897,897,0
1966,1,914,914,0
1967,1,1013,1013,0
1968,1,854,854,0
1559,1,888,888,0
1738,1,899,899,0
1739,1,820,820,0
1740,1,1228,1228,0
2677,1,1066,1066,0
1601,1,1100,1100,0
1602,1,1013,1013,0
1684,1,993,993,0
1685,1,1216,1216,0
1686,1,1102,1102,0
1714,1,1110,1110,0
1715,1,1103,1103,0
1716,1,1117,1117,0
1840,1,904,904,0
1841,1,961,961,0
1842,1,1010,1010,0
1990,1,1015,1015,0
1991,1,957,957,0
1992,1,913,913,0
2056,1,969,969,0
1981,1,1045,1045,0
1982,1,995,995,0
1983,1,991,991,0
1996,1,991,991,0
1997,1,984,984,0
1998,1,869,869,0
2131,1,1043,1043,0
2132,1,866,866,0
2133,1,954,954,0
2137,1,908,908,0
2041,1,1031,1031,0
2042,1,869,869,0
2043,1,967,967,0
9613,1,1088,1088,0
9614,1,1132,1132,0
2057,1,1028,1028,0
2058,1,1059,1059,0
2107,1,988,988,0
2108,1,889,889,0
2109,1,1101,1101,0
2124,1,1034,1034,0
2197,1,1063,1063,0
2198,1,1022,1022,0
2199,1,867,867,0
2419,1,1169,1169,0
2138,1,1122,1122,0
2139,1,1004,1004,0
5641,1,1095,1095,0
5642,1,1355,1355,0
5643,1,972,972,0
2248,1,1068,1068,0
2249,1,884,884,0
2250,1,1122,1122,0
2404,1,925,925,0
2405,1,1067,1067,0
2278,1,1062,1062,0
2279,1,1053,1053,0
2647,1,1086,1086,0
2648,1,1043,1043,0
2649,1,967,967,0
2479,1,1003,1003,0
2481,1,896,896,0
2530,1,1009,1009,0
2531,1,1054,1054,0
2532,1,981,981,0
2584,1,1010,1010,0
2585,1,908,908,0
2586,1,1039,1039,0
2851,1,840,840,0
2852,1,994,994,0
2678,1,943,943,0
2679,1,846,846,0
2731,1,968,968,0
2732,1,875,875,0
2733,1,986,986,0
2824,1,1100,1100,0
2825,1,1048,1048,0
2826,1,1004,1004,0
9697,1,859,859,0
9698,1,970,970,0
2853,1,1119,1119,0
3694,1,1319,1319,0
3695,1,1023,1023,0
3696,1,1132,1132,0
5317,1,1314,1314,0
2923,1,1080,1080,0
2924,1,1079,1079,0
2925,1,963,963,0
9484,1,957,957,0
9485,1,883,883,0
3586,1,854,854,0
3587,1,1055,1055,0
3588,1,1048,1048,0
4429,1,1023,1023,0
4430,1,874,874,0
4431,1,954,954,0
4600,1,893,893,0
4601,1,1014,1014,0
4602,1,1045,1045,0
4712,1,1014,1014,0
4459,1,936,936,0
4460,1,921,921,0
4461,1,1102,1102,0
4852,1,1023,1023,0
4853,1,1012,1012,0
5191,1,1072,1072,0
5192,1,1037,1037,0
5193,1,882,882,0
5254,1,1080,1080,0
5256,1,1053,1053,0
5255,1,1030,1030,0
5383,1,900,900,0
5384,1,964,964,0
5385,1,1043,1043,0
5401,1,1054,1054,0
5402,1,935,935,0
5403,1,1009,1009,0
5413,1,940,940,0
5414,1,1024,1024,0
5415,1,1079,1079,0
5416,1,1124,1124,0
5417,1,1157,1157,0
5418,1,1066,1066,0
5480,1,1029,1029,0
5481,1,992,992,0
5479,1,991,991,0
5554,1,1268,1268,0
5555,1,880,880,0
5556,1,885,885,0
5713,1,1117,1117,0
5511,1,1028,1028,0
5764,1,986,986,0
5765,1,859,859,0
5766,1,971,971,0
12115,1,999,999,0
5602,1,975,975,0
5603,1,1090,1090,0
5604,1,950,950,0
5620,1,967,967,0
5621,1,1087,1087,0
5622,1,911,911,0
13507,1,1144,1144,0
13508,1,859,859,0
13509,1,1071,1071,0
5665,1,1034,1034,0
5666,1,1096,1096,0
5667,1,1029,1029,0
5758,1,924,924,0
5760,1,1235,1235,0
5815,1,934,934,0
5816,1,956,956,0
5817,1,983,983,0
5899,1,1065,1065,0
5900,1,1076,1076,0
5871,1,1302,1302,0
11569,1,1128,1128,0
11570,1,1047,1047,0
11571,1,1200,1200,0
13632,1,913,913,0
5923,1,970,970,0
5924,1,1020,1020,0
5925,1,1078,1078,0
5956,1,883,883,0
5957,1,1042,1042,0
5958,1,1101,1101,0
17239,1,966,966,0
17240,1,1006,1006,0
17241,1,1049,1049,0
17572,1,1044,1044,0
6619,1,963,963,0
6620,1,974,974,0
6621,1,982,982,0
7891,1,966,966,0
7892,1,1006,1006,0
6673,1,873,873,0
6674,1,1050,1050,0
6675,1,1153,1153,0
6769,1,1155,1155,0
6770,1,878,878,0
8043,1,984,984,0
8047,1,984,984,0
8048,1,990,990,0
8049,1,847,847,0
8064,1,1115,1115,0
9699,1,1076,1076,0
13945,1,991,991,0
13946,1,1193,1193,0
13947,1,929,929,0
25448,1,1004,1004,0
9981,1,978,978,0
10033,1,1055,1055,0
10034,1,978,978,0
10035,1,974,974,0
11968,1,1015,1015,0
10417,1,919,919,0
10418,1,895,895,0
10419,1,1056,1056,0
11080,1,988,988,0
11081,1,1073,1073,0
10518,1,1016,1016,0
11788,1,944,944,0
11789,1,1072,1072,0
11790,1,1001,1001,0
18200,1,991,991,0
10539,1,1112,1112,0
12073,1,1013,1013,0
12074,1,1077,1077,0
12075,1,882,882,0
12592,1,998,998,0
11008,1,1024,1024,0
11009,1,1121,1121,0
11010,1,901,901,0
11221,1,892,892,0
11222,1,885,885,0
11969,1,1049,1049,0
11970,1,1001,1001,0
14086,1,820,820,0
14087,1,1003,1003,0
14088,1,1014,1014,0
12593,1,1047,1047,0
12594,1,948,948,0
14419,1,908,908,0
14420,1,1017,1017,0
14421,1,872,872,0
12643,1,1054,1054,0
12644,1,854,854,0
12645,1,893,893,0
14005,1,882,882,0
14006,1,977,977,0
14007,1,1187,1187,0
14020,1,1040,1040,0
14021,1,878,878,0
14022,1,1084,1084,0
14101,1,998,998,0
14212,1,976,976,0
14213,1,1061,1061,0
14214,1,953,953,0
27256,1,1092,1092,0
27257,1,885,885,0
14220,1,1103,1103,0
14404,1,1009,1009,0
14405,1,1019,1019,0
14406,1,965,965,0
14323,1,891,891,0
14324,1,902,902,0
14325,1,836,836,0
14827,1,959,959,0
14828,1,1337,1337,0
14464,1,1244,1244,0
14465,1,1007,1007,0
14466,1,1206,1206,0
25232,1,937,937,0
25233,1,1004,1004,0
14751,1,1009,1009,0
15361,1,1070,1070,0
15362,1,1124,1124,0
15363,1,921,921,0
15376,1,915,915,0
14829,1,859,859,0
14953,1,969,969,0
14954,1,921,921,0
14955,1,1037,1037,0
15080,1,1031,1031,0
14859,1,982,982,0
14968,1,1135,1135,0
14969,1,1077,1077,0
14970,1,916,916,0
15000,1,1006,1006,0
15079,1,920,920,0
15081,1,992,992,0
15082,1,1050,1050,0
15083,1,1000,1000,0
15084,1,921,921,0
15139,1,895,895,0
15140,1,1097,1097,0
15141,1,908,908,0
15250,1,1194,1194,0
15251,1,848,848,0
15252,1,1049,1049,0
16672,1,948,948,0
16673,1,1014,1014,0
16674,1,1026,1026,0
15509,1,1039,1039,0
15510,1,1054,1054,0
18295,1,959,959,0
18296,1,874,874,0
18297,1,902,902,0
15712,1,996,996,0
15713,1,1152,1152,0
15714,1,853,853,0
16723,1,966,966,0
16724,1,1066,1066,0
16390,1,1031,1031,0
16391,1,949,949,0
16392,1,965,965,0
16438,1,996,996,0
16440,1,1029,1029,0
16439,1,1095,1095,0
16846,1,1006,1006,0
16847,1,931,931,0
16848,1,1035,1035,0
17074,1,1224,1224,0
16725,1,1024,1024,0
17218,1,1075,1075,0
17219,1,1155,1155,0
17220,1,1333,1333,0
17533,1,1005,1005,0
17534,1,912,912,0
17535,1,952,952,0
17614,1,982,982,0
17615,1,957,957,0
17616,1,865,865,0
18020,1,1011,1011,0
18021,1,1034,1034,0
18049,1,1037,1037,0
18050,1,983,983,0
18051,1,935,935,0
18199,1,823,823,0
18201,1,952,952,0
18304,1,1082,1082,0
18305,1,1010,1010,0
18306,1,1072,1072,0
18265,1,1041,1041,0
18266,1,889,889,0
18267,1,985,985,0
18409,1,997,997,0
18410,1,1009,1009,0
18319,1,1054,1054,0
18320,1,1046,1046,0
18321,1,886,886,0
18694,1,869,869,0
18696,1,987,987,0
18394,1,1054,1054,0
18395,1,1007,1007,0
18396,1,901,901,0
19021,1,935,935,0
19022,1,885,885,0
18511,1,881,881,0
25375,1,967,967,0
25376,1,1086,1086,0
25377,1,931,931,0
27064,1,835,835,0
19023,1,1216,1216,0
19129,1,948,948,0
19130,1,1005,1005,0
19131,1,833,833,0
19352,1,1055,1055,0
19259,1,890,890,0
19260,1,1052,1052,0
19822,1,963,963,0
19823,1,1279,1279,0
19824,1,927,927,0
19351,1,836,836,0
19353,1,1165,1165,0
19957,1,1029,1029,0
19958,1,852,852,0
19959,1,1048,1048,0
19367,1,889,889,0
25174,1,1085,1085,0
25175,1,1040,1040,0
25176,1,1141,1141,0
26299,1,1031,1031,0
19816,1,941,941,0
19817,1,1029,1029,0
19818,1,1051,1051,0
19856,1,880,880,0
19857,1,1032,1032,0
19855,1,950,950,0
20002,1,1039,1039,0
20003,1,1019,1019,0
20004,1,1018,1018,0
20216,1,1059,1059,0
19951,1,1040,1040,0
20605,1,1029,1029,0
20606,1,1066,1066,0
20607,1,871,871,0
20932,1,868,868,0
20159,1,896,896,0
20269,1,895,895,0
20270,1,1127,1127,0
20271,1,982,982,0
20336,1,931,931,0
20335,1,954,954,0
20337,1,1149,1149,0
24454,1,950,950,0
24455,1,950,950,0
24456,1,1033,1033,0
22482,1,830,830,0
22612,1,1062,1062,0
22613,1,842,842,0
22614,1,979,979,0
22777,1,917,917,0
23206,1,929,929,0
23207,1,958,958,0
25834,1,1114,1114,0
25835,1,1018,1018,0
25836,1,988,988,0
25231,1,963,963,0
25882,1,946,946,0
25883,1,1004,1004,0
25884,1,903,903,0
29608,1,989,989,0
25447,1,1008,1008,0
25449,1,907,907,0
25639,1,968,968,0
25640,1,997,997,0
25641,1,1033,1033,0
26300,1,1048,1048,0
26301,1,1011,1011,0
33340,1,1058,1058,0
33341,1,1017,1017,0
33342,1,1255,1255,0
26329,1,1064,1064,0
26330,1,919,919,0
26331,1,891,891,0
33272,1,996,996,0
33273,1,965,965,0
27258,1,1055,1055,0
27505,1,849,849,0
27506,1,1037,1037,0
27507,1,1083,1083,0
28045,1,977,977,0
27523,1,1026,1026,0
27524,1,1272,1272,0
27525,1,870,870,0
27859,1,1051,1051,0
27860,1,1050,1050,0
27861,1,878,878,0
28136,1,910,910,0
28137,1,907,907,0
27895,1,953,953,0
27897,1,1012,1012,0
28759,1,1030,1030,0
28760,1,901,901,0
28761,1,1080,1080,0
28046,1,913,913,0
28047,1,1020,1020,0
28939,1,882,882,0
28940,1,1028,1028,0
28941,1,957,957,0
28735,1,979,979,0
28736,1,896,896,0
28737,1,940,940,0
30022,1,1019,1019,0
30024,1,1149,1149,0
29609,1,995,995,0
29610,1,1010,1010,0
29740,1,957,957,0
29741,1,1325,1325,0
29742,1,866,866,0
30027,1,938,938,0
30079,1,917,917,0
30080,1,885,885,0
30081,1,970,970,0
30652,1,1143,1143,0
30473,1,899,899,0
30474,1,939,939,0
30583,1,1028,1028,0
30584,1,1000,1000,0
30585,1,1020,1020,0
30645,1,1096,1096,0
30679,1,1039,1039,0
30680,1,906,906,0
30681,1,933,933,0
30688,1,1085,1085,0
30794,1,1022,1022,0
30795,1,967,967,0
31090,1,962,962,0
31091,1,989,989,0
31092,1,973,973,0
30882,1,945,945,0
31699,1,1005,1005,0
31700,1,884,884,0
31701,1,916,916,0
34714,1,1052,1052,0
31156,1,932,932,0
31157,1,1006,1006,0
31158,1,1079,1079,0
31180,1,896,896,0
31181,1,1003,1003,0
31454,1,951,951,0
31455,1,989,989,0
31819,1,1021,1021,0
31820,1,830,830,0
31821,1,969,969,0
31864,1,876,876,0
31865,1,1010,1010,0
31866,1,875,875,0
31981,1,1023,1023,0
31982,1,1134,1134,0
31957,1,975,975,0
31958,1,904,904,0
31959,1,1095,1095,0
32074,1,960,960,0
32075,1,1002,1002,0
32798,1,1029,1029,0
32799,1,943,943,0
34618,1,944,944,0
34619,1,1173,1173,0
34620,1,967,967,0
33002,1,975,975,0
33003,1,1095,1095,0
33238,1,874,874,0
33239,1,1008,1008,0
33240,1,909,909,0
33425,1,917,917,0
33426,1,878,878,0
35686,1,1194,1194,0
35687,1,869,869,0
35688,1,1031,1031,0
34114,1,1108,1108,0
34115,1,985,985,0
34116,1,919,919,0
36211,1,838,838,0
36212,1,1025,1025,0
34252,1,997,997,0
34253,1,1152,1152,0
34254,1,1012,1012,0
34816,1,1016,1016,0
34817,1,901,901,0
34330,1,1023,1023,0
34331,1,1223,1223,0
34332,1,1058,1058,0
35662,1,923,923,0
35664,1,864,864,0
34418,1,1078,1078,0
34419,1,884,884,0
35158,1,964,964,0
35159,1,994,994,0
35160,1,1046,1046,0
34715,1,1008,1008,0
34716,1,1099,1099,0
49822,1,1005,1005,0
49823,1,888,888,0
49824,1,1081,1081,0
34818,1,977,977,0
36517,1,1057,1057,0
36518,1,876,876,0
36519,1,998,998,0
48586,1,896,896,0
35613,1,1032,1032,0
35731,1,940,940,0
35732,1,1052,1052,0
35733,1,1028,1028,0
42025,1,888,888,0
35707,1,1003,1003,0
35708,1,858,858,0
35709,1,845,845,0
42157,1,967,967,0
42158,1,975,975,0
37852,1,862,862,0
37853,1,996,996,0
37854,1,1065,1065,0
52654,1,921,921,0
52656,1,889,889,0
38067,1,1055,1055,0
42061,1,878,878,0
42062,1,925,925,0
42063,1,1026,1026,0
42307,1,857,857,0
39230,1,1027,1027,0
39231,1,868,868,0
45151,1,914,914,0
45152,1,1138,1138,0
45153,1,1088,1088,0
42077,1,883,883,0
42078,1,1129,1129,0
42109,1,965,965,0
42110,1,1015,1015,0
42111,1,1028,1028,0
42574,1,1016,1016,0
42575,1,961,961,0
42576,1,917,917,0
42608,1,1057,1057,0
42609,1,1071,1071,0
42607,1,1035,1035,0
42667,1,887,887,0
42668,1,864,864,0
42669,1,961,961,0
42829,1,1063,1063,0
42745,1,982,982,0
42746,1,1206,1206,0
42747,1,902,902,0
43006,1,966,966,0
43008,1,908,908,0
42799,1,1199,1199,0
42808,1,955,955,0
42809,1,964,964,0
42810,1,851,851,0
43129,1,968,968,0
42830,1,961,961,0
42831,1,999,999,0
42970,1,1005,1005,0
42971,1,875,875,0
42972,1,963,963,0
42910,1,856,856,0
42911,1,936,936,0
44308,1,957,957,0
44309,1,818,818,0
44310,1,958,958,0
43090,1,899,899,0
43091,1,954,954,0
43092,1,1054,1054,0
43112,1,1088,1088,0
43113,1,978,978,0
43193,1,1041,1041,0
43194,1,979,979,0
43288,1,840,840,0
43289,1,885,885,0
43290,1,1060,1060,0
44062,1,1013,1013,0
44063,1,1007,1007,0
44064,1,880,880,0
44161,1,863,863,0
44162,1,875,875,0
44163,1,1158,1158,0
44176,1,1105,1105,0
44177,1,956,956,0
44178,1,933,933,0
44179,1,1056,1056,0
44257,1,896,896,0
44258,1,983,983,0
44259,1,874,874,0
44389,1,983,983,0
44390,1,1020,1020,0
44391,1,1085,1085,0
44578,1,986,986,0
44579,1,985,985,0
44580,1,971,971,0
44731,1,961,961,0
44629,1,909,909,0
44630,1,1122,1122,0
44631,1,877,877,0
44857,1,1052,1052,0
44858,1,952,952,0
44859,1,1075,1075,0
44863,1,1143,1143,0
44864,1,869,869,0
44865,1,946,946,0
44905,1,912,912,0
44906,1,998,998,0
44907,1,1039,1039,0
44983,1,968,968,0
44984,1,922,922,0
44985,1,867,867,0
709,1,872,872,0
710,1,1004,1004,0
711,1,994,994,0
1558,1,1361,1361,0
1560,1,892,892,0
769,1,1152,1152,0
770,1,1033,1033,0
771,1,961,961,0
10516,1,840,840,0
10517,1,986,986,0
1276,1,919,919,0
1277,1,1097,1097,0
1278,1,879,879,0
5653,1,1042,1042,0
5654,1,894,894,0
5655,1,928,928,0
1291,1,1034,1034,0
1292,1,873,873,0
1293,1,1046,1046,0
1573,1,1214,1214,0
1574,1,1000,1000,0
1575,1,939,939,0
1597,1,867,867,0
1598,1,1058,1058,0
1599,1,953,953,0
1600,1,945,945,0
1582,1,1249,1249,0
1583,1,1049,1049,0
1584,1,1022,1022,0
2122,1,900,900,0
2123,1,1010,1010,0
1692,1,1127,1127,0
1831,1,991,991,0
1832,1,944,944,0
1833,1,1019,1019,0
2280,1,1104,1104,0
1699,1,958,958,0
1700,1,1051,1051,0
1701,1,873,873,0
1855,1,916,916,0
1856,1,1026,1026,0
1857,1,885,885,0
2263,1,979,979,0
2264,1,880,880,0
2265,1,870,870,0
2389,1,867,867,0
2390,1,1275,1275,0
2391,1,878,878,0
2406,1,1017,1017,0
2428,1,985,985,0
2429,1,1126,1126,0
2430,1,986,986,0
2480,1,954,954,0
2420,1,1003,1003,0
2421,1,928,928,0
12724,1,895,895,0
12725,1,1186,1186,0
12726,1,953,953,0
4711,1,975,975,0
4713,1,1095,1095,0
5149,1,945,945,0
5150,1,1005,1005,0
5151,1,1129,1129,0
4854,1,946,946,0
5257,1,1021,1021,0
5258,1,896,896,0
5259,1,862,862,0
5509,1,958,958,0
5510,1,909,909,0
5318,1,1014,1014,0
5319,1,941,941,0
9178,1,920,920,0
9179,1,992,992,0
9180,1,1012,1012,0
11462,1,934,934,0
11463,1,1258,1258,0
13960,1,971,971,0
13961,1,984,984,0
13962,1,1284,1284,0
12116,1,1308,1308,0
12117,1,1080,1080,0
14812,1,866,866,0
14813,1,1144,1144,0
14814,1,1145,1145,0
12628,1,968,968,0
12629,1,1037,1037,0
12630,1,976,976,0
15220,1,954,954,0
15221,1,901,901,0
15222,1,922,922,0
13054,1,982,982,0
13055,1,843,843,0
13056,1,1285,1285,0
14218,1,1113,1113,0
14219,1,1200,1200,0
14071,1,838,838,0
14072,1,1001,1001,0
14073,1,923,923,0
14146,1,942,942,0
14147,1,1062,1062,0
14148,1,883,883,0
14102,1,1174,1174,0
14103,1,895,895,0
14257,1,957,957,0
14258,1,1038,1038,0
14259,1,1081,1081,0
14338,1,1134,1134,0
14339,1,1070,1070,0
14340,1,1225,1225,0
14749,1,1209,1209,0
14750,1,956,956,0
14479,1,885,885,0
14480,1,1189,1189,0
14481,1,1063,1063,0
14857,1,1033,1033,0
14858,1,885,885,0
14998,1,942,942,0
14999,1,1133,1133,0
15280,1,986,986,0
15281,1,991,991,0
15282,1,1199,1199,0
15094,1,857,857,0
15095,1,888,888,0
15096,1,918,918,0
15109,1,939,939,0
15110,1,989,989,0
15111,1,909,909,0
15377,1,861,861,0
15378,1,1058,1058,0
15391,1,1035,1035,0
15392,1,964,964,0
15393,1,1320,1320,0
17041,1,1013,1013,0
17042,1,1175,1175,0
17043,1,867,867,0
17629,1,1005,1005,0
17630,1,1060,1060,0
17573,1,1046,1046,0
17574,1,1007,1007,0
17659,1,1058,1058,0
17660,1,981,981,0
17661,1,1044,1044,0
18184,1,1257,1257,0
18185,1,1183,1183,0
18186,1,1042,1042,0
18550,1,1061,1061,0
18552,1,1030,1030,0
18551,1,1102,1102,0
18934,1,872,872,0
18935,1,1075,1075,0
18936,1,1027,1027,0
19728,1,1310,1310,0
18695,1,963,963,0
18823,1,833,833,0
18824,1,1013,1013,0
18825,1,957,957,0
19366,1,907,907,0
19368,1,942,942,0
19726,1,908,908,0
19727,1,937,937,0
19810,1,1017,1017,0
19811,1,949,949,0
19812,1,1106,1106,0
20215,1,1047,1047,0
20217,1,855,855,0
20260,1,1137,1137,0
20261,1,853,853,0
20262,1,1120,1120,0
20626,1,948,948,0
20627,1,1164,1164,0
20628,1,1160,1160,0
20797,1,935,935,0
20798,1,900,900,0
20680,1,935,935,0
20681,1,952,952,0
20682,1,866,866,0
24724,1,956,956,0
24725,1,1051,1051,0
24726,1,936,936,0
20997,1,904,904,0
24349,1,876,876,0
24350,1,824,824,0
24351,1,897,897,0
30004,1,1038,1038,0
30005,1,811,811,0
25111,1,1037,1037,0
25112,1,1079,1079,0
25113,1,1014,1014,0
27248,1,1014,1014,0
27249,1,996,996,0
25570,1,969,969,0
25571,1,1213,1213,0
25572,1,1236,1236,0
52843,1,1071,1071,0
52844,1,919,919,0
26233,1,1024,1024,0
26234,1,874,874,0
26235,1,1032,1032,0
27853,1,1034,1034,0
27854,1,891,891,0
27145,1,1009,1009,0
27146,1,1107,1107,0
27147,1,861,861,0
27769,1,1030,1030,0
27770,1,868,868,0
27771,1,862,862,0
27247,1,914,914,0
27547,1,1132,1132,0
27548,1,1116,1116,0
27549,1,1352,1352,0
27896,1,1009,1009,0
28135,1,1045,1045,0
28603,1,925,925,0
28604,1,860,860,0
28605,1,1137,1137,0
29299,1,954,954,0
30006,1,969,969,0
30082,1,978,978,0
30083,1,869,869,0
30084,1,1014,1014,0
30097,1,854,854,0
30098,1,957,957,0
1827,1,1053,1053,0
13204,1,1171,1171,0
13205,1,1014,1014,0
13206,1,1345,1345,0
15508,1,890,890,0
5716,1,1007,1007,0
5717,1,1144,1144,0
5718,1,1269,1269,0
5896,1,1108,1108,0
5897,1,1207,1207,0
5752,1,1085,1085,0
5753,1,1152,1152,0
5754,1,1068,1068,0
5869,1,870,870,0
5870,1,1212,1212,0
5881,1,884,884,0
5882,1,1173,1173,0
5883,1,920,920,0
12286,1,882,882,0
12287,1,917,917,0
12288,1,836,836,0
5898,1,966,966,0
16351,1,1079,1079,0
16352,1,1050,1050,0
16353,1,903,903,0
18541,1,869,869,0
5901,1,984,984,0
20194,1,1045,1045,0
20195,1,1239,1239,0
20196,1,1064,1064,0
20596,1,1248,1248,0
6771,1,860,860,0
7096,1,1013,1013,0
7097,1,1009,1009,0
7098,1,885,885,0
7267,1,989,989,0
7268,1,1068,1068,0
7269,1,1028,1028,0
7807,1,931,931,0
7808,1,1074,1074,0
7809,1,1045,1045,0
7893,1,963,963,0
7975,1,887,887,0
7976,1,888,888,0
7977,1,940,940,0
7981,1,982,982,0
7982,1,1066,1066,0
7906,1,971,971,0
7907,1,993,993,0
7908,1,886,886,0
7948,1,917,917,0
7949,1,1015,1015,0
7950,1,932,932,0
7983,1,1039,1039,0
8116,1,886,886,0
8117,1,963,963,0
8118,1,1115,1115,0
8144,1,903,903,0
8002,1,1035,1035,0
8003,1,1062,1062,0
8004,1,1008,1008,0
8041,1,1136,1136,0
8042,1,948,948,0
8062,1,917,917,0
8063,1,1252,1252,0
8077,1,933,933,0
8078,1,1061,1061,0
8079,1,979,979,0
8101,1,1081,1081,0
8102,1,954,954,0
8103,1,897,897,0
8192,1,1135,1135,0
8193,1,1239,1239,0
19846,1,974,974,0
19847,1,949,949,0
19848,1,1048,1048,0
42800,1,1122,1122,0
42801,1,961,961,0
20211,1,913,913,0
20365,1,996,996,0
20366,1,889,889,0
20367,1,890,890,0
20962,1,861,861,0
20566,1,976,976,0
20567,1,877,877,0
20568,1,1009,1009,0
20590,1,1037,1037,0
20591,1,925,925,0
20592,1,900,900,0
20597,1,857,857,0
20598,1,1097,1097,0
20977,1,880,880,0
20978,1,1080,1080,0
20979,1,1017,1017,0
20820,1,1106,1106,0
24343,1,1234,1234,0
24344,1,961,961,0
24345,1,1381,1381,0
25195,1,971,971,0
20933,1,849,849,0
20934,1,1253,1253,0
20965,1,1066,1066,0
20966,1,1095,1095,0
20967,1,1115,1115,0
20963,1,1018,1018,0
20964,1,1296,1296,0
20974,1,870,870,0
20975,1,861,861,0
20976,1,851,851,0
30216,1,960,960,0
22111,1,1018,1018,0
22112,1,850,850,0
22113,1,973,973,0
22480,1,910,910,0
22481,1,1341,1341,0
22658,1,934,934,0
22659,1,1010,1010,0
23542,1,1220,1220,0
23543,1,1074,1074,0
23544,1,919,919,0
22778,1,950,950,0
22779,1,1044,1044,0
23125,1,992,992,0
23126,1,872,872,0
23127,1,958,958,0
23208,1,910,910,0
23051,1,1094,1094,0
23052,1,912,912,0
23593,1,902,902,0
23594,1,985,985,0
23595,1,869,869,0
45028,1,1022,1022,0
23728,1,1040,1040,0
23729,1,1139,1139,0
23730,1,999,999,0
24619,1,1013,1013,0
24620,1,989,989,0
24621,1,1115,1115,0
30889,1,1176,1176,0
30890,1,1144,1144,0
30891,1,968,968,0
32827,1,1129,1129,0
25146,1,1016,1016,0
25285,1,1246,1246,0
25286,1,1193,1193,0
25287,1,1028,1028,0
33001,1,1029,1029,0
30799,1,965,965,0
30800,1,1322,1322,0
30801,1,1091,1091,0
31171,1,1011,1011,0
31172,1,1112,1112,0
30853,1,1197,1197,0
30854,1,1024,1024,0
30855,1,983,983,0
31288,1,990,990,0
31289,1,1357,1357,0
31173,1,1066,1066,0
31405,1,1058,1058,0
31406,1,995,995,0
31407,1,1039,1039,0
31720,1,949,949,0
31290,1,1034,1034,0
31675,1,1263,1263,0
31676,1,835,835,0
31677,1,1326,1326,0
31741,1,1052,1052,0
31721,1,896,896,0
31722,1,909,909,0
31858,1,888,888,0
31859,1,1043,1043,0
31860,1,865,865,0
35065,1,1014,1014,0
31742,1,1326,1326,0
31743,1,994,994,0
31798,1,1043,1043,0
31799,1,1226,1226,0
31800,1,942,942,0
31983,1,1065,1065,0
32335,1,1069,1069,0
32336,1,1025,1025,0
32337,1,964,964,0
32809,1,985,985,0
32810,1,991,991,0
32811,1,933,933,0
35203,1,1014,1014,0
35204,1,1375,1375,0
35205,1,998,998,0
32828,1,898,898,0
32829,1,831,831,0
33727,1,1054,1054,0
33728,1,867,867,0
33729,1,875,875,0
34171,1,1095,1095,0
34172,1,916,916,0
34173,1,1074,1074,0
35425,1,1112,1112,0
35426,1,1052,1052,0
35427,1,1382,1382,0
35066,1,1042,1042,0
35067,1,905,905,0
35200,1,873,873,0
35201,1,891,891,0
35202,1,1024,1024,0
35209,1,877,877,0
35210,1,988,988,0
35211,1,898,898,0
44245,1,1153,1153,0
44246,1,1063,1063,0
44247,1,1042,1042,0
35224,1,975,975,0
35225,1,1004,1004,0
35226,1,932,932,0
36361,1,1023,1023,0
36362,1,889,889,0
36363,1,917,917,0
36130,1,1023,1023,0
36131,1,992,992,0
36132,1,1029,1029,0
36493,1,927,927,0
36494,1,1301,1301,0
5714,1,1013,1013,0
5715,1,1320,1320,0
5797,1,1046,1046,0
5798,1,1005,1005,0
5799,1,1014,1014,0
5759,1,993,993,0
5782,1,1033,1033,0
5783,1,1311,1311,0
5784,1,868,868,0
5980,1,1000,1000,0
5761,1,1241,1241,0
5762,1,1049,1049,0
5763,1,874,874,0
9442,1,1025,1025,0
9443,1,1165,1165,0
5981,1,1163,1163,0
5982,1,912,912,0
16954,1,1201,1201,0
16955,1,907,907,0
16956,1,992,992,0
9196,1,981,981,0
9197,1,866,866,0
9198,1,1412,1412,0
10537,1,971,971,0
10538,1,1093,1093,0
9444,1,1094,1094,0
9898,1,1006,1006,0
9899,1,1111,1111,0
9900,1,961,961,0
9973,1,907,907,0
9486,1,876,876,0
10177,1,1012,1012,0
10178,1,1030,1030,0
10179,1,911,911,0
10420,1,1044,1044,0
9615,1,985,985,0
9742,1,880,880,0
9743,1,955,955,0
9744,1,840,840,0
9979,1,1014,1014,0
9980,1,953,953,0
9974,1,1186,1186,0
9975,1,1185,1185,0
10165,1,1361,1361,0
10166,1,947,947,0
10167,1,1051,1051,0
10421,1,1284,1284,0
10422,1,877,877,0
12085,1,1063,1063,0
12086,1,1036,1036,0
12087,1,885,885,0
11082,1,854,854,0
11119,1,1239,1239,0
11120,1,875,875,0
11121,1,1058,1058,0
11360,1,900,900,0
11287,1,1373,1373,0
11288,1,1123,1123,0
11289,1,866,866,0
11458,1,922,922,0
11459,1,1041,1041,0
11359,1,941,941,0
11361,1,1052,1052,0
12676,1,1000,1000,0
12677,1,1072,1072,0
12678,1,1017,1017,0
11460,1,1130,1130,0
11539,1,1113,1113,0
11540,1,1098,1098,0
11541,1,900,900,0
18019,1,867,867,0
30099,1,1024,1024,0
30154,1,1199,1199,0
30155,1,981,981,0
30156,1,1054,1054,0
30592,1,895,895,0
30132,1,1094,1094,0
30172,1,1231,1231,0
30173,1,862,862,0
30174,1,991,991,0
30181,1,1017,1017,0
30151,1,897,897,0
30152,1,965,965,0
30153,1,926,926,0
31072,1,875,875,0
31073,1,854,854,0
31074,1,984,984,0
30358,1,1102,1102,0
30359,1,1046,1046,0
30360,1,1066,1066,0
30376,1,1222,1222,0
30377,1,1094,1094,0
30378,1,1013,1013,0
30457,1,1112,1112,0
30458,1,1100,1100,0
30459,1,1029,1029,0
30472,1,1033,1033,0
30593,1,965,965,0
30594,1,841,841,0
30598,1,976,976,0
30599,1,995,995,0
30600,1,878,878,0
30608,1,979,979,0
30607,1,1047,1047,0
30609,1,930,930,0
30658,1,857,857,0
30659,1,1063,1063,0
30660,1,898,898,0
30667,1,1002,1002,0
30637,1,1128,1128,0
30638,1,961,961,0
30639,1,1135,1135,0
30643,1,1059,1059,0
30644,1,945,945,0
30668,1,914,914,0
30669,1,840,840,0
30697,1,970,970,0
30698,1,942,942,0
30699,1,934,934,0
30793,1,942,942,0
30689,1,1082,1082,0
30690,1,976,976,0
30694,1,1086,1086,0
30695,1,950,950,0
30696,1,1005,1005,0
30703,1,1008,1008,0
30704,1,1038,1038,0
30705,1,1264,1264,0
30976,1,1022,1022,0
30977,1,1068,1068,0
30978,1,994,994,0
31285,1,1077,1077,0
31286,1,992,992,0
31287,1,1055,1055,0
31453,1,1105,1105,0
31182,1,883,883,0
35341,1,898,898,0
35342,1,871,871,0
35343,1,881,881,0
36421,1,891,891,0
36422,1,857,857,0
31843,1,978,978,0
31844,1,877,877,0
31845,1,998,998,0
31894,1,1029,1029,0
31895,1,914,914,0
31896,1,914,914,0
32076,1,962,962,0
32470,1,1096,1096,0
32471,1,871,871,0
32472,1,982,982,0
32716,1,907,907,0
32717,1,961,961,0
32718,1,914,914,0
32743,1,874,874,0
32744,1,940,940,0
32745,1,1092,1092,0
32797,1,920,920,0
33271,1,1081,1081,0
33328,1,865,865,0
33329,1,1007,1007,0
33330,1,1128,1128,0
33336,1,886,886,0
33334,1,1183,1183,0
33335,1,1129,1129,0
33466,1,966,966,0
33467,1,1113,1113,0
33468,1,1012,1012,0
34306,1,920,920,0
34307,1,1041,1041,0
34308,1,953,953,0
34312,1,1134,1134,0
34313,1,995,995,0
34314,1,1132,1132,0
34363,1,972,972,0
34364,1,1050,1050,0
34365,1,987,987,0
34417,1,913,913,0
35254,1,911,911,0
35255,1,949,949,0
35256,1,1016,1016,0
36487,1,894,894,0
36488,1,971,971,0
36489,1,975,975,0
35482,1,862,862,0
35483,1,1033,1033,0
35484,1,942,942,0
35596,1,973,973,0
35597,1,903,903,0
35598,1,980,980,0
35663,1,885,885,0
35923,1,1098,1098,0
35924,1,1052,1052,0
35925,1,986,986,0
36538,1,1304,1304,0
35872,1,892,892,0
35873,1,1001,1001,0
35874,1,1163,1163,0
38065,1,1095,1095,0
38066,1,1019,1019,0
42308,1,979,979,0
42309,1,1045,1045,0
42451,1,981,981,0
42452,1,852,852,0
42453,1,882,882,0
42912,1,1004,1004,0
50820,1,1134,1134,0
50830,1,911,911,0
50831,1,1126,1126,0
50832,1,816,816,0
50893,1,1026,1026,0
52111,1,1011,1011,0
52112,1,892,892,0
52113,1,1067,1067,0
52978,1,1117,1117,0
52979,1,930,930,0
52777,1,1317,1317,0
52778,1,1241,1241,0
52779,1,1244,1244,0
52792,1,1041,1041,0
52793,1,1121,1121,0
52794,1,969,969,0
8143,1,924,924,0
8145,1,1026,1026,0
8158,1,858,858,0
8159,1,848,848,0
8160,1,883,883,0
8701,1,885,885,0
8191,1,954,954,0
8236,1,1033,1033,0
8237,1,1040,1040,0
8238,1,1232,1232,0
8640,1,932,932,0
8702,1,955,955,0
8703,1,860,860,0
22465,1,964,964,0
22466,1,955,955,0
22467,1,1000,1000,0
23050,1,943,943,0
11620,1,1009,1009,0
11621,1,1206,1206,0
11622,1,930,930,0
19952,1,994,994,0
19953,1,1111,1111,0
12553,1,847,847,0
12554,1,1076,1076,0
12555,1,1045,1045,0
18238,1,1070,1070,0
18240,1,1012,1012,0
13630,1,1341,1341,0
13631,1,917,917,0
18055,1,987,987,0
18056,1,1128,1128,0
18057,1,932,932,0
14542,1,891,891,0
14543,1,983,983,0
14544,1,941,941,0
25312,1,940,940,0
25313,1,974,974,0
25314,1,998,998,0
18064,1,1246,1246,0
18065,1,947,947,0
18066,1,939,939,0
20818,1,1050,1050,0
20819,1,1112,1112,0
18239,1,1057,1057,0
18913,1,1087,1087,0
18914,1,937,937,0
18915,1,1061,1061,0
19258,1,1045,1045,0
18370,1,1370,1370,0
18371,1,904,904,0
18372,1,1113,1113,0
18512,1,1059,1059,0
18513,1,1019,1019,0
18411,1,924,924,0
18994,1,862,862,0
18995,1,970,970,0
18996,1,881,881,0
20209,1,944,944,0
20210,1,930,930,0
18451,1,835,835,0
18452,1,853,853,0
18453,1,959,959,0
19546,1,862,862,0
19547,1,1008,1008,0
19548,1,988,988,0
18542,1,1063,1063,0
18543,1,1030,1030,0
21982,1,905,905,0
21983,1,957,957,0
21984,1,839,839,0
22657,1,970,970,0
18703,1,1034,1034,0
18704,1,1273,1273,0
18705,1,957,957,0
25144,1,1003,1003,0
25145,1,984,984,0
25196,1,1107,1107,0
25197,1,1006,1006,0
26170,1,1066,1066,0
26171,1,848,848,0
26172,1,1074,1074,0
25897,1,1180,1180,0
25898,1,902,902,0
25899,1,955,955,0
26020,1,1137,1137,0
26021,1,1044,1044,0
26022,1,858,858,0
27592,1,1003,1003,0
27593,1,1225,1225,0
27594,1,919,919,0
27776,1,894,894,0
26071,1,1360,1360,0
26072,1,955,955,0
26073,1,1162,1162,0
30025,1,1098,1098,0
30026,1,966,966,0
27065,1,1316,1316,0
27066,1,1025,1025,0
33082,1,1106,1106,0
33083,1,864,864,0
33084,1,994,994,0
27226,1,1054,1054,0
27227,1,944,944,0
27228,1,954,954,0
29764,1,863,863,0
29765,1,851,851,0
29766,1,1084,1084,0
27775,1,936,936,0
27777,1,1052,1052,0
31873,1,869,869,0
31874,1,893,893,0
31875,1,867,867,0
33424,1,895,895,0
28750,1,1090,1090,0
28751,1,1011,1011,0
28752,1,886,886,0
30427,1,978,978,0
30428,1,1016,1016,0
29812,1,976,976,0
29813,1,1115,1115,0
29814,1,989,989,0
30259,1,886,886,0
30260,1,1021,1021,0
30214,1,952,952,0
30215,1,883,883,0
30628,1,873,873,0
30629,1,953,953,0
30630,1,895,895,0
31276,1,950,950,0
30261,1,1034,1034,0
30622,1,816,816,0
30623,1,883,883,0
30624,1,883,883,0
30880,1,1054,1054,0
30881,1,951,951,0
30429,1,1191,1191,0
30451,1,889,889,0
30452,1,1043,1043,0
30453,1,921,921,0
30586,1,924,924,0
30587,1,1092,1092,0
30588,1,1355,1355,0
30820,1,1078,1078,0
30821,1,965,965,0
30822,1,890,890,0
30653,1,968,968,0
30654,1,1029,1029,0
30673,1,1016,1016,0
30674,1,1033,1033,0
30675,1,967,967,0
36213,1,1172,1172,0
37189,1,1026,1026,0
37190,1,1353,1353,0
37191,1,1067,1067,0
38914,1,1019,1019,0
36495,1,975,975,0
42001,1,895,895,0
42002,1,926,926,0
42003,1,1319,1319,0
42076,1,953,953,0
42026,1,1030,1030,0
42027,1,1056,1056,0
42127,1,961,961,0
42128,1,1012,1012,0
42129,1,973,973,0
42151,1,1174,1174,0
42152,1,1064,1064,0
42153,1,966,966,0
42166,1,1166,1166,0
42168,1,998,998,0
42159,1,1169,1169,0
43228,1,1042,1042,0
43229,1,943,943,0
43230,1,1012,1012,0
44248,1,919,919,0
42167,1,900,900,0
42385,1,1155,1155,0
42386,1,1350,1350,0
42387,1,1005,1005,0
42433,1,985,985,0
42232,1,927,927,0
42233,1,1023,1023,0
42234,1,874,874,0
48289,1,940,940,0
48290,1,853,853,0
48291,1,950,950,0
42271,1,847,847,0
42272,1,994,994,0
42273,1,951,951,0
42274,1,966,966,0
42275,1,1121,1121,0
42276,1,863,863,0
42434,1,1125,1125,0
42435,1,1035,1035,0
42682,1,1046,1046,0
42683,1,1048,1048,0
42684,1,1065,1065,0
43007,1,1012,1012,0
43081,1,1185,1185,0
43082,1,1074,1074,0
43083,1,1025,1025,0
43224,1,1082,1082,0
43111,1,913,913,0
43180,1,1049,1049,0
43181,1,1142,1142,0
43182,1,1025,1025,0
43192,1,1048,1048,0
43130,1,1344,1344,0
43131,1,1174,1174,0
43360,1,1111,1111,0
43361,1,1000,1000,0
43362,1,1182,1182,0
43222,1,1030,1030,0
43223,1,911,911,0
43252,1,979,979,0
43253,1,1294,1294,0
43254,1,962,962,0
43258,1,1076,1076,0
43259,1,1136,1136,0
43260,1,1064,1064,0
43315,1,1011,1011,0
43316,1,879,879,0
43317,1,980,980,0
43444,1,1117,1117,0
43445,1,1040,1040,0
43446,1,883,883,0
43474,1,1001,1001,0
43475,1,1350,1350,0
43476,1,1187,1187,0
43681,1,1086,1086,0
43682,1,1009,1009,0
43683,1,884,884,0
43552,1,993,993,0
43553,1,907,907,0
43554,1,1016,1016,0
43573,1,925,925,0
43574,1,944,944,0
43575,1,941,941,0
43645,1,1014,1014,0
43646,1,932,932,0
43647,1,861,861,0
43852,1,883,883,0
43853,1,949,949,0
43854,1,970,970,0
43684,1,1040,1040,0
43685,1,865,865,0
43686,1,1392,1392,0
44209,1,1230,1230,0
44210,1,1047,1047,0
43738,1,1246,1246,0
43739,1,958,958,0
43740,1,868,868,0
43909,1,1071,1071,0
43910,1,1058,1058,0
43911,1,1077,1077,0
44065,1,958,958,0
44066,1,1079,1079,0
44067,1,930,930,0
44323,1,1159,1159,0
44180,1,1036,1036,0
44181,1,969,969,0
44224,1,944,944,0
44225,1,1072,1072,0
44226,1,852,852,0
44249,1,1152,1152,0
44250,1,1050,1050,0
50491,1,1009,1009,0
50492,1,1058,1058,0
50493,1,989,989,0
44324,1,1149,1149,0
44325,1,974,974,0
44539,1,968,968,0
44540,1,1039,1039,0
44541,1,1059,1059,0
44732,1,997,997,0
44733,1,1057,1057,0
44740,1,1115,1115,0
44741,1,964,964,0
44742,1,956,956,0
44812,1,1025,1025,0
44813,1,962,962,0
44814,1,861,861,0
44896,1,1013,1013,0
44897,1,870,870,0
44898,1,864,864,0
45370,1,1113,1113,0
45371,1,958,958,0
45372,1,959,959,0
45451,1,997,997,0
45452,1,830,830,0
45453,1,941,941,0
45484,1,878,878,0
45485,1,970,970,0
45486,1,1026,1026,0
46369,1,1074,1074,0
8638,1,893,893,0
8639,1,1098,1098,0
8791,1,973,973,0
8792,1,930,930,0
8793,1,919,919,0
39229,1,890,890,0
19981,1,1326,1326,0
19982,1,854,854,0
19983,1,1080,1080,0
20158,1,1083,1083,0
20160,1,998,998,0
20799,1,1026,1026,0
20917,1,976,976,0
20918,1,865,865,0
20919,1,925,925,0
20995,1,921,921,0
20996,1,1019,1019,0
25282,1,1001,1001,0
25283,1,1126,1126,0
25284,1,1100,1100,0
30130,1,1133,1133,0
30131,1,1002,1002,0
30023,1,1056,1056,0
30541,1,851,851,0
30542,1,855,855,0
30543,1,922,922,0
35611,1,1021,1021,0
35612,1,1016,1016,0
30182,1,985,985,0
30183,1,1024,1024,0
30295,1,1112,1112,0
30296,1,1251,1251,0
30297,1,909,909,0
38915,1,895,895,0
38916,1,986,986,0
44890,1,1171,1171,0
44891,1,997,997,0
44892,1,1206,1206,0
46370,1,952,952,0
46371,1,951,951,0
46420,1,1046,1046,0
46421,1,1080,1080,0
46422,1,1002,1002,0
46597,1,1047,1047,0
46598,1,886,886,0
46599,1,912,912,0
46669,1,975,975,0
46670,1,891,891,0
46671,1,1075,1075,0
46876,1,926,926,0
46877,1,895,895,0
46878,1,868,868,0
47131,1,957,957,0
47132,1,993,993,0
47133,1,912,912,0
47797,1,982,982,0
47798,1,836,836,0
47799,1,1088,1088,0
48587,1,1025,1025,0
48588,1,899,899,0
50374,1,854,854,0
50375,1,1058,1058,0
50376,1,919,919,0
50815,1,979,979,0
50816,1,1004,1004,0
50817,1,1201,1201,0
50818,1,1022,1022,0
50819,1,910,910,0
50894,1,1028,1028,0
50895,1,990,990,0
50956,1,908,908,0
50957,1,860,860,0
50958,1,1146,1146,0
51181,1,1304,1304,0
51182,1,960,960,0
51183,1,996,996,0
51400,1,1102,1102,0
51401,1,881,881,0
6595,1,1052,1052,0
6596,1,971,971,0
6597,1,1112,1112,0
7012,1,1054,1054,0
7013,1,1119,1119,0
7014,1,874,874,0
8290,1,838,838,0
8291,1,993,993,0
8292,1,1015,1015,0
23692,1,1258,1258,0
7795,1,955,955,0
7796,1,946,946,0
7797,1,1007,1007,0
8056,1,1230,1230,0
8057,1,918,918,0
8058,1,986,986,0
8809,1,1005,1005,0
8810,1,984,984,0
8811,1,943,943,0
13897,1,981,981,0
8367,1,1031,1031,0
8497,1,1031,1031,0
8498,1,911,911,0
8499,1,913,913,0
8866,1,887,887,0
8874,1,1089,1089,0
16606,1,969,969,0
16607,1,916,916,0
16608,1,992,992,0
18421,1,988,988,0
13898,1,851,851,0
13899,1,1352,1352,0
14242,1,887,887,0
14243,1,1069,1069,0
14244,1,934,934,0
18422,1,860,860,0
18423,1,1101,1101,0
21325,1,908,908,0
21326,1,893,893,0
21327,1,1052,1052,0
18769,1,936,936,0
18770,1,951,951,0
18771,1,1270,1270,0
21550,1,1016,1016,0
21552,1,992,992,0
21551,1,1025,1025,0
21649,1,965,965,0
21650,1,1030,1030,0
21651,1,1058,1058,0
21824,1,964,964,0
21823,1,1015,1015,0
21825,1,1068,1068,0
21976,1,968,968,0
21977,1,860,860,0
21978,1,1119,1119,0
22135,1,1125,1125,0
22396,1,1139,1139,0
22397,1,1040,1040,0
22398,1,975,975,0
22468,1,904,904,0
22381,1,894,894,0
22382,1,1000,1000,0
22383,1,858,858,0
23110,1,910,910,0
23112,1,1343,1343,0
23111,1,1007,1007,0
30613,1,1111,1111,0
30614,1,1037,1037,0
30615,1,1207,1207,0
35965,1,1079,1079,0
31277,1,1066,1066,0
31278,1,947,947,0
32440,1,1034,1034,0
32441,1,954,954,0
32442,1,1245,1245,0
35966,1,1123,1123,0
35967,1,1290,1290,0
44503,1,957,957,0
44504,1,1212,1212,0
44505,1,1005,1005,0
39289,1,1033,1033,0
39290,1,939,939,0
39291,1,1059,1059,0
39667,1,1093,1093,0
39668,1,975,975,0
39475,1,975,975,0
39476,1,859,859,0
39477,1,1188,1188,0
39656,1,1078,1078,0
39657,1,1142,1142,0
39669,1,971,971,0
39682,1,870,870,0
39683,1,1109,1109,0
39684,1,840,840,0
39748,1,1033,1033,0
39749,1,914,914,0
39750,1,1217,1217,0
39868,1,997,997,0
39869,1,1050,1050,0
39870,1,1036,1036,0
39838,1,878,878,0
39839,1,948,948,0
40024,1,985,985,0
40025,1,1008,1008,0
40026,1,1050,1050,0
40354,1,908,908,0
40355,1,935,935,0
40356,1,888,888,0
41644,1,979,979,0
41645,1,872,872,0
41646,1,833,833,0
41743,1,935,935,0
41745,1,989,989,0
41806,1,967,967,0
41807,1,947,947,0
41808,1,1150,1150,0
41827,1,1046,1046,0
41828,1,1056,1056,0
41829,1,999,999,0
41962,1,888,888,0
41963,1,1060,1060,0
41964,1,1031,1031,0
43927,1,1001,1001,0
43928,1,901,901,0
43929,1,1227,1227,0
45010,1,978,978,0
41998,1,1055,1055,0
41999,1,960,960,0
42000,1,916,916,0
45889,1,1364,1364,0
45890,1,1058,1058,0
44506,1,1007,1007,0
44507,1,1042,1042,0
44508,1,1004,1004,0
44725,1,828,828,0
44726,1,1039,1039,0
44727,1,1023,1023,0
44959,1,1119,1119,0
44960,1,992,992,0
44961,1,906,906,0
45091,1,936,936,0
45092,1,1299,1299,0
45093,1,986,986,0
45253,1,861,861,0
45254,1,1083,1083,0
45255,1,998,998,0
45529,1,887,887,0
45530,1,934,934,0
45531,1,915,915,0
45619,1,1114,1114,0
45620,1,1109,1109,0
45621,1,1125,1125,0
49369,1,871,871,0
49370,1,1080,1080,0
49371,1,1039,1039,0
49507,1,830,830,0
45891,1,984,984,0
45931,1,1076,1076,0
45932,1,1100,1100,0
45933,1,964,964,0
46378,1,1031,1031,0
46354,1,1040,1040,0
46355,1,1222,1222,0
46356,1,1079,1079,0
47240,1,1023,1023,0
47241,1,1081,1081,0
46379,1,1255,1255,0
46380,1,1028,1028,0
46549,1,1121,1121,0
46550,1,1084,1084,0
46551,1,1023,1023,0
46684,1,902,902,0
46685,1,993,993,0
46686,1,988,988,0
46957,1,948,948,0
46958,1,1013,1013,0
46959,1,1149,1149,0
46978,1,898,898,0
46979,1,1002,1002,0
46980,1,999,999,0
47107,1,1022,1022,0
47108,1,1217,1217,0
47109,1,819,819,0
47329,1,1123,1123,0
47330,1,952,952,0
47331,1,904,904,0
47239,1,976,976,0
47740,1,892,892,0
47741,1,1032,1032,0
47742,1,947,947,0
47856,1,890,890,0
47258,1,1198,1198,0
47259,1,1341,1341,0
47569,1,1023,1023,0
47570,1,1390,1390,0
47497,1,962,962,0
47498,1,1008,1008,0
47499,1,922,922,0
47641,1,913,913,0
47642,1,978,978,0
47643,1,876,876,0
47671,1,1112,1112,0
47672,1,959,959,0
47673,1,985,985,0
54040,1,955,955,0
54041,1,875,875,0
47997,1,982,982,0
54025,1,991,991,0
54026,1,973,973,0
54027,1,994,994,0
54056,1,1003,1003,0
49508,1,1167,1167,0
49509,1,993,993,0
50572,1,1032,1032,0
50573,1,965,965,0
50574,1,891,891,0
50614,1,977,977,0
50615,1,1042,1042,0
50616,1,985,985,0
54042,1,962,962,0
54139,1,1098,1098,0
54140,1,981,981,0
54141,1,1063,1063,0
54220,1,1045,1045,0
6307,1,968,968,0
6308,1,1220,1220,0
6309,1,914,914,0
8365,1,1014,1014,0
8366,1,1135,1135,0
8650,1,977,977,0
8651,1,953,953,0
8652,1,1390,1390,0
8872,1,961,961,0
8873,1,844,844,0
8867,1,1356,1356,0
8868,1,883,883,0
14365,1,1063,1063,0
14366,1,1093,1093,0
14367,1,887,887,0
8929,1,1018,1018,0
8930,1,978,978,0
8931,1,1003,1003,0
19645,1,1098,1098,0
19646,1,932,932,0
15055,1,1097,1097,0
15056,1,940,940,0
15057,1,957,957,0
22189,1,972,972,0
22190,1,908,908,0
22191,1,826,826,0
21790,1,897,897,0
21791,1,1175,1175,0
21792,1,832,832,0
22136,1,996,996,0
22137,1,1067,1067,0
22469,1,1060,1060,0
22470,1,991,991,0
39334,1,905,905,0
39335,1,1100,1100,0
39336,1,1019,1019,0
22543,1,1077,1077,0
22544,1,1074,1074,0
22545,1,899,899,0
22768,1,1192,1192,0
22769,1,895,895,0
22770,1,950,950,0
23890,1,859,859,0
23891,1,1077,1077,0
23892,1,893,893,0
31153,1,923,923,0
23693,1,903,903,0
23694,1,856,856,0
23848,1,1110,1110,0
23849,1,860,860,0
23850,1,976,976,0
31154,1,1078,1078,0
31155,1,922,922,0
31885,1,880,880,0
31886,1,989,989,0
31887,1,1011,1011,0
32878,1,984,984,0
32879,1,1115,1115,0
32880,1,1102,1102,0
40420,1,1112,1112,0
40421,1,867,867,0
39655,1,1039,1039,0
39796,1,1018,1018,0
39797,1,1184,1184,0
39798,1,1010,1010,0
39840,1,1272,1272,0
40111,1,975,975,0
40112,1,1030,1030,0
40113,1,1044,1044,0
40651,1,1008,1008,0
40652,1,1012,1012,0
40422,1,888,888,0
40561,1,969,969,0
40562,1,1044,1044,0
40563,1,993,993,0
40896,1,875,875,0
40653,1,1024,1024,0
40837,1,1003,1003,0
40838,1,837,837,0
40839,1,989,989,0
40987,1,1332,1332,0
40894,1,1384,1384,0
40895,1,1011,1011,0
41539,1,982,982,0
41540,1,1048,1048,0
41541,1,876,876,0
40988,1,868,868,0
40989,1,900,900,0
41005,1,921,921,0
41006,1,999,999,0
41007,1,828,828,0
41168,1,922,922,0
41167,1,910,910,0
41169,1,847,847,0
41728,1,1019,1019,0
41729,1,973,973,0
41730,1,979,979,0
41744,1,1056,1056,0
41554,1,1060,1060,0
41555,1,1045,1045,0
41556,1,1078,1078,0
41656,1,1093,1093,0
41657,1,1058,1058,0
41658,1,845,845,0
44458,1,1016,1016,0
44459,1,1082,1082,0
44460,1,1145,1145,0
45466,1,1007,1007,0
45011,1,1220,1220,0
45012,1,937,937,0
45925,1,1040,1040,0
45926,1,1114,1114,0
45927,1,1046,1046,0
45467,1,999,999,0
45468,1,894,894,0
45514,1,1028,1028,0
45515,1,1114,1114,0
45516,1,918,918,0
45575,1,954,954,0
45664,1,984,984,0
45665,1,1150,1150,0
45666,1,972,972,0
45730,1,974,974,0
45604,1,1062,1062,0
45605,1,898,898,0
45606,1,872,872,0
45613,1,821,821,0
45614,1,883,883,0
45615,1,960,960,0
45637,1,1016,1016,0
45638,1,966,966,0
45639,1,1152,1152,0
45652,1,1102,1102,0
45653,1,905,905,0
45654,1,1089,1089,0
45688,1,1011,1011,0
45689,1,999,999,0
45690,1,850,850,0
45754,1,1203,1203,0
45731,1,1128,1128,0
45732,1,1293,1293,0
45781,1,979,979,0
45782,1,1047,1047,0
45783,1,1002,1002,0
45755,1,972,972,0
45756,1,911,911,0
45802,1,898,898,0
45803,1,1024,1024,0
45804,1,1023,1023,0
45808,1,1250,1250,0
45809,1,890,890,0
45810,1,871,871,0
45835,1,1069,1069,0
45836,1,1045,1045,0
45837,1,944,944,0
45955,1,975,975,0
45956,1,935,935,0
45957,1,960,960,0
46072,1,1084,1084,0
45871,1,884,884,0
45872,1,1060,1060,0
45873,1,1091,1091,0
46126,1,1300,1300,0
46128,1,933,933,0
46073,1,909,909,0
46074,1,1050,1050,0
46168,1,933,933,0
46169,1,1288,1288,0
46170,1,866,866,0
46153,1,908,908,0
46154,1,1332,1332,0
46155,1,1013,1013,0
46363,1,1026,1026,0
46364,1,896,896,0
46201,1,981,981,0
46202,1,915,915,0
46203,1,929,929,0
46324,1,899,899,0
46325,1,1046,1046,0
46326,1,856,856,0
46365,1,967,967,0
46507,1,1120,1120,0
46508,1,1106,1106,0
46509,1,1019,1019,0
47533,1,1242,1242,0
46483,1,1111,1111,0
46484,1,999,999,0
46485,1,1008,1008,0
46813,1,1028,1028,0
46814,1,863,863,0
46815,1,857,857,0
47104,1,1037,1037,0
47105,1,1000,1000,0
47106,1,1130,1130,0
47257,1,1333,1333,0
47534,1,1070,1070,0
47535,1,998,998,0
50992,1,861,861,0
50993,1,998,998,0
50994,1,875,875,0
47571,1,1327,1327,0
54010,1,1092,1092,0
54011,1,1047,1047,0
54012,1,950,950,0
54120,1,1031,1031,0
47854,1,935,935,0
47855,1,1006,1006,0
47905,1,1021,1021,0
47906,1,891,891,0
47907,1,992,992,0
47911,1,998,998,0
47912,1,1104,1104,0
47913,1,976,976,0
47995,1,933,933,0
47996,1,1004,1004,0
48103,1,1170,1170,0
55105,1,1031,1031,0
55106,1,1010,1010,0
55107,1,863,863,0
49949,1,986,986,0
49950,1,1026,1026,0
50908,1,1013,1013,0
50909,1,991,991,0
50910,1,889,889,0
54055,1,861,861,0
54057,1,979,979,0
54094,1,1022,1022,0
54095,1,864,864,0
54096,1,987,987,0
54106,1,933,933,0
54091,1,1142,1142,0
54092,1,1041,1041,0
54093,1,989,989,0
54152,1,1203,1203,0
54153,1,870,870,0
54107,1,904,904,0
54108,1,930,930,0
54181,1,1024,1024,0
54182,1,1010,1010,0
54183,1,902,902,0
54217,1,982,982,0
54118,1,1047,1047,0
54119,1,1189,1189,0
54274,1,1016,1016,0
54275,1,996,996,0
54276,1,1038,1038,0
54151,1,850,850,0
54520,1,1068,1068,0
54521,1,1110,1110,0
54522,1,1143,1143,0
54715,1,988,988,0
54218,1,1062,1062,0
54219,1,850,850,0
54229,1,939,939,0
54230,1,1124,1124,0
54231,1,1073,1073,0
54221,1,1019,1019,0
54222,1,922,922,0
54259,1,978,978,0
54260,1,887,887,0
54261,1,997,997,0
54232,1,1004,1004,0
54233,1,938,938,0
54234,1,1138,1138,0
54235,1,880,880,0
54236,1,856,856,0
54237,1,993,993,0
54280,1,995,995,0
54281,1,994,994,0
54282,1,1161,1161,0
54304,1,951,951,0
54277,1,970,970,0
54278,1,987,987,0
54279,1,915,915,0
55201,1,1081,1081,0
55202,1,919,919,0
54295,1,862,862,0
54297,1,1237,1237,0
54305,1,1238,1238,0
54306,1,980,980,0
54319,1,879,879,0
54320,1,932,932,0
54321,1,1003,1003,0
54307,1,1007,1007,0
54308,1,1090,1090,0
54309,1,988,988,0
54346,1,984,984,0
54347,1,1057,1057,0
54322,1,1071,1071,0
54323,1,920,920,0
54324,1,842,842,0
54355,1,967,967,0
54356,1,1038,1038,0
54348,1,885,885,0
54370,1,1051,1051,0
54371,1,1138,1138,0
54372,1,1129,1129,0
54373,1,1025,1025,0
