2483,1,1009,1009,0
2484,1,1010,1010,0
2513,1,953,953,0
2514,1,968,968,0
2541,1,1041,1041,0
2863,1,1025,1025,0
2864,1,1007,1007,0
2877,1,1016,1016,0
2878,1,998,998,0
2891,1,924,924,0
2892,1,1018,1018,0
2909,1,1009,1009,0
2910,1,938,938,0
2935,1,1001,1001,0
2936,1,978,978,0
6300,1,1109,1109,0
7950,1,1075,1075,0
7957,1,894,894,0
7958,1,959,959,0
7979,1,948,948,0
7980,1,960,960,0
9406,1,975,975,0
9821,1,1001,1001,0
9822,1,998,998,0
9906,1,1067,1067,0
11117,1,1083,1083,0
11118,1,1054,1054,0
9999,1,1141,1141,0
10262,1,1078,1078,0
10663,1,1026,1026,0
12683,1,1096,1096,0
12684,1,1044,1044,0
10846,1,1075,1075,0
11138,1,917,917,0
11334,1,1072,1072,0
12853,1,971,971,0
12854,1,1026,1026,0
11858,1,995,995,0
11879,1,1035,1035,0
11880,1,1038,1038,0
3804,1,997,997,0
3909,1,996,996,0
3910,1,1016,1016,0
3941,1,969,969,0
3942,1,1017,1017,0
4254,1,1043,1043,0
4273,1,1022,1022,0
4274,1,1000,1000,0
4283,1,988,988,0
4284,1,998,998,0
4366,1,1091,1091,0
4387,1,1091,1091,0
4388,1,980,980,0
4417,1,946,946,0
4418,1,988,988,0
4635,1,1039,1039,0
4636,1,987,987,0
4661,1,1017,1017,0
4662,1,938,938,0
4721,1,989,989,0
5709,1,1034,1034,0
5710,1,959,959,0
5723,1,1073,1073,0
5724,1,997,997,0
5761,1,1025,1025,0
7007,1,1010,1010,0
7008,1,989,989,0
7017,1,1020,1020,0
7018,1,979,979,0
7041,1,1022,1022,0
7445,1,971,971,0
7446,1,1024,1024,0
7457,1,961,961,0
7458,1,1072,1072,0
7477,1,949,949,0
7558,1,951,951,0
7569,1,961,961,0
7570,1,1068,1068,0
7591,1,1014,1014,0
7592,1,1025,1025,0
7782,1,1085,1085,0
7805,1,970,970,0
7806,1,977,977,0
7815,1,1003,1003,0
7816,1,1012,1012,0
8043,1,1025,1025,0
8044,1,998,998,0
8085,1,1002,1002,0
8086,1,1000,1000,0
8096,1,1012,1012,0
8095,1,961,961,0
8129,1,1017,1017,0
8130,1,1069,1069,0
8135,1,942,942,0
8136,1,982,982,0
8147,1,936,936,0
8148,1,988,988,0
8157,1,992,992,0
8158,1,1094,1094,0
8213,1,1031,1031,0
8214,1,1028,1028,0
8241,1,1017,1017,0
8242,1,968,968,0
8253,1,998,998,0
8254,1,987,987,0
12487,1,1104,1104,0
12488,1,1061,1061,0
12931,1,1037,1037,0
12932,1,1106,1106,0
79,1,1029,1029,0
109,1,989,989,0
110,1,987,987,0
253,1,952,952,0
254,1,1079,1079,0
295,1,1016,1016,0
296,1,1006,1006,0
311,1,964,964,0
312,1,983,983,0
405,1,1065,1065,0
2188,1,1053,1053,0
2267,1,984,984,0
2268,1,1013,1013,0
2359,1,1051,1051,0
2360,1,976,976,0
2497,1,1074,1074,0
2498,1,1005,1005,0
5009,1,975,975,0
5010,1,986,986,0
11725,1,995,995,0
2583,1,1080,1080,0
2605,1,1002,1002,0
2606,1,992,992,0
2617,1,989,989,0
2618,1,987,987,0
5237,1,992,992,0
5238,1,1021,1021,0
5543,1,939,939,0
5544,1,1013,1013,0
5573,1,1095,1095,0
5994,1,1075,1075,0
6739,1,971,971,0
6740,1,987,987,0
6765,1,977,977,0
6766,1,1020,1020,0
8530,1,1057,1057,0
8667,1,1018,1018,0
8668,1,1028,1028,0
8689,1,1018,1018,0
8690,1,945,945,0
565,1,987,987,0
566,1,981,981,0
619,1,1023,1023,0
620,1,979,979,0
721,1,988,988,0
2727,1,984,984,0
2728,1,1006,1006,0
2743,1,1122,1122,0
2744,1,1002,1002,0
2763,1,1051,1051,0
6756,1,992,992,0
6781,1,1056,1056,0
6782,1,993,993,0
6809,1,1002,1002,0
6810,1,1086,1086,0
7641,1,984,984,0
7642,1,933,933,0
8009,1,1039,1039,0
8010,1,929,929,0
8016,1,1039,1039,0
8159,1,938,938,0
8160,1,1058,1058,0
8177,1,944,944,0
8178,1,1011,1011,0
8184,1,945,945,0
9801,1,952,952,0
9802,1,980,980,0
9809,1,1044,1044,0
9810,1,998,998,0
9827,1,1050,1050,0
10437,1,1073,1073,0
10438,1,1016,1016,0
10581,1,1011,1011,0
10582,1,969,969,0
11137,1,1007,1007,0
10631,1,1000,1000,0
11899,1,993,993,0
11900,1,952,952,0
11913,1,1039,1039,0
11914,1,1025,1025,0
11729,1,985,985,0
11730,1,999,999,0
11731,1,1026,1026,0
11732,1,1004,1004,0
11757,1,983,983,0
123,1,985,985,0
124,1,1061,1061,0
2071,1,952,952,0
2072,1,1063,1063,0
2187,1,993,993,0
1995,1,1033,1033,0
1996,1,1014,1014,0
2977,1,963,963,0
2978,1,1039,1039,0
10632,1,971,971,0
2542,1,1025,1025,0
2549,1,982,982,0
2550,1,1119,1119,0
2561,1,1085,1085,0
2562,1,1029,1029,0
2612,1,1007,1007,0
2621,1,1018,1018,0
2622,1,1011,1011,0
2629,1,1065,1065,0
2630,1,1002,1002,0
2631,1,1074,1074,0
2632,1,1060,1060,0
2643,1,959,959,0
2644,1,984,984,0
2661,1,1056,1056,0
2764,1,994,994,0
2797,1,974,974,0
2798,1,1027,1027,0
2813,1,979,979,0
2814,1,1006,1006,0
2941,1,990,990,0
2942,1,1125,1125,0
2953,1,1056,1056,0
2954,1,951,951,0
2971,1,992,992,0
3438,1,1052,1052,0
3829,1,989,989,0
3830,1,1005,1005,0
3843,1,1059,1059,0
3844,1,1086,1086,0
7185,1,984,984,0
7186,1,1093,1093,0
7273,1,1027,1027,0
7274,1,1016,1016,0
7296,1,1124,1124,0
7753,1,1057,1057,0
7754,1,969,969,0
7775,1,963,963,0
7776,1,1073,1073,0
7781,1,977,977,0
2579,1,1078,1078,0
2580,1,1046,1046,0
2607,1,1099,1099,0
2608,1,997,997,0
2611,1,988,988,0
2662,1,1041,1041,0
2673,1,1112,1112,0
2674,1,1000,1000,0
2677,1,979,979,0
2678,1,988,988,0
2700,1,985,985,0
2713,1,1072,1072,0
2714,1,1026,1026,0
2741,1,973,973,0
2742,1,1150,1150,0
2753,1,1106,1106,0
2754,1,1039,1039,0
2777,1,1034,1034,0
2778,1,1050,1050,0
2779,1,1026,1026,0
2780,1,1006,1006,0
2791,1,991,991,0
2792,1,1087,1087,0
2795,1,1133,1133,0
2796,1,1021,1021,0
2809,1,1006,1006,0
2810,1,1055,1055,0
2817,1,960,960,0
2818,1,1061,1061,0
2821,1,1002,1002,0
2972,1,1015,1015,0
3029,1,967,967,0
3030,1,1083,1083,0
3051,1,1066,1066,0
3052,1,1034,1034,0
3063,1,991,991,0
3064,1,1038,1038,0
3139,1,1144,1144,0
3140,1,1109,1109,0
3161,1,1009,1009,0
3461,1,1016,1016,0
3462,1,1048,1048,0
3689,1,979,979,0
3690,1,1025,1025,0
3803,1,1014,1014,0
4057,1,1098,1098,0
4058,1,1015,1015,0
4079,1,959,959,0
4080,1,1027,1027,0
4141,1,1017,1017,0
2693,1,1027,1027,0
2694,1,995,995,0
2695,1,1025,1025,0
2696,1,1004,1004,0
2699,1,1023,1023,0
2822,1,1052,1052,0
2831,1,1011,1011,0
2832,1,993,993,0
2837,1,1144,1144,0
2838,1,1130,1130,0
3269,1,996,996,0
3270,1,1112,1112,0
3283,1,1088,1088,0
3284,1,1003,1003,0
3304,1,956,956,0
3303,1,1091,1091,0
3323,1,1006,1006,0
3324,1,1010,1010,0
3339,1,997,997,0
3340,1,1046,1046,0
4142,1,1032,1032,0
4191,1,1030,1030,0
4192,1,994,994,0
4199,1,1068,1068,0
4200,1,1031,1031,0
4209,1,1088,1088,0
4210,1,1002,1002,0
4215,1,1034,1034,0
4216,1,1019,1019,0
4253,1,1004,1004,0
4319,1,1104,1104,0
4320,1,992,992,0
4343,1,955,955,0
4344,1,1094,1094,0
4365,1,956,956,0
4461,1,1020,1020,0
4462,1,998,998,0
4497,1,997,997,0
4498,1,1004,1004,0
4512,1,1029,1029,0
4869,1,1030,1030,0
4870,1,1000,1000,0
4907,1,1067,1067,0
4908,1,1063,1063,0
4920,1,1071,1071,0
5762,1,922,922,0
5773,1,1113,1113,0
5774,1,1020,1020,0
5791,1,929,929,0
5792,1,1049,1049,0
5797,1,1024,1024,0
5798,1,1025,1025,0
5803,1,1013,1013,0
5804,1,1007,1007,0
5845,1,1059,1059,0
5846,1,1069,1069,0
5867,1,1078,1078,0
5868,1,1078,1078,0
5869,1,1031,1031,0
5870,1,968,968,0
3162,1,995,995,0
3221,1,1019,1019,0
3222,1,1036,1036,0
3239,1,1018,1018,0
3240,1,1076,1076,0
4722,1,966,966,0
4737,1,1000,1000,0
4738,1,1042,1042,0
4751,1,1090,1090,0
4752,1,1048,1048,0
5574,1,1000,1000,0
5599,1,1017,1017,0
5600,1,989,989,0
5657,1,1084,1084,0
5658,1,1076,1076,0
6839,1,1041,1041,0
6840,1,1112,1112,0
6891,1,1013,1013,0
6892,1,1003,1003,0
6933,1,1108,1108,0
6934,1,978,978,0
6993,1,983,983,0
6994,1,1036,1036,0
6997,1,1076,1076,0
6998,1,998,998,0
7042,1,991,991,0
7091,1,986,986,0
7092,1,1016,1016,0
7163,1,1101,1101,0
7164,1,1092,1092,0
7339,1,1005,1005,0
7340,1,1068,1068,0
7363,1,1086,1086,0
7364,1,1052,1052,0
7387,1,965,965,0
7478,1,1058,1058,0
7485,1,1065,1065,0
7486,1,980,980,0
7503,1,1036,1036,0
7504,1,995,995,0
7601,1,1116,1116,0
7602,1,972,972,0
7621,1,1145,1145,0
7622,1,997,997,0
7681,1,1102,1102,0
4919,1,1014,1014,0
5191,1,1007,1007,0
5192,1,970,970,0
5227,1,1014,1014,0
5228,1,1022,1022,0
5891,1,935,935,0
5892,1,1124,1124,0
6733,1,1041,1041,0
6734,1,988,988,0
6755,1,1088,1088,0
7295,1,1031,1031,0
7309,1,978,978,0
7310,1,1081,1081,0
7319,1,1063,1063,0
7320,1,1027,1027,0
7388,1,1005,1005,0
7421,1,1000,1000,0
7422,1,1042,1042,0
7433,1,1039,1039,0
7434,1,1026,1026,0
7515,1,1007,1007,0
7516,1,1086,1086,0
7535,1,978,978,0
7536,1,1028,1028,0
7557,1,969,969,0
7835,1,975,975,0
7836,1,1033,1033,0
7841,1,964,964,0
7842,1,1062,1062,0
7865,1,1027,1027,0
7866,1,1002,1002,0
7899,1,1045,1045,0
7900,1,1054,1054,0
7921,1,984,984,0
7922,1,1041,1041,0
7925,1,1029,1029,0
7926,1,1008,1008,0
7929,1,1021,1021,0
7930,1,1036,1036,0
7949,1,1010,1010,0
8325,1,1059,1059,0
8326,1,1033,1033,0
8329,1,1083,1083,0
8330,1,1030,1030,0
8361,1,990,990,0
8362,1,957,957,0
8401,1,1057,1057,0
8402,1,946,946,0
8407,1,1089,1089,0
8408,1,992,992,0
8423,1,1028,1028,0
8424,1,1008,1008,0
8769,1,1068,1068,0
8770,1,964,964,0
9405,1,1012,1012,0
23,1,1058,1058,0
24,1,961,961,0
49,1,1053,1053,0
50,1,1060,1060,0
80,1,980,980,0
406,1,1032,1032,0
459,1,1061,1061,0
460,1,976,976,0
519,1,1086,1086,0
520,1,986,986,0
722,1,972,972,0
2049,1,1078,1078,0
2050,1,1009,1009,0
2179,1,1036,1036,0
2180,1,1032,1032,0
2203,1,1011,1011,0
2204,1,1050,1050,0
2253,1,957,957,0
2254,1,1018,1018,0
2281,1,987,987,0
2341,1,1125,1125,0
2342,1,999,999,0
2389,1,1125,1125,0
2390,1,1010,1010,0
2536,1,1119,1119,0
2535,1,1101,1101,0
2539,1,1104,1104,0
2540,1,1040,1040,0
2555,1,1050,1050,0
2556,1,982,982,0
2690,1,986,986,0
2691,1,1039,1039,0
2692,1,1142,1142,0
2705,1,1046,1046,0
2706,1,1021,1021,0
7682,1,1067,1067,0
7701,1,1047,1047,0
7702,1,1096,1096,0
7725,1,1049,1049,0
7726,1,956,956,0
8267,1,1020,1020,0
8268,1,986,986,0
8273,1,988,988,0
8274,1,1066,1066,0
8281,1,1002,1002,0
2282,1,1023,1023,0
2321,1,1043,1043,0
2322,1,1012,1012,0
2327,1,1060,1060,0
2328,1,1002,1002,0
2575,1,976,976,0
2576,1,1030,1030,0
2581,1,1104,1104,0
2582,1,953,953,0
2584,1,1011,1011,0
2620,1,1062,1062,0
2669,1,1055,1055,0
2670,1,1072,1072,0
3893,1,1146,1146,0
3894,1,1053,1053,0
2633,1,1035,1035,0
2634,1,1056,1056,0
2645,1,1064,1064,0
2646,1,1051,1051,0
2689,1,1002,1002,0
2819,1,1003,1003,0
2820,1,1137,1137,0
2851,1,1084,1084,0
2852,1,1096,1096,0
2857,1,1083,1083,0
3879,1,1124,1124,0
3880,1,1018,1018,0
3989,1,1025,1025,0
3990,1,1039,1039,0
3995,1,1137,1137,0
4858,1,1069,1069,0
5491,1,980,980,0
5492,1,1015,1015,0
5511,1,1035,1035,0
5512,1,1031,1031,0
6836,1,1123,1123,0
6909,1,991,991,0
6910,1,1021,1021,0
6923,1,1007,1007,0
6924,1,987,987,0
8282,1,987,987,0
8289,1,1003,1003,0
8290,1,1012,1012,0
8299,1,973,973,0
8300,1,1083,1083,0
8577,1,996,996,0
8578,1,959,959,0
8671,1,1000,1000,0
8672,1,1040,1040,0
10261,1,1066,1066,0
11812,1,1083,1083,0
11883,1,1026,1026,0
11884,1,970,970,0
11893,1,991,991,0
11894,1,1027,1027,0
2858,1,1029,1029,0
2873,1,1036,1036,0
2874,1,1056,1056,0
2961,1,964,964,0
2962,1,1058,1058,0
3996,1,1034,1034,0
4031,1,1105,1105,0
4032,1,1132,1132,0
4121,1,1081,1081,0
4122,1,1019,1019,0
5557,1,961,961,0
5558,1,1062,1062,0
5563,1,1089,1089,0
5564,1,1033,1033,0
5737,1,976,976,0
5738,1,1022,1022,0
5831,1,1034,1034,0
5832,1,966,966,0
5859,1,998,998,0
5860,1,1058,1058,0
5883,1,987,987,0
5884,1,1086,1086,0
5983,1,1024,1024,0
5984,1,1135,1135,0
5993,1,1013,1013,0
7268,1,1058,1058,0
7357,1,1001,1001,0
7358,1,987,987,0
7497,1,1042,1042,0
7498,1,1114,1114,0
8015,1,1062,1062,0
8103,1,999,999,0
8104,1,1086,1086,0
8119,1,994,994,0
8120,1,1006,1006,0
8183,1,1011,1011,0
8191,1,986,986,0
8192,1,1041,1041,0
8223,1,1086,1086,0
8224,1,1014,1014,0
8308,1,1066,1066,0
8323,1,1059,1059,0
8324,1,1081,1081,0
8327,1,1001,1001,0
8328,1,1052,1052,0
8339,1,981,981,0
8340,1,1061,1061,0
8345,1,1100,1100,0
8346,1,1055,1055,0
8347,1,1160,1160,0
8348,1,1024,1024,0
8393,1,1013,1013,0
8394,1,963,963,0
8421,1,1088,1088,0
8422,1,1083,1083,0
8521,1,1096,1096,0
8522,1,1024,1024,0
8559,1,976,976,0
8560,1,1002,1002,0
8731,1,1097,1097,0
93,1,1054,1054,0
94,1,1046,1046,0
231,1,1023,1023,0
232,1,1042,1042,0
248,1,996,996,0
247,1,1031,1031,0
463,1,1078,1078,0
464,1,1104,1104,0
573,1,968,968,0
574,1,1093,1093,0
3003,1,1018,1018,0
3004,1,1050,1050,0
3175,1,1090,1090,0
3176,1,1136,1136,0
3437,1,1026,1026,0
4403,1,1084,1084,0
4404,1,1057,1057,0
4517,1,1014,1014,0
4518,1,995,995,0
4857,1,1116,1116,0
8231,1,1034,1034,0
8232,1,990,990,0
8285,1,1040,1040,0
8286,1,1002,1002,0
8307,1,1066,1066,0
8465,1,1035,1035,0
8466,1,1114,1114,0
8503,1,1041,1041,0
8504,1,1040,1040,0
8529,1,972,972,0
8713,1,1049,1049,0
8714,1,1094,1094,0
8715,1,1047,1047,0
8716,1,1096,1096,0
8721,1,1027,1027,0
8722,1,1131,1131,0
8741,1,1076,1076,0
8742,1,944,944,0
8751,1,1047,1047,0
8752,1,955,955,0
8781,1,1008,1008,0
8782,1,976,976,0
8791,1,1013,1013,0
8792,1,1056,1056,0
8857,1,1006,1006,0
8858,1,1035,1035,0
8947,1,1077,1077,0
8948,1,1044,1044,0
8979,1,1053,1053,0
8980,1,1014,1014,0
9031,1,984,984,0
9032,1,1077,1077,0
9043,1,1009,1009,0
9044,1,1037,1037,0
9057,1,1028,1028,0
9058,1,937,937,0
9103,1,987,987,0
9104,1,1094,1094,0
9129,1,1051,1051,0
9130,1,995,995,0
9147,1,1031,1031,0
9148,1,945,945,0
9171,1,1047,1047,0
9172,1,984,984,0
9184,1,1044,1044,0
1939,1,1144,1144,0
1940,1,1132,1132,0
2021,1,1072,1072,0
2022,1,1113,1113,0
2123,1,1134,1134,0
2124,1,1028,1028,0
2303,1,974,974,0
2304,1,1022,1022,0
2525,1,1021,1021,0
2526,1,1074,1074,0
3999,1,1052,1052,0
4000,1,1018,1018,0
4701,1,1051,1051,0
4702,1,1041,1041,0
5904,1,989,989,0
8380,1,1108,1108,0
8435,1,1087,1087,0
8436,1,1125,1125,0
8493,1,1083,1083,0
8494,1,1026,1026,0
9183,1,1022,1022,0
9195,1,1006,1006,0
9196,1,1032,1032,0
9221,1,1020,1020,0
9222,1,1028,1028,0
9239,1,1053,1053,0
9240,1,996,996,0
9335,1,943,943,0
9336,1,1109,1109,0
9357,1,995,995,0
9300,1,1019,1019,0
9349,1,1037,1037,0
9350,1,988,988,0
9375,1,982,982,0
9376,1,1030,1030,0
9358,1,1052,1052,0
9383,1,1034,1034,0
9384,1,1038,1038,0
9455,1,1048,1048,0
9456,1,1041,1041,0
9473,1,1047,1047,0
9474,1,992,992,0
9509,1,1092,1092,0
9510,1,1151,1151,0
9536,1,999,999,0
9535,1,982,982,0
9571,1,990,990,0
9572,1,986,986,0
9583,1,1092,1092,0
9584,1,1060,1060,0
9617,1,1045,1045,0
9618,1,1003,1003,0
9633,1,1111,1111,0
9634,1,1032,1032,0
9677,1,963,963,0
9678,1,1095,1095,0
9707,1,1026,1026,0
9708,1,1070,1070,0
9759,1,1029,1029,0
9760,1,1080,1080,0
9828,1,984,984,0
9857,1,936,936,0
9858,1,1117,1117,0
9881,1,1059,1059,0
9882,1,1120,1120,0
8151,1,1048,1048,0
8152,1,1049,1049,0
8209,1,984,984,0
8210,1,1043,1043,0
8379,1,1118,1118,0
8732,1,1046,1046,0
8749,1,1101,1101,0
8750,1,1075,1075,0
8775,1,1056,1056,0
8776,1,1123,1123,0
9062,1,943,943,0
9093,1,1084,1084,0
9094,1,1026,1026,0
9107,1,1035,1035,0
9108,1,1051,1051,0
9518,1,981,981,0
9593,1,1033,1033,0
9594,1,1035,1035,0
9605,1,1039,1039,0
9606,1,1091,1091,0
9735,1,1011,1011,0
9736,1,1099,1099,0
9839,1,933,933,0
9840,1,1129,1129,0
9905,1,986,986,0
9891,1,1000,1000,0
9892,1,992,992,0
9895,1,1030,1030,0
9896,1,1045,1045,0
9936,1,973,973,0
9935,1,999,999,0
9969,1,1033,1033,0
9970,1,1097,1097,0
9987,1,1014,1014,0
9988,1,1052,1052,0
9989,1,1052,1052,0
9990,1,1075,1075,0
9997,1,1093,1093,0
9998,1,1154,1154,0
10000,1,990,990,0
323,1,961,961,0
324,1,1032,1032,0
677,1,1084,1084,0
678,1,1002,1002,0
883,1,1058,1058,0
2589,1,988,988,0
2590,1,973,973,0
2601,1,1107,1107,0
2602,1,1109,1109,0
2619,1,1088,1088,0
2915,1,1053,1053,0
2916,1,1036,1036,0
3127,1,1061,1061,0
3128,1,997,997,0
9917,1,992,992,0
3131,1,1034,1034,0
3132,1,1098,1098,0
9363,1,1061,1061,0
9364,1,1090,1090,0
10845,1,1095,1095,0
4563,1,1002,1002,0
4564,1,1117,1117,0
5741,1,1060,1060,0
5742,1,1079,1079,0
6299,1,953,953,0
5219,1,1126,1126,0
5220,1,1135,1135,0
11233,1,1155,1155,0
11234,1,1005,1005,0
11248,1,1054,1054,0
7045,1,995,995,0
7046,1,1064,1064,0
7253,1,1116,1116,0
7254,1,966,966,0
7267,1,1134,1134,0
9011,1,998,998,0
9012,1,1001,1001,0
9531,1,1043,1043,0
9532,1,1012,1012,0
10061,1,1004,1004,0
9684,1,1019,1019,0
9697,1,981,981,0
9698,1,1072,1072,0
9713,1,1050,1050,0
9714,1,1053,1053,0
9918,1,1037,1037,0
11237,1,1051,1051,0
11238,1,1104,1104,0
11687,1,974,974,0
11688,1,1066,1066,0
10062,1,1031,1031,0
10607,1,978,978,0
10608,1,1026,1026,0
11603,1,973,973,0
11604,1,1050,1050,0
11247,1,1021,1021,0
11715,1,1060,1060,0
11716,1,995,995,0
11739,1,1065,1065,0
11740,1,1079,1079,0
11767,1,984,984,0
11768,1,1074,1074,0
11775,1,1040,1040,0
11776,1,996,996,0
11811,1,1051,1051,0
7,1,1086,1086,0
8,1,996,996,0
217,1,965,965,0
218,1,1035,1035,0
1949,1,1012,1012,0
2637,1,1070,1070,0
2638,1,1029,1029,0
12411,1,1045,1045,0
12412,1,991,991,0
12525,1,960,960,0
3929,1,1120,1120,0
3930,1,1076,1076,0
4853,1,1132,1132,0
4854,1,1006,1006,0
10664,1,1075,1075,0
8919,1,1055,1055,0
8920,1,1032,1032,0
9017,1,1012,1012,0
9018,1,1022,1022,0
9061,1,1130,1130,0
9387,1,1071,1071,0
9388,1,1069,1069,0
9489,1,1006,1006,0
9490,1,1024,1024,0
9517,1,1013,1013,0
9651,1,1034,1034,0
9652,1,979,979,0
9661,1,985,985,0
9662,1,1047,1047,0
9683,1,981,981,0
10991,1,1029,1029,0
10992,1,1068,1068,0
11199,1,1011,1011,0
11200,1,1026,1026,0
11333,1,1016,1016,0
11758,1,980,980,0
11779,1,1036,1036,0
11780,1,1031,1031,0
11789,1,1006,1006,0
11790,1,1087,1087,0
11813,1,979,979,0
11814,1,1082,1082,0
11833,1,1012,1012,0
11834,1,1004,1004,0
11857,1,1043,1043,0
11906,1,1113,1113,0
11915,1,1014,1014,0
11916,1,1029,1029,0
11919,1,998,998,0
11920,1,1108,1108,0
12526,1,1119,1119,0
884,1,965,965,0
1199,1,1009,1009,0
1200,1,1031,1031,0
1649,1,1014,1014,0
1650,1,1027,1027,0
1950,1,1082,1082,0
2687,1,1017,1017,0
2688,1,1099,1099,0
2767,1,1018,1018,0
2768,1,1039,1039,0
4511,1,1082,1082,0
4559,1,977,977,0
4560,1,968,968,0
4567,1,1070,1070,0
4568,1,984,984,0
4543,1,1028,1028,0
4544,1,947,947,0
5045,1,1093,1093,0
5046,1,1032,1032,0
5903,1,1093,1093,0
7245,1,1071,1071,0
7246,1,1093,1093,0
8127,1,1032,1032,0
8128,1,1066,1066,0
9253,1,1087,1087,0
9254,1,1071,1071,0
9269,1,1010,1010,0
9270,1,1131,1131,0
9299,1,1032,1032,0
11726,1,944,944,0
11771,1,1030,1030,0
11772,1,1061,1061,0
12367,1,993,993,0
12368,1,1108,1108,0
147,1,1094,1094,0
148,1,1027,1027,0
1807,1,985,985,0
1808,1,997,997,0
9449,1,1059,1059,0
315,1,1027,1027,0
316,1,1046,1046,0
443,1,1080,1080,0
444,1,1053,1053,0
469,1,975,975,0
470,1,1027,1027,0
3145,1,985,985,0
3146,1,988,988,0
12695,1,1011,1011,0
12696,1,1015,1015,0
753,1,1025,1025,0
754,1,1018,1018,0
2735,1,953,953,0
2736,1,974,974,0
5379,1,1081,1081,0
2237,1,1014,1014,0
2238,1,1036,1036,0
8117,1,1121,1121,0
8118,1,961,961,0
9136,1,1083,1083,0
3065,1,1072,1072,0
3066,1,1031,1031,0
4571,1,1079,1079,0
4572,1,1027,1027,0
9440,1,1113,1113,0
7903,1,1043,1043,0
9135,1,1000,1000,0
9439,1,1027,1027,0
9450,1,960,960,0
9581,1,1087,1087,0
9582,1,1049,1049,0
11511,1,968,968,0
11512,1,1144,1144,0
11644,1,1058,1058,0
12055,1,1081,1081,0
2247,1,1026,1026,0
2248,1,1070,1070,0
3675,1,1055,1055,0
3676,1,962,962,0
11643,1,989,989,0
5380,1,1057,1057,0
10891,1,1036,1036,0
10892,1,1067,1067,0
11073,1,960,960,0
11074,1,974,974,0
6145,1,1015,1015,0
6146,1,1170,1170,0
7413,1,976,976,0
7414,1,1157,1157,0
7904,1,1030,1030,0
8055,1,987,987,0
8056,1,962,962,0
10273,1,1054,1054,0
10274,1,992,992,0
12056,1,1085,1085,0
2453,1,982,982,0
2454,1,995,995,0
2963,1,1107,1107,0
2964,1,1029,1029,0
4933,1,1022,1022,0
3211,1,999,999,0
3212,1,989,989,0
5715,1,1070,1070,0
5716,1,1090,1090,0
5840,1,1098,1098,0
4934,1,1005,1005,0
6207,1,1027,1027,0
6208,1,933,933,0
6391,1,1009,1009,0
6392,1,1011,1011,0
5809,1,970,970,0
5810,1,977,977,0
6521,1,971,971,0
6522,1,975,975,0
6555,1,971,971,0
5839,1,1154,1154,0
6217,1,1005,1005,0
6218,1,1026,1026,0
6301,1,995,995,0
6302,1,1095,1095,0
6311,1,1017,1017,0
6312,1,1096,1096,0
6507,1,1037,1037,0
6508,1,986,986,0
6611,1,1005,1005,0
6556,1,998,998,0
7139,1,1010,1010,0
7140,1,1001,1001,0
6612,1,975,975,0
6783,1,1073,1073,0
6784,1,1013,1013,0
7149,1,955,955,0
7150,1,1044,1044,0
6645,1,1118,1118,0
6646,1,1150,1150,0
6951,1,1019,1019,0
6952,1,1116,1116,0
9555,1,976,976,0
9556,1,950,950,0
381,1,1016,1016,0
382,1,1131,1131,0
4471,1,1139,1139,0
4472,1,993,993,0
8744,1,1022,1022,0
7507,1,997,997,0
7508,1,1071,1071,0
7525,1,977,977,0
7526,1,996,996,0
7859,1,1016,1016,0
7590,1,1067,1067,0
7945,1,996,996,0
7946,1,1061,1061,0
8249,1,998,998,0
8250,1,1101,1101,0
7855,1,979,979,0
7856,1,1025,1025,0
10193,1,1036,1036,0
10194,1,1030,1030,0
10219,1,1036,1036,0
7860,1,1076,1076,0
8013,1,991,991,0
8014,1,1009,1009,0
8091,1,1017,1017,0
8092,1,997,997,0
8211,1,985,985,0
8212,1,983,983,0
8701,1,972,972,0
8702,1,996,996,0
8849,1,979,979,0
8670,1,1073,1073,0
8743,1,1080,1080,0
8793,1,984,984,0
8794,1,1067,1067,0
8835,1,983,983,0
8836,1,1027,1027,0
8850,1,1039,1039,0
9309,1,1083,1083,0
9310,1,1080,1080,0
11399,1,1041,1041,0
11400,1,1113,1113,0
10885,1,1013,1013,0
10886,1,1071,1071,0
11261,1,995,995,0
11262,1,954,954,0
12712,1,986,986,0
10899,1,1059,1059,0
10900,1,1032,1032,0
10917,1,1010,1010,0
10918,1,1078,1078,0
11025,1,1061,1061,0
11026,1,1061,1061,0
11139,1,1006,1006,0
11140,1,1079,1079,0
11289,1,1059,1059,0
11290,1,985,985,0
11315,1,1006,1006,0
11316,1,1023,1023,0
11327,1,1056,1056,0
11328,1,1022,1022,0
11509,1,979,979,0
2681,1,1085,1085,0
2682,1,1010,1010,0
3017,1,1042,1042,0
3018,1,980,980,0
3309,1,1038,1038,0
2703,1,949,949,0
2704,1,1130,1130,0
2887,1,1026,1026,0
2888,1,996,996,0
3265,1,973,973,0
3047,1,1077,1077,0
3048,1,1145,1145,0
4165,1,1032,1032,0
4166,1,1023,1023,0
7288,1,939,939,0
8753,1,1034,1034,0
8754,1,1009,1009,0
10541,1,1050,1050,0
10542,1,1042,1042,0
11389,1,974,974,0
8908,1,1023,1023,0
10220,1,992,992,0
10289,1,984,984,0
10290,1,1133,1133,0
10889,1,997,997,0
10890,1,1105,1105,0
12711,1,1044,1044,0
12833,1,996,996,0
12834,1,1027,1027,0
12903,1,945,945,0
12904,1,999,999,0
683,1,1059,1059,0
684,1,981,981,0
2317,1,1029,1029,0
2318,1,1032,1032,0
3837,1,1086,1086,0
2151,1,961,961,0
2152,1,977,977,0
2181,1,1044,1044,0
2182,1,1042,1042,0
2209,1,1028,1028,0
2210,1,988,988,0
2241,1,1001,1001,0
2242,1,1109,1109,0
2249,1,997,997,0
2250,1,961,961,0
3702,1,988,988,0
3717,1,976,976,0
3718,1,1076,1076,0
7991,1,1005,1005,0
7992,1,1123,1123,0
3838,1,1015,1015,0
4625,1,1058,1058,0
4626,1,1108,1108,0
8625,1,1100,1100,0
8626,1,1023,1023,0
5150,1,1114,1114,0
9519,1,1073,1073,0
9520,1,1018,1018,0
10589,1,1017,1017,0
10590,1,1016,1016,0
9126,1,1034,1034,0
9545,1,1031,1031,0
9546,1,1019,1019,0
10623,1,979,979,0
10624,1,1134,1134,0
12260,1,982,982,0
603,1,1000,1000,0
604,1,1064,1064,0
9035,1,1041,1041,0
9036,1,969,969,0
9125,1,1005,1005,0
2059,1,1086,1086,0
2060,1,991,991,0
2807,1,1044,1044,0
2808,1,1079,1079,0
10325,1,963,963,0
3199,1,994,994,0
3200,1,1093,1093,0
3249,1,1023,1023,0
3250,1,1008,1008,0
3401,1,1075,1075,0
3402,1,1039,1039,0
3485,1,1111,1111,0
3486,1,1097,1097,0
5149,1,1141,1141,0
9005,1,1057,1057,0
9006,1,1090,1090,0
9739,1,991,991,0
9740,1,968,968,0
12259,1,1043,1043,0
10326,1,1032,1032,0
10349,1,1055,1055,0
10350,1,968,968,0
11023,1,976,976,0
11024,1,965,965,0
12377,1,964,964,0
12342,1,1027,1027,0
12378,1,958,958,0
12917,1,1088,1088,0
12918,1,1041,1041,0
161,1,1081,1081,0
162,1,1064,1064,0
1601,1,1021,1021,0
1602,1,1042,1042,0
2557,1,965,965,0
2035,1,971,971,0
2036,1,962,962,0
2587,1,1010,1010,0
2588,1,997,997,0
3701,1,991,991,0
2558,1,1096,1096,0
4021,1,978,978,0
4022,1,990,990,0
6261,1,994,994,0
6262,1,978,978,0
3157,1,1074,1074,0
3158,1,1030,1030,0
5631,1,971,971,0
5632,1,1048,1048,0
10472,1,985,985,0
6133,1,1021,1021,0
6134,1,1025,1025,0
6601,1,1024,1024,0
6602,1,1003,1003,0
6867,1,1061,1061,0
6511,1,1010,1010,0
6512,1,1032,1032,0
6541,1,1149,1149,0
6542,1,1050,1050,0
6773,1,1011,1011,0
6774,1,1049,1049,0
6868,1,998,998,0
9631,1,1022,1022,0
9632,1,1101,1101,0
10471,1,1017,1017,0
11733,1,1044,1044,0
11734,1,1114,1114,0
12159,1,1080,1080,0
12160,1,982,982,0
2353,1,992,992,0
2354,1,982,982,0
2385,1,1142,1142,0
2386,1,1029,1029,0
4611,1,1034,1034,0
2509,1,1049,1049,0
2510,1,989,989,0
2827,1,1027,1027,0
2828,1,960,960,0
4379,1,976,976,0
2811,1,1094,1094,0
2812,1,1031,1031,0
3383,1,1069,1069,0
3384,1,1088,1088,0
7499,1,1047,1047,0
4380,1,963,963,0
5909,1,1073,1073,0
5910,1,1074,1074,0
4612,1,1074,1074,0
4879,1,982,982,0
4880,1,1082,1082,0
5647,1,1005,1005,0
5648,1,993,993,0
7471,1,1083,1083,0
7472,1,1104,1104,0
10689,1,991,991,0
10690,1,1046,1046,0
12341,1,946,946,0
7500,1,1080,1080,0
8681,1,1032,1032,0
8682,1,941,941,0
11305,1,1011,1011,0
11306,1,1038,1038,0
2461,1,1131,1131,0
2462,1,1071,1071,0
659,1,1025,1025,0
660,1,984,984,0
3741,1,1098,1098,0
3742,1,960,960,0
5969,1,1066,1066,0
2399,1,1110,1110,0
2400,1,988,988,0
3027,1,973,973,0
3028,1,990,990,0
3195,1,954,954,0
3196,1,1056,1056,0
3245,1,990,990,0
3246,1,1011,1011,0
3261,1,1028,1028,0
3262,1,957,957,0
3315,1,1041,1041,0
3316,1,1045,1045,0
3409,1,1014,1014,0
3410,1,1050,1050,0
3440,1,981,981,0
3439,1,1043,1043,0
3587,1,1071,1071,0
3588,1,1075,1075,0
3627,1,1002,1002,0
3628,1,1055,1055,0
3711,1,1003,1003,0
3712,1,1064,1064,0
3785,1,949,949,0
3786,1,1040,1040,0
3920,1,1012,1012,0
3815,1,988,988,0
3816,1,1037,1037,0
4795,1,1034,1034,0
4796,1,1119,1119,0
5576,1,950,950,0
5575,1,990,990,0
5587,1,1126,1126,0
5588,1,1027,1027,0
5829,1,1024,1024,0
5830,1,958,958,0
6232,1,952,952,0
6231,1,935,935,0
6551,1,1007,1007,0
6552,1,1085,1085,0
6961,1,1051,1051,0
6962,1,1003,1003,0
7065,1,1081,1081,0
7066,1,976,976,0
7159,1,1030,1030,0
7160,1,1096,1096,0
7233,1,977,977,0
7234,1,980,980,0
9565,1,1028,1028,0
9566,1,1125,1125,0
10210,1,998,998,0
12601,1,1003,1003,0
12602,1,979,979,0
65,1,1119,1119,0
66,1,1063,1063,0
9813,1,970,970,0
9814,1,1098,1098,0
10209,1,1041,1041,0
2127,1,976,976,0
2128,1,1005,1005,0
2263,1,973,973,0
2264,1,950,950,0
5981,1,1056,1056,0
2650,1,1016,1016,0
2803,1,998,998,0
2804,1,992,992,0
2901,1,1031,1031,0
2902,1,969,969,0
3919,1,1048,1048,0
5753,1,922,922,0
5754,1,1092,1092,0
9525,1,939,939,0
9526,1,1078,1078,0
5970,1,1012,1012,0
9121,1,1102,1102,0
9122,1,1017,1017,0
9373,1,1084,1084,0
9374,1,1057,1057,0
10231,1,978,978,0
10963,1,949,949,0
10964,1,981,981,0
11349,1,942,942,0
11350,1,1005,1005,0
10246,1,1005,1005,0
12435,1,1024,1024,0
12436,1,999,999,0
12927,1,1066,1066,0
12928,1,1058,1058,0
233,1,1039,1039,0
234,1,969,969,0
597,1,1044,1044,0
598,1,993,993,0
2649,1,1016,1016,0
823,1,1065,1065,0
824,1,1062,1062,0
1671,1,970,970,0
1672,1,1003,1003,0
1755,1,1032,1032,0
1756,1,994,994,0
1775,1,1041,1041,0
1776,1,977,977,0
3333,1,1030,1030,0
3334,1,1037,1037,0
3053,1,982,982,0
3054,1,1049,1049,0
3235,1,982,982,0
3236,1,1100,1100,0
3272,1,1017,1017,0
5982,1,1132,1132,0
6033,1,1068,1068,0
6034,1,1064,1064,0
6649,1,1033,1033,0
6650,1,1066,1066,0
7195,1,934,934,0
7196,1,1044,1044,0
7861,1,1070,1070,0
7862,1,1042,1042,0
7963,1,1082,1082,0
7225,1,1027,1027,0
7226,1,1103,1103,0
7881,1,1152,1152,0
7882,1,961,961,0
8417,1,1090,1090,0
7964,1,993,993,0
10513,1,1026,1026,0
10514,1,1084,1084,0
11931,1,958,958,0
11932,1,1012,1012,0
8418,1,985,985,0
8595,1,1088,1088,0
8596,1,993,993,0
11941,1,1033,1033,0
11942,1,1089,1089,0
1209,1,1098,1098,0
1210,1,1050,1050,0
1709,1,983,983,0
1710,1,1028,1028,0
10232,1,1086,1086,0
3271,1,1033,1033,0
3953,1,1003,1003,0
3954,1,1003,1003,0
5985,1,1052,1052,0
5986,1,1052,1052,0
3393,1,1002,1002,0
3394,1,1157,1157,0
10057,1,1032,1032,0
10058,1,954,954,0
10245,1,1034,1034,0
7474,1,1037,1037,0
7561,1,979,979,0
7562,1,1030,1030,0
8932,1,1093,1093,0
9367,1,1137,1137,0
9368,1,981,981,0
10847,1,912,912,0
10848,1,1008,1008,0
10861,1,1127,1127,0
10862,1,999,999,0
11705,1,1115,1115,0
11706,1,997,997,0
12331,1,966,966,0
12332,1,966,966,0
12577,1,1105,1105,0
12578,1,1117,1117,0
12665,1,965,965,0
12666,1,1109,1109,0
12677,1,1005,1005,0
12678,1,966,966,0
959,1,914,914,0
960,1,983,983,0
6031,1,1065,1065,0
6032,1,1094,1094,0
6163,1,1061,1061,0
3897,1,1047,1047,0
3898,1,968,968,0
6937,1,1015,1015,0
6938,1,1106,1106,0
7473,1,975,975,0
6164,1,1040,1040,0
10635,1,1048,1048,0
10636,1,975,975,0
10649,1,1030,1030,0
10650,1,1040,1040,0
6183,1,1114,1114,0
6184,1,1101,1101,0
6189,1,1023,1023,0
6190,1,1097,1097,0
8931,1,1020,1020,0
3092,1,978,978,0
5025,1,1107,1107,0
5026,1,1038,1038,0
5099,1,959,959,0
5100,1,1040,1040,0
3391,1,951,951,0
3392,1,958,958,0
4827,1,1108,1108,0
4828,1,987,987,0
5035,1,956,956,0
5036,1,1049,1049,0
5287,1,965,965,0
5288,1,966,966,0
5297,1,1021,1021,0
5298,1,1017,1017,0
6215,1,994,994,0
6216,1,1075,1075,0
6225,1,1096,1096,0
6226,1,973,973,0
7147,1,999,999,0
6449,1,1022,1022,0
6450,1,1006,1006,0
6493,1,979,979,0
6494,1,1075,1075,0
6537,1,962,962,0
6538,1,1032,1032,0
6545,1,1028,1028,0
6546,1,979,979,0
6587,1,974,974,0
6588,1,980,980,0
6731,1,990,990,0
6732,1,997,997,0
6943,1,1057,1057,0
6944,1,1034,1034,0
6969,1,967,967,0
6970,1,993,993,0
7037,1,1031,1031,0
7038,1,983,983,0
7111,1,1038,1038,0
7112,1,981,981,0
7151,1,1026,1026,0
7152,1,954,954,0
7371,1,1006,1006,0
7372,1,1005,1005,0
7465,1,1071,1071,0
7420,1,995,995,0
7449,1,980,980,0
7450,1,1072,1072,0
7463,1,976,976,0
7464,1,1002,1002,0
7849,1,1013,1013,0
7850,1,1004,1004,0
7466,1,1017,1017,0
7479,1,971,971,0
7480,1,1169,1169,0
9798,1,983,983,0
9973,1,1000,1000,0
9974,1,1027,1027,0
433,1,1020,1020,0
434,1,1042,1042,0
575,1,1010,1010,0
576,1,979,979,0
681,1,1059,1059,0
682,1,1027,1027,0
3307,1,999,999,0
3308,1,1092,1092,0
4119,1,1038,1038,0
4120,1,962,962,0
2155,1,959,959,0
2156,1,1040,1040,0
2625,1,1046,1046,0
2626,1,1134,1134,0
3091,1,1008,1008,0
5529,1,1103,1103,0
5530,1,1155,1155,0
5853,1,957,957,0
5854,1,1021,1021,0
6419,1,979,979,0
6087,1,1025,1025,0
6088,1,1039,1039,0
6205,1,1101,1101,0
6206,1,972,972,0
6325,1,1034,1034,0
6326,1,1037,1037,0
6335,1,1057,1057,0
6336,1,1103,1103,0
6355,1,1106,1106,0
6356,1,1025,1025,0
6420,1,999,999,0
6477,1,1052,1052,0
6478,1,1031,1031,0
6873,1,983,983,0
6874,1,1144,1144,0
6915,1,1156,1156,0
6916,1,1040,1040,0
7077,1,1110,1110,0
7078,1,968,968,0
7313,1,1094,1094,0
7148,1,1172,1172,0
7165,1,1043,1043,0
7166,1,1040,1040,0
7205,1,1040,1040,0
7206,1,949,949,0
7222,1,1050,1050,0
8855,1,1078,1078,0
8856,1,1008,1008,0
9409,1,1028,1028,0
9410,1,986,986,0
7285,1,1141,1141,0
7286,1,1015,1015,0
7401,1,1007,1007,0
7402,1,1036,1036,0
7419,1,984,984,0
7314,1,1026,1026,0
7381,1,981,981,0
7382,1,1067,1067,0
7429,1,1033,1033,0
7430,1,1062,1062,0
585,1,996,996,0
586,1,1084,1084,0
1009,1,1040,1040,0
1010,1,1085,1085,0
1833,1,1015,1015,0
827,1,1027,1027,0
828,1,980,980,0
1205,1,979,979,0
1206,1,1017,1017,0
1257,1,991,991,0
893,1,999,999,0
894,1,990,990,0
9247,1,983,983,0
9248,1,979,979,0
10379,1,983,983,0
1834,1,1077,1077,0
2519,1,1025,1025,0
2520,1,961,961,0
8205,1,1028,1028,0
8206,1,955,955,0
6977,1,1020,1020,0
6978,1,1036,1036,0
7155,1,1089,1089,0
7156,1,1082,1082,0
7221,1,1013,1013,0
9515,1,1020,1020,0
9516,1,1124,1124,0
9551,1,1061,1061,0
9552,1,1049,1049,0
9797,1,1012,1012,0
10865,1,1099,1099,0
10866,1,1101,1101,0
12321,1,1036,1036,0
12322,1,1048,1048,0
11689,1,1011,1011,0
11690,1,1076,1076,0
12300,1,991,991,0
12381,1,982,982,0
12382,1,960,960,0
12655,1,1149,1149,0
12945,1,1115,1115,0
12946,1,1017,1017,0
6173,1,969,969,0
6174,1,1068,1068,0
10855,1,943,943,0
10856,1,1009,1009,0
11021,1,1048,1048,0
8777,1,1015,1015,0
8778,1,995,995,0
8959,1,1066,1066,0
8960,1,1053,1053,0
9360,1,1030,1030,0
9359,1,1082,1082,0
9403,1,1038,1038,0
9404,1,1022,1022,0
10199,1,1081,1081,0
10200,1,1018,1018,0
10591,1,1085,1085,0
10592,1,1018,1018,0
10653,1,1020,1020,0
10654,1,1046,1046,0
10957,1,1054,1054,0
10958,1,1092,1092,0
11147,1,1020,1020,0
11148,1,1084,1084,0
11331,1,987,987,0
11332,1,976,976,0
11743,1,1011,1011,0
11744,1,1062,1062,0
12163,1,968,968,0
12164,1,960,960,0
12531,1,1005,1005,0
12155,1,978,978,0
12156,1,1134,1134,0
12941,1,1050,1050,0
12942,1,1036,1036,0
12239,1,1096,1096,0
12689,1,955,955,0
12690,1,1025,1025,0
12891,1,1088,1088,0
12892,1,984,984,0
12532,1,969,969,0
12719,1,954,954,0
12720,1,1026,1026,0
12953,1,994,994,0
12954,1,996,996,0
153,1,1046,1046,0
154,1,1026,1026,0
437,1,991,991,0
438,1,1026,1026,0
449,1,962,962,0
353,1,1126,1126,0
354,1,1001,1001,0
977,1,1008,1008,0
978,1,998,998,0
1021,1,1084,1084,0
1022,1,1088,1088,0
1075,1,987,987,0
1076,1,982,982,0
1087,1,1114,1114,0
1088,1,1041,1041,0
1097,1,1059,1059,0
1098,1,986,986,0
3653,1,1065,1065,0
3654,1,1029,1029,0
10392,1,970,970,0
1258,1,1071,1071,0
1271,1,983,983,0
1272,1,1061,1061,0
1277,1,1001,1001,0
1278,1,982,982,0
1823,1,1149,1149,0
1824,1,1124,1124,0
1945,1,1035,1035,0
1946,1,1074,1074,0
2251,1,972,972,0
2252,1,1035,1035,0
5911,1,1044,1044,0
5912,1,1031,1031,0
5917,1,1062,1062,0
5918,1,1001,1001,0
3386,1,1042,1042,0
3811,1,1072,1072,0
3812,1,1059,1059,0
4861,1,987,987,0
4862,1,1014,1014,0
3787,1,1092,1092,0
3788,1,1048,1048,0
4083,1,1117,1117,0
4084,1,968,968,0
4897,1,1137,1137,0
4898,1,976,976,0
6395,1,1061,1061,0
6396,1,1074,1074,0
8841,1,1077,1077,0
8842,1,1010,1010,0
5947,1,1086,1086,0
5948,1,1051,1051,0
9227,1,1053,1053,0
9228,1,1015,1015,0
9817,1,1093,1093,0
9342,1,1092,1092,0
9557,1,1076,1076,0
9558,1,1092,1092,0
9913,1,1057,1057,0
9914,1,967,967,0
9818,1,1009,1009,0
9845,1,1138,1138,0
9846,1,1087,1087,0
12009,1,965,965,0
12010,1,998,998,0
10215,1,1007,1007,0
10216,1,992,992,0
11169,1,1051,1051,0
11170,1,994,994,0
12299,1,1004,1004,0
10380,1,988,988,0
10487,1,1092,1092,0
10488,1,1063,1063,0
11079,1,1008,1008,0
11080,1,981,981,0
10391,1,1029,1029,0
10407,1,1098,1098,0
10408,1,1092,1092,0
10443,1,979,979,0
10444,1,1059,1059,0
10534,1,928,928,0
10551,1,1017,1017,0
10552,1,1124,1124,0
10569,1,1038,1038,0
10570,1,1058,1058,0
11022,1,943,943,0
11049,1,990,990,0
11050,1,1017,1017,0
11195,1,1094,1094,0
11196,1,1055,1055,0
11257,1,949,949,0
11258,1,1100,1100,0
11301,1,961,961,0
11302,1,1074,1074,0
11352,1,1023,1023,0
11547,1,1012,1012,0
11548,1,1173,1173,0
11765,1,941,941,0
11766,1,1064,1064,0
12240,1,1102,1102,0
3134,1,1036,1036,0
3325,1,1069,1069,0
3326,1,1000,1000,0
3457,1,1023,1023,0
3458,1,1052,1052,0
3366,1,988,988,0
3551,1,1051,1051,0
3552,1,992,992,0
3589,1,1060,1060,0
3590,1,1020,1020,0
3428,1,1018,1018,0
3873,1,1003,1003,0
3874,1,1001,1001,0
9946,1,999,999,0
11284,1,1131,1131,0
11313,1,1070,1070,0
11314,1,953,953,0
12119,1,1047,1047,0
12120,1,970,970,0
12777,1,1056,1056,0
11351,1,1062,1062,0
11881,1,1009,1009,0
11882,1,1136,1136,0
11903,1,973,973,0
11904,1,1003,1003,0
12039,1,1067,1067,0
12040,1,1092,1092,0
12593,1,1051,1051,0
12594,1,947,947,0
12656,1,1046,1046,0
12778,1,1022,1022,0
12831,1,1056,1056,0
12832,1,1142,1142,0
12873,1,1102,1102,0
12874,1,1052,1052,0
245,1,1017,1017,0
246,1,947,947,0
327,1,1059,1059,0
328,1,1025,1025,0
477,1,1000,1000,0
450,1,1035,1035,0
763,1,1099,1099,0
764,1,1021,1021,0
1091,1,1037,1037,0
1092,1,965,965,0
478,1,1091,1091,0
479,1,1071,1071,0
480,1,1003,1003,0
765,1,976,976,0
766,1,1075,1075,0
579,1,974,974,0
580,1,980,980,0
2805,1,1027,1027,0
2806,1,1021,1021,0
3133,1,957,957,0
1041,1,1109,1109,0
1042,1,991,991,0
6085,1,1061,1061,0
6086,1,1008,1008,0
6120,1,1050,1050,0
1191,1,1125,1125,0
1192,1,992,992,0
2343,1,1054,1054,0
2344,1,961,961,0
2472,1,985,985,0
2471,1,1008,1008,0
3643,1,990,990,0
3644,1,1079,1079,0
3759,1,1105,1105,0
3760,1,1044,1044,0
2719,1,1064,1064,0
2720,1,1007,1007,0
6481,1,965,965,0
6482,1,1000,1000,0
11283,1,1131,1131,0
2981,1,959,959,0
2982,1,1004,1004,0
3149,1,1070,1070,0
3150,1,1049,1049,0
3385,1,1024,1024,0
3487,1,941,941,0
3488,1,1013,1013,0
3677,1,1036,1036,0
3678,1,1007,1007,0
3864,1,963,963,0
3863,1,1044,1044,0
4659,1,1076,1076,0
4660,1,1133,1133,0
6119,1,1053,1053,0
6375,1,974,974,0
6376,1,1124,1124,0
11209,1,979,979,0
11210,1,1029,1029,0
9175,1,1061,1061,0
9176,1,1013,1013,0
9243,1,985,985,0
9244,1,983,983,0
9341,1,1072,1072,0
10409,1,1069,1069,0
10410,1,1037,1037,0
10415,1,1054,1054,0
10416,1,1079,1079,0
10533,1,1015,1015,0
2747,1,992,992,0
2748,1,1057,1057,0
2853,1,1137,1137,0
2854,1,1046,1046,0
3427,1,965,965,0
2951,1,999,999,0
2952,1,952,952,0
3035,1,1054,1054,0
3036,1,982,982,0
3365,1,961,961,0
3579,1,979,979,0
3580,1,1087,1087,0
8827,1,1035,1035,0
8828,1,976,976,0
9072,1,1089,1089,0
3657,1,1026,1026,0
3658,1,1090,1090,0
9861,1,1093,1093,0
9862,1,977,977,0
9945,1,1009,1009,0
9071,1,998,998,0
9863,1,979,979,0
9864,1,1046,1046,0
9731,1,1021,1021,0
9732,1,1179,1179,0
2005,1,988,988,0
2006,1,1027,1027,0
3731,1,978,978,0
3732,1,1003,1003,0
4632,1,1057,1057,0
4011,1,1094,1094,0
4012,1,967,967,0
6475,1,1037,1037,0
6476,1,975,975,0
6488,1,1082,1082,0
4889,1,1102,1102,0
4890,1,1003,1003,0
5735,1,1088,1088,0
5736,1,1001,1001,0
6241,1,1032,1032,0
5159,1,1052,1052,0
6917,1,1108,1108,0
6918,1,1063,1063,0
6242,1,1046,1046,0
6877,1,1051,1051,0
6878,1,982,982,0
6487,1,1025,1025,0
6729,1,961,961,0
6730,1,1041,1041,0
7883,1,1021,1021,0
7884,1,1001,1001,0
9603,1,1039,1039,0
9604,1,1083,1083,0
10681,1,1120,1120,0
9595,1,971,971,0
9596,1,1006,1006,0
10682,1,1020,1020,0
12438,1,1059,1059,0
675,1,1053,1053,0
676,1,1054,1054,0
7735,1,1108,1108,0
7736,1,1067,1067,0
7761,1,1046,1046,0
1305,1,1127,1127,0
1306,1,946,946,0
3159,1,947,947,0
3160,1,1010,1010,0
12437,1,1021,1021,0
2493,1,1082,1082,0
2494,1,1014,1014,0
4903,1,1044,1044,0
4904,1,968,968,0
5160,1,978,978,0
3071,1,1075,1075,0
3072,1,983,983,0
3405,1,1046,1046,0
3406,1,1070,1070,0
4595,1,1051,1051,0
4163,1,1035,1035,0
4164,1,992,992,0
10313,1,1081,1081,0
10314,1,1043,1043,0
10720,1,1063,1063,0
4596,1,981,981,0
8365,1,1040,1040,0
8366,1,1102,1102,0
8373,1,960,960,0
8374,1,1053,1053,0
6095,1,985,985,0
6096,1,966,966,0
9657,1,1020,1020,0
9658,1,1111,1111,0
10779,1,985,985,0
7762,1,1033,1033,0
10719,1,999,999,0
10780,1,980,980,0
4631,1,1084,1084,0
5001,1,974,974,0
5002,1,1027,1027,0
6167,1,971,971,0
6168,1,1115,1115,0
4839,1,978,978,0
6523,1,1155,1155,0
6524,1,1109,1109,0
6543,1,995,995,0
6544,1,1077,1077,0
6221,1,996,996,0
6222,1,1038,1038,0
6897,1,1115,1115,0
6898,1,1040,1040,0
6928,1,1080,1080,0
6709,1,964,964,0
6710,1,978,978,0
6803,1,991,991,0
6804,1,1081,1081,0
6833,1,1041,1041,0
6793,1,1015,1015,0
6794,1,1008,1008,0
7105,1,946,946,0
7106,1,987,987,0
7179,1,996,996,0
6834,1,1017,1017,0
6981,1,1041,1041,0
6982,1,1085,1085,0
7199,1,1060,1060,0
7200,1,996,996,0
6927,1,954,954,0
7085,1,1073,1073,0
7086,1,1001,1001,0
7491,1,1037,1037,0
7492,1,1001,1001,0
7180,1,1006,1006,0
7481,1,1028,1028,0
7482,1,1048,1048,0
7575,1,976,976,0
7576,1,975,975,0
7669,1,1088,1088,0
7670,1,1021,1021,0
7679,1,993,993,0
7680,1,994,994,0
7733,1,964,964,0
7734,1,1062,1062,0
7773,1,1010,1010,0
7774,1,1167,1167,0
281,1,972,972,0
282,1,1042,1042,0
879,1,1069,1069,0
880,1,1067,1067,0
1089,1,1057,1057,0
662,1,1117,1117,0
1881,1,965,965,0
1882,1,1007,1007,0
12143,1,972,972,0
12144,1,1038,1038,0
1090,1,1083,1083,0
1967,1,1187,1187,0
1968,1,1035,1035,0
9483,1,978,978,0
9484,1,1031,1031,0
1765,1,966,966,0
1766,1,963,963,0
10645,1,1045,1045,0
10646,1,1069,1069,0
12089,1,1041,1041,0
2869,1,1045,1045,0
2870,1,993,993,0
4001,1,1111,1111,0
4002,1,1010,1010,0
4179,1,1102,1102,0
3343,1,1004,1004,0
3344,1,1045,1045,0
4085,1,1105,1105,0
4086,1,1065,1065,0
4840,1,1092,1092,0
4180,1,1026,1026,0
4189,1,1045,1045,0
4190,1,1014,1014,0
4546,1,1084,1084,0
6603,1,1024,1024,0
6604,1,1085,1085,0
11053,1,986,986,0
11054,1,981,981,0
6746,1,1091,1091,0
9365,1,984,984,0
9366,1,981,981,0
10309,1,969,969,0
10310,1,1001,1001,0
8387,1,1006,1006,0
8388,1,1002,1002,0
9471,1,1096,1096,0
10573,1,1054,1054,0
10574,1,958,958,0
9733,1,1005,1005,0
9734,1,1029,1029,0
11578,1,1134,1134,0
12393,1,1007,1007,0
12394,1,971,971,0
12821,1,973,973,0
12822,1,958,958,0
12090,1,978,978,0
12311,1,998,998,0
12499,1,953,953,0
12500,1,938,938,0
12925,1,989,989,0
12926,1,1119,1119,0
12949,1,973,973,0
12950,1,986,986,0
145,1,984,984,0
146,1,1043,1043,0
403,1,968,968,0
404,1,1058,1058,0
661,1,991,991,0
1547,1,1026,1026,0
1548,1,1066,1066,0
10211,1,1027,1027,0
10212,1,1006,1006,0
10529,1,979,979,0
2305,1,1089,1089,0
2306,1,1101,1101,0
3431,1,1133,1133,0
3432,1,1031,1031,0
6745,1,1054,1054,0
3081,1,1077,1077,0
3082,1,1004,1004,0
3835,1,1058,1058,0
3836,1,1108,1108,0
4545,1,1007,1007,0
3525,1,1031,1031,0
3526,1,1066,1066,0
3531,1,1029,1029,0
3532,1,1113,1113,0
4753,1,997,997,0
4754,1,1036,1036,0
6159,1,933,933,0
6160,1,1025,1025,0
8059,1,1071,1071,0
8060,1,1029,1029,0
10530,1,1010,1010,0
10601,1,1062,1062,0
10602,1,971,971,0
10611,1,1102,1102,0
10612,1,1005,1005,0
10651,1,1016,1016,0
10652,1,1020,1020,0
11361,1,1038,1038,0
11362,1,1053,1053,0
12312,1,1026,1026,0
11277,1,1078,1078,0
11278,1,1111,1111,0
11395,1,952,952,0
11396,1,1112,1112,0
11577,1,1065,1065,0
329,1,1014,1014,0
330,1,1135,1135,0
3375,1,1082,1082,0
3376,1,990,990,0
9472,1,1061,1061,0
2671,1,1044,1044,0
2867,1,975,975,0
2868,1,1028,1028,0
3749,1,1092,1092,0
3750,1,965,965,0
3329,1,1110,1110,0
3330,1,1029,1029,0
7467,1,1055,1055,0
7468,1,1070,1070,0
9021,1,973,973,0
3757,1,1027,1027,0
3758,1,1067,1067,0
5161,1,968,968,0
5162,1,999,999,0
8283,1,1002,1002,0
3821,1,997,997,0
3822,1,1054,1054,0
4481,1,1106,1106,0
4482,1,990,990,0
8112,1,1059,1059,0
7551,1,1025,1025,0
7552,1,1115,1115,0
7873,1,1121,1121,0
7874,1,1027,1027,0
8896,1,981,981,0
8111,1,1000,1000,0
8765,1,1007,1007,0
8766,1,1011,1011,0
8819,1,1095,1095,0
8820,1,990,990,0
8284,1,1070,1070,0
8371,1,1012,1012,0
8372,1,956,956,0
8547,1,1041,1041,0
8548,1,993,993,0
8895,1,1069,1069,0
8987,1,1034,1034,0
8988,1,1001,1001,0
8993,1,930,930,0
8994,1,1057,1057,0
9481,1,1006,1006,0
9482,1,1045,1045,0
9709,1,1016,1016,0
9710,1,1037,1037,0
10297,1,1074,1074,0
10298,1,1043,1043,0
10575,1,980,980,0
10576,1,1012,1012,0
12152,1,1039,1039,0
12151,1,983,983,0
2207,1,1060,1060,0
2208,1,1069,1069,0
2839,1,1102,1102,0
2840,1,1008,1008,0
8075,1,1038,1038,0
2503,1,997,997,0
2504,1,1070,1070,0
2573,1,991,991,0
2574,1,1050,1050,0
2656,1,1095,1095,0
2585,1,1011,1011,0
2586,1,1053,1053,0
2599,1,1037,1037,0
2600,1,1019,1019,0
2672,1,1039,1039,0
2655,1,974,974,0
2965,1,1042,1042,0
2966,1,980,980,0
3629,1,1140,1140,0
3630,1,974,974,0
3733,1,996,996,0
3734,1,1038,1038,0
3885,1,957,957,0
3886,1,1019,1019,0
5245,1,991,991,0
5246,1,1096,1096,0
5301,1,971,971,0
5302,1,1009,1009,0
7663,1,927,927,0
7664,1,1005,1005,0
8027,1,1012,1012,0
8028,1,984,984,0
8076,1,1044,1044,0
9022,1,955,955,0
9109,1,1114,1114,0
9110,1,1061,1061,0
9133,1,1118,1118,0
9134,1,1057,1057,0
10883,1,980,980,0
10884,1,975,975,0
11037,1,952,952,0
11038,1,1082,1082,0
241,1,1076,1076,0
242,1,1028,1028,0
1337,1,931,931,0
1338,1,980,980,0
1555,1,975,975,0
471,1,983,983,0
472,1,1002,1002,0
711,1,1149,1149,0
712,1,986,986,0
769,1,1027,1027,0
770,1,975,975,0
3213,1,966,966,0
3214,1,1130,1130,0
3231,1,997,997,0
3232,1,955,955,0
2845,1,981,981,0
2846,1,1102,1102,0
5955,1,1065,1065,0
5956,1,1104,1104,0
9477,1,986,986,0
3287,1,1046,1046,0
3288,1,1134,1134,0
3973,1,1030,1030,0
3974,1,1049,1049,0
8248,1,943,943,0
5633,1,1040,1040,0
5634,1,1076,1076,0
5673,1,1112,1112,0
5674,1,947,947,0
5851,1,1025,1025,0
5852,1,961,961,0
6447,1,1078,1078,0
6448,1,978,978,0
8197,1,1040,1040,0
8198,1,1047,1047,0
8939,1,1070,1070,0
8940,1,1003,1003,0
9478,1,993,993,0
313,1,1051,1051,0
314,1,1089,1089,0
531,1,1030,1030,0
532,1,1051,1051,0
835,1,1031,1031,0
1061,1,991,991,0
1062,1,1031,1031,0
1273,1,1005,1005,0
1274,1,998,998,0
1913,1,1103,1103,0
1556,1,991,991,0
7249,1,973,973,0
7250,1,1035,1035,0
8457,1,1060,1060,0
8458,1,1075,1075,0
1914,1,1026,1026,0
8925,1,1079,1079,0
8926,1,1093,1093,0
10299,1,1151,1151,0
10300,1,1007,1007,0
6229,1,975,975,0
6230,1,961,961,0
6243,1,983,983,0
6244,1,1058,1058,0
6273,1,916,916,0
8247,1,1080,1080,0
8719,1,1030,1030,0
8720,1,1041,1041,0
8859,1,940,940,0
8860,1,1107,1107,0
9223,1,1060,1060,0
9224,1,1052,1052,0
10369,1,982,982,0
10370,1,1030,1030,0
10441,1,1017,1017,0
10442,1,1005,1005,0
11161,1,1046,1046,0
11162,1,1109,1109,0
11285,1,1041,1041,0
11286,1,1010,1010,0
10945,1,1005,1005,0
10946,1,1029,1029,0
12135,1,1051,1051,0
12136,1,961,961,0
69,1,1065,1065,0
70,1,1024,1024,0
237,1,1042,1042,0
238,1,1059,1059,0
773,1,1118,1118,0
774,1,1062,1062,0
7757,1,1015,1015,0
7758,1,1000,1000,0
836,1,957,957,0
867,1,1007,1007,0
868,1,1031,1031,0
927,1,1075,1075,0
928,1,1025,1025,0
2967,1,1158,1158,0
2968,1,1018,1018,0
6893,1,1042,1042,0
6894,1,1031,1031,0
7011,1,961,961,0
6245,1,1026,1026,0
6246,1,1075,1075,0
6267,1,1087,1087,0
6268,1,1098,1098,0
6625,1,1017,1017,0
6274,1,1021,1021,0
11187,1,973,973,0
11188,1,1009,1009,0
11363,1,1105,1105,0
11364,1,1053,1053,0
6626,1,1088,1088,0
11319,1,1139,1139,0
11320,1,1049,1049,0
7012,1,1022,1022,0
7461,1,1018,1018,0
7462,1,1060,1060,0
9333,1,972,972,0
9334,1,1039,1039,0
9523,1,992,992,0
9524,1,1038,1038,0
9885,1,1028,1028,0
9886,1,997,997,0
9899,1,999,999,0
9900,1,1052,1052,0
11471,1,986,986,0
11472,1,1052,1052,0
12401,1,1083,1083,0
12402,1,1033,1033,0
3103,1,976,976,0
3187,1,983,983,0
3188,1,990,990,0
3247,1,996,996,0
3248,1,1029,1029,0
6697,1,957,957,0
6698,1,1058,1058,0
6707,1,1113,1113,0
6708,1,1008,1008,0
6717,1,1049,1049,0
6718,1,1044,1044,0
6727,1,1113,1113,0
6728,1,1005,1005,0
6737,1,1035,1035,0
6738,1,1021,1021,0
6791,1,985,985,0
6792,1,1018,1018,0
6801,1,1045,1045,0
6802,1,994,994,0
6811,1,1141,1141,0
6812,1,1038,1038,0
6831,1,967,967,0
6832,1,1041,1041,0
6885,1,1072,1072,0
6886,1,977,977,0
7207,1,995,995,0
7261,1,1006,1006,0
7262,1,1007,1007,0
7301,1,999,999,0
7302,1,1022,1022,0
7396,1,974,974,0
8315,1,1000,1000,0
8316,1,959,959,0
8845,1,990,990,0
8846,1,995,995,0
10067,-1,0,0,0
10068,-1,0,0,0
10267,-1,0,0,0
10268,-1,0,0,0
12827,1,1022,1022,0
12828,1,1008,1008,0
6529,1,1022,1022,0
6530,1,1003,1003,0
7763,1,998,998,0
7764,1,918,918,0
8627,1,1019,1019,0
6895,1,993,993,0
6896,1,967,967,0
6905,1,975,975,0
6906,1,1139,1139,0
6925,1,1034,1034,0
6926,1,987,987,0
6979,1,1063,1063,0
6980,1,984,984,0
6989,1,975,975,0
6990,1,1061,1061,0
6999,1,996,996,0
7000,1,1018,1018,0
7019,1,1012,1012,0
7020,1,983,983,0
7073,1,1088,1088,0
7074,1,1024,1024,0
7083,1,1123,1123,0
7084,1,1086,1086,0
7113,1,1082,1082,0
7114,1,960,960,0
7355,1,1041,1041,0
7356,1,1135,1135,0
7365,1,1075,1075,0
7366,1,1058,1058,0
7395,1,1096,1096,0
9963,1,967,967,0
9964,1,997,997,0
9983,1,999,999,0
9984,1,985,985,0
10115,1,1014,1014,0
11370,1,1013,1013,0
12020,1,967,967,0
12455,1,995,995,0
12456,1,1015,1015,0
12084,1,1050,1050,0
12093,1,1128,1128,0
12094,1,1080,1080,0
12498,1,995,995,0
499,1,972,972,0
500,1,1019,1019,0
1735,-1,0,0,0
1736,-1,0,0,0
2011,1,1003,1003,0
2012,1,1074,1074,0
2032,1,1057,1057,0
629,1,994,994,0
630,1,1056,1056,0
3059,1,966,966,0
3060,1,1048,1048,0
3104,1,1072,1072,0
1566,1,1013,1013,0
1597,1,1004,1004,0
1598,1,950,950,0
1621,1,1028,1028,0
1622,1,983,983,0
2031,1,1057,1057,0
2041,1,1111,1111,0
2042,1,1031,1031,0
2051,1,1036,1036,0
2052,1,1048,1048,0
3957,1,1085,1085,0
3958,1,969,969,0
5535,1,1072,1072,0
5536,1,1045,1045,0
5744,1,1073,1073,0
5743,1,964,964,0
5875,1,1050,1050,0
5876,1,1100,1100,0
6513,1,995,995,0
6514,1,1074,1074,0
7167,1,1069,1069,0
7168,1,1018,1018,0
7177,1,1065,1065,0
7178,1,1081,1081,0
7208,1,996,996,0
10769,1,979,979,0
10770,1,1031,1031,0
10777,1,916,916,0
10778,1,1042,1042,0
10792,1,968,968,0
10791,1,1043,1043,0
11635,1,1006,1006,0
11636,1,1084,1084,0
11653,1,981,981,0
11654,1,988,988,0
2105,1,995,995,0
2106,1,964,964,0
2125,1,1033,1033,0
2126,1,1076,1076,0
2136,1,1005,1005,0
2135,1,1017,1017,0
2145,1,1134,1134,0
2146,1,1042,1042,0
2199,1,973,973,0
2200,1,1081,1081,0
2219,1,1092,1092,0
2220,1,1093,1093,0
2229,1,1086,1086,0
2230,1,983,983,0
2240,1,957,957,0
2239,1,1066,1066,0
2293,1,1124,1124,0
2294,1,983,983,0
3093,1,1039,1039,0
3094,1,1075,1075,0
3153,1,1029,1029,0
3154,1,1059,1059,0
3197,1,970,970,0
3198,1,1053,1053,0
3208,1,1080,1080,0
3207,1,1040,1040,0
3217,1,1080,1080,0
3218,1,984,984,0
3281,1,1111,1111,0
3282,1,1032,1032,0
3291,1,991,991,0
3292,1,1152,1152,0
3781,1,1058,1058,0
3782,1,1124,1124,0
3856,1,975,975,0
3855,1,1032,1032,0
3865,1,1040,1040,0
3866,1,1041,1041,0
3875,1,993,993,0
3876,1,1038,1038,0
3963,1,1096,1096,0
3964,1,1069,1069,0
3993,1,961,961,0
3994,1,1040,1040,0
8003,1,1135,1135,0
8004,1,939,939,0
8295,1,1072,1072,0
8296,1,1062,1062,0
8305,1,1039,1039,0
8306,1,1078,1078,0
8359,1,1044,1044,0
8360,1,1047,1047,0
8399,1,1140,1140,0
8400,1,1076,1076,0
8785,1,1022,1022,0
37,1,997,997,0
38,1,1036,1036,0
89,1,1010,1010,0
90,1,1009,1009,0
587,1,916,916,0
57,1,985,985,0
58,1,1066,1066,0
1829,1,1086,1086,0
1830,1,970,970,0
6976,1,1013,1013,0
588,1,1110,1110,0
3043,1,1077,1077,0
3044,1,1145,1145,0
3903,1,1026,1026,0
3904,1,961,961,0
6975,1,1126,1126,0
7749,1,942,942,0
7750,1,1028,1028,0
9953,1,1048,1048,0
9954,1,1030,1030,0
8786,1,1040,1040,0
8795,1,1089,1089,0
8796,1,1017,1017,0
8805,1,962,962,0
8806,1,1071,1071,0
10116,1,1050,1050,0
10797,1,968,968,0
10798,1,1128,1128,0
10835,1,1017,1017,0
10836,1,976,976,0
10975,1,1001,1001,0
10976,1,1099,1099,0
11163,-1,0,0,0
11164,-1,0,0,0
11519,1,975,975,0
11520,1,964,964,0
11865,-1,0,0,0
11866,-1,0,0,0
12083,1,1054,1054,0
1333,1,1014,1014,0
1334,1,1057,1057,0
4939,1,1012,1012,0
4940,1,1048,1048,0
6499,1,1019,1019,0
6473,1,1069,1069,0
6474,1,1161,1161,0
7871,1,971,971,0
7872,1,1042,1042,0
11369,1,978,978,0
6500,1,1053,1053,0
6613,1,1055,1055,0
6614,1,1051,1051,0
7779,1,1011,1011,0
7780,1,1027,1027,0
6575,1,1109,1109,0
6849,1,1081,1081,0
6850,1,1127,1127,0
9319,1,1033,1033,0
9320,1,1033,1033,0
7825,1,985,985,0
7826,1,1126,1126,0
10139,1,1028,1028,0
10140,1,1102,1102,0
12497,1,1085,1085,0
8628,1,1080,1080,0
9069,1,1065,1065,0
9070,1,1079,1079,0
9415,1,1109,1109,0
9416,1,989,989,0
9939,1,1022,1022,0
9940,1,994,994,0
10655,1,1015,1015,0
10656,1,1082,1082,0
11288,1,1112,1112,0
11287,1,982,982,0
11359,1,970,970,0
11360,1,1038,1038,0
11405,1,1022,1022,0
11406,1,1029,1029,0
51,1,1012,1012,0
52,1,1069,1069,0
1545,1,986,986,0
1546,1,1073,1073,0
1565,1,963,963,0
1999,1,1097,1097,0
2000,1,1077,1077,0
2069,1,1064,1064,0
2070,1,1095,1095,0
2081,1,1068,1068,0
2013,1,1035,1035,0
2014,1,989,989,0
2043,1,1018,1018,0
2044,1,987,987,0
6576,1,1042,1042,0
2082,1,1030,1030,0
2093,1,963,963,0
2094,1,1000,1000,0
2117,1,1045,1045,0
2118,1,1046,1046,0
2133,1,1024,1024,0
2134,1,1019,1019,0
2163,1,1008,1008,0
2164,1,1003,1003,0
2173,1,1063,1063,0
10669,1,979,979,0
10670,1,1053,1053,0
10757,1,973,973,0
10758,1,1049,1049,0
10781,1,1020,1020,0
10782,1,1000,1000,0
10879,1,1034,1034,0
10880,1,960,960,0
11425,1,1060,1060,0
11426,1,994,994,0
11435,1,1018,1018,0
11436,1,1072,1072,0
11561,1,1055,1055,0
11562,1,1032,1032,0
12019,1,934,934,0
41,1,1010,1010,0
42,1,1004,1004,0
1511,1,1043,1043,0
1512,1,1044,1044,0
1517,1,1062,1062,0
1585,1,1055,1055,0
1586,1,1103,1103,0
1605,1,1047,1047,0
1606,1,1117,1117,0
1616,1,1086,1086,0
2174,1,1028,1028,0
2197,1,1013,1013,0
2198,1,992,992,0
2215,1,1091,1091,0
2216,1,966,966,0
2227,1,1070,1070,0
2228,1,1005,1005,0
5919,1,966,966,0
5920,1,1039,1039,0
6816,1,1036,1036,0
6815,1,1061,1061,0
7799,1,1108,1108,0
7800,1,1097,1097,0
10539,1,980,980,0
10540,1,1073,1073,0
10615,1,984,984,0
10616,1,988,988,0
10627,1,1016,1016,0
10628,1,995,995,0
10633,1,1078,1078,0
10634,1,1038,1038,0
10711,1,1034,1034,0
10712,1,1000,1000,0
10717,1,947,947,0
10718,1,1058,1058,0
1518,1,1053,1053,0
1527,1,1032,1032,0
1528,1,1071,1071,0
1531,1,1047,1047,0
1532,1,967,967,0
1615,1,1069,1069,0
6501,1,1030,1030,0
6502,1,1026,1026,0
8333,1,1080,1080,0
8334,1,1040,1040,0
9967,1,972,972,0
9968,1,940,940,0
10731,1,1089,1089,0
10732,1,1201,1201,0
10824,1,1060,1060,0
10549,1,1083,1083,0
10550,1,1006,1006,0
10571,1,1054,1054,0
10572,1,1027,1027,0
10593,1,1015,1015,0
10823,1,1031,1031,0
10893,1,1097,1097,0
10894,1,1052,1052,0
11613,1,1006,1006,0
11614,1,1032,1032,0
10829,1,1060,1060,0
10830,1,1012,1012,0
11111,1,942,942,0
11112,1,1012,1012,0
11115,1,1054,1054,0
11621,1,1055,1055,0
11622,1,999,999,0
11625,1,1013,1013,0
11626,1,977,977,0
11645,1,1027,1027,0
11646,1,1118,1118,0
11665,1,986,986,0
11666,1,998,998,0
11859,1,1021,1021,0
11860,1,1067,1067,0
2925,1,971,971,0
2926,1,1067,1067,0
6643,1,964,964,0
6644,1,1083,1083,0
9648,1,1051,1051,0
9647,1,1080,1080,0
10594,1,1001,1001,0
10597,1,1073,1073,0
10598,1,1045,1045,0
10753,1,995,995,0
10754,1,1052,1052,0
11116,1,1032,1032,0
11129,1,1006,1006,0
11130,1,1031,1031,0
11141,1,1120,1120,0
11142,1,987,987,0
399,1,975,975,0
400,1,999,999,0
2577,1,963,963,0
2578,1,972,972,0
2717,1,1001,1001,0
4158,1,1035,1035,0
4261,1,977,977,0
4262,1,1060,1060,0
4271,1,951,951,0
4272,1,1015,1015,0
6275,1,996,996,0
6276,1,1002,1002,0
6607,1,997,997,0
6608,1,1034,1034,0
6763,1,1037,1037,0
6434,1,1054,1054,0
6453,1,952,952,0
6454,1,913,913,0
6527,1,1094,1094,0
6528,1,970,970,0
6547,1,1029,1029,0
6548,1,1017,1017,0
6617,1,984,984,0
6618,1,963,963,0
6723,1,1113,1113,0
6724,1,977,977,0
6807,1,1011,1011,0
6808,1,950,950,0
6847,1,1025,1025,0
6848,1,966,966,0
6764,1,1047,1047,0
6817,1,1012,1012,0
6818,1,1042,1042,0
7667,1,985,985,0
7668,1,980,980,0
7607,1,1037,1037,0
7608,1,1093,1093,0
9486,1,1025,1025,0
3171,1,971,971,0
3172,1,1006,1006,0
4177,1,1049,1049,0
4178,1,989,989,0
4345,1,1104,1104,0
3623,1,980,980,0
3624,1,1020,1020,0
3971,1,1012,1012,0
3972,1,1018,1018,0
4016,1,975,975,0
4015,1,974,974,0
4167,1,996,996,0
4168,1,1078,1078,0
4439,1,1006,1006,0
4440,1,949,949,0
4346,1,954,954,0
4355,1,1020,1020,0
4356,1,1071,1071,0
5591,1,996,996,0
5592,1,1031,1031,0
5483,1,1098,1098,0
5484,1,1075,1075,0
6285,1,972,972,0
6286,1,1014,1014,0
6339,1,962,962,0
5601,1,1011,1011,0
5602,1,1033,1033,0
5611,1,941,941,0
5612,1,1038,1038,0
6433,1,1011,1011,0
6340,1,1112,1112,0
6379,1,1050,1050,0
6380,1,1024,1024,0
6463,1,998,998,0
6464,1,975,975,0
6901,1,1023,1023,0
6902,1,1123,1123,0
6911,1,989,989,0
6912,1,1088,1088,0
6931,1,1085,1085,0
8020,1,1002,1002,0
8029,1,978,978,0
8030,1,983,983,0
8113,1,1055,1055,0
8114,1,1006,1006,0
9369,1,1001,1001,0
9370,1,1027,1027,0
9411,1,949,949,0
9412,1,1051,1051,0
9485,1,976,976,0
12018,1,975,975,0
12572,1,1010,1010,0
141,1,1002,1002,0
142,1,996,996,0
413,1,1023,1023,0
414,1,1020,1020,0
473,1,961,961,0
577,1,969,969,0
578,1,1016,1016,0
611,1,1005,1005,0
612,1,966,966,0
641,1,1088,1088,0
3509,1,987,987,0
3510,1,1019,1019,0
3529,1,975,975,0
3530,1,1017,1017,0
3549,1,994,994,0
6932,1,1028,1028,0
6995,1,1110,1110,0
6996,1,1058,1058,0
7005,1,1089,1089,0
7006,1,994,994,0
7025,1,1038,1038,0
7026,1,1056,1056,0
7035,1,997,997,0
7036,1,986,986,0
7241,1,1097,1097,0
8218,1,999,999,0
8227,1,1070,1070,0
8228,1,965,965,0
8301,1,1045,1045,0
8302,1,945,945,0
9915,1,1031,1031,0
9916,1,988,988,0
12383,1,995,995,0
12384,1,992,992,0
12571,1,978,978,0
317,1,1010,1010,0
318,1,995,995,0
2311,1,1081,1081,0
2312,1,1079,1079,0
2801,1,1088,1088,0
2718,1,1077,1077,0
2955,1,1016,1016,0
2956,1,1104,1104,0
2985,1,1015,1015,0
2986,1,991,991,0
3935,1,1144,1144,0
3936,1,1035,1035,0
4055,1,1006,1006,0
4056,1,961,961,0
4157,1,1026,1026,0
4449,1,983,983,0
4450,1,1085,1085,0
4627,1,999,999,0
4628,1,1021,1021,0
4637,1,1026,1026,0
4638,1,993,993,0
5171,1,953,953,0
5172,1,1026,1026,0
5383,1,1097,1097,0
5384,1,1022,1022,0
6597,1,1065,1065,0
6598,1,1056,1056,0
6691,1,1007,1007,0
6692,1,1004,1004,0
6712,1,1011,1011,0
7242,1,981,981,0
7513,1,1037,1037,0
7514,1,1079,1079,0
7533,1,981,981,0
7534,1,1081,1081,0
1003,1,1000,1000,0
1004,1,1050,1050,0
1037,1,1046,1046,0
1038,1,1053,1053,0
2697,1,977,977,0
2802,1,1063,1063,0
2855,1,1096,1096,0
2856,1,1011,1011,0
2927,1,972,972,0
2928,1,1017,1017,0
2995,1,1090,1090,0
2996,1,1029,1029,0
3005,1,1119,1119,0
3006,1,984,984,0
3267,1,1017,1017,0
3268,1,997,997,0
3321,1,1016,1016,0
3322,1,1064,1064,0
3415,1,1027,1027,0
3416,1,1019,1019,0
3443,1,1003,1003,0
3444,1,1129,1129,0
3453,1,950,950,0
3454,1,985,985,0
3456,1,985,985,0
3455,1,1004,1004,0
3539,1,1019,1019,0
3540,1,1120,1120,0
3603,1,980,980,0
3604,1,1018,1018,0
4459,1,1130,1130,0
4460,1,1009,1009,0
4533,1,1124,1124,0
4534,1,1009,1009,0
4977,1,1012,1012,0
4978,1,1056,1056,0
5295,1,1029,1029,0
5296,1,1054,1054,0
5349,1,1054,1054,0
5350,1,1077,1077,0
5389,1,1000,1000,0
5390,1,1060,1060,0
5493,1,1017,1017,0
5494,1,1053,1053,0
5497,1,1086,1086,0
5399,1,1039,1039,0
5400,1,1063,1063,0
5443,1,1064,1064,0
5444,1,1096,1096,0
5531,1,1028,1028,0
5498,1,1070,1070,0
5507,1,965,965,0
5508,1,1118,1118,0
5517,1,1014,1014,0
5518,1,1042,1042,0
5532,1,1037,1037,0
5729,1,1001,1001,0
5730,1,1091,1091,0
6141,1,1066,1066,0
6142,1,1067,1067,0
5581,1,1072,1072,0
5582,1,1028,1028,0
5635,1,1047,1047,0
5636,1,948,948,0
6112,1,1070,1070,0
9,1,993,993,0
10,1,1035,1035,0
59,1,1049,1049,0
60,1,1067,1067,0
113,1,1030,1030,0
19,1,998,998,0
20,1,1028,1028,0
171,1,1052,1052,0
172,1,1122,1122,0
453,1,1014,1014,0
114,1,967,967,0
131,1,1058,1058,0
132,1,1034,1034,0
225,1,1028,1028,0
226,1,991,991,0
265,1,1124,1124,0
266,1,1076,1076,0
319,1,1034,1034,0
320,1,988,988,0
360,1,1114,1114,0
507,1,1016,1016,0
508,1,1053,1053,0
517,1,972,972,0
518,1,997,997,0
547,1,1009,1009,0
997,1,1050,1050,0
998,1,999,999,0
1141,1,1067,1067,0
1142,1,1022,1022,0
1792,1,1026,1026,0
1763,1,984,984,0
1764,1,1019,1019,0
1779,1,1024,1024,0
1780,1,939,939,0
1787,1,971,971,0
1788,1,981,981,0
1821,1,1057,1057,0
1822,1,963,963,0
1853,1,960,960,0
1854,1,1023,1023,0
1877,1,1015,1015,0
1878,1,1109,1109,0
1971,1,924,924,0
1972,1,919,919,0
3547,1,965,965,0
1923,1,980,980,0
1924,1,1029,1029,0
3585,1,980,980,0
3586,1,1011,1011,0
3693,1,945,945,0
3707,1,988,988,0
3708,1,953,953,0
3723,1,974,974,0
3724,1,1035,1035,0
3872,1,1007,1007,0
3793,1,943,943,0
3794,1,1011,1011,0
3807,1,1027,1027,0
3808,1,937,937,0
3832,1,946,946,0
3831,1,964,964,0
3851,1,1027,1027,0
3852,1,970,970,0
3937,1,1004,1004,0
3938,1,995,995,0
4305,1,969,969,0
4306,1,975,975,0
4357,1,1018,1018,0
4358,1,1011,1011,0
4441,1,1006,1006,0
4588,1,987,987,0
4665,1,984,984,0
4666,1,988,988,0
4695,1,1015,1015,0
4696,1,1010,1010,0
5174,1,1042,1042,0
5201,1,1065,1065,0
5202,1,987,987,0
5269,1,997,997,0
5270,1,950,950,0
8039,1,1095,1095,0
8040,1,1021,1021,0
8321,1,1089,1089,0
8322,1,1007,1007,0
8496,1,977,977,0
8495,1,1096,1096,0
8619,1,979,979,0
8620,1,1084,1084,0
9215,1,969,969,0
9216,1,992,992,0
8700,1,989,989,0
8703,1,984,984,0
8704,1,947,947,0
9193,1,981,981,0
9194,1,982,982,0
9391,1,1019,1019,0
9392,1,1088,1088,0
9505,1,1068,1068,0
9506,1,1061,1061,0
9569,1,1066,1066,0
9757,1,1058,1058,0
9758,1,971,971,0
9767,1,979,979,0
9768,1,1104,1104,0
12017,1,1052,1052,0
10106,1,1066,1066,0
10129,1,989,989,0
10130,1,1024,1024,0
10153,1,955,955,0
10154,1,992,992,0
10705,1,1035,1035,0
10706,1,976,976,0
10715,1,1005,1005,0
10716,1,1015,1015,0
10813,1,985,985,0
11479,1,1045,1045,0
11513,1,956,956,0
11514,1,982,982,0
11537,1,966,966,0
11538,1,1004,1004,0
11846,1,1076,1076,0
11929,1,1103,1103,0
11930,1,1151,1151,0
12566,1,1032,1032,0
12794,1,1001,1001,0
12868,1,987,987,0
474,1,1019,1019,0
527,1,1087,1087,0
528,1,969,969,0
557,1,1074,1074,0
558,1,979,979,0
642,1,1032,1032,0
735,1,976,976,0
736,1,1044,1044,0
943,1,967,967,0
944,1,1009,1009,0
2698,1,1077,1077,0
2761,1,1049,1049,0
2762,1,1045,1045,0
2885,1,976,976,0
2886,1,974,974,0
2917,1,1089,1089,0
2918,1,1094,1094,0
3351,1,1010,1010,0
3352,1,993,993,0
3361,1,974,974,0
3362,1,1054,1054,0
3435,1,1073,1073,0
3436,1,1011,1011,0
3507,1,1042,1042,0
3508,1,1019,1019,0
3550,1,1066,1066,0
3981,1,1106,1106,0
3982,1,1046,1046,0
4251,1,1081,1081,0
4252,1,949,949,0
5007,1,1119,1119,0
5008,1,1007,1007,0
5155,1,1040,1040,0
5156,1,962,962,0
5289,1,1051,1051,0
5290,1,1004,1004,0
5447,1,1091,1091,0
5448,1,1050,1050,0
5571,1,986,986,0
5572,1,1038,1038,0
5823,1,1096,1096,0
5824,1,1091,1091,0
5843,1,1077,1077,0
5844,1,1007,1007,0
6369,1,1102,1102,0
6111,1,1075,1075,0
6309,1,1075,1075,0
6310,1,1002,1002,0
6557,1,1049,1049,0
6558,1,1055,1055,0
6370,1,1002,1002,0
6637,1,1015,1015,0
6638,1,1035,1035,0
7523,1,988,988,0
7524,1,1025,1025,0
6701,1,1097,1097,0
6702,1,958,958,0
7389,1,1011,1011,0
7390,1,988,988,0
8019,1,1026,1026,0
6711,1,1121,1121,0
6743,1,957,957,0
6744,1,1006,1006,0
6753,1,1090,1090,0
6754,1,980,980,0
6819,1,1031,1031,0
6820,1,990,990,0
6829,1,1042,1042,0
6830,1,1077,1077,0
6941,1,992,992,0
6942,1,1026,1026,0
7089,1,984,984,0
7090,1,997,997,0
7099,1,1086,1086,0
7100,1,1029,1029,0
7543,1,1036,1036,0
7544,1,1026,1026,0
7617,1,1004,1004,0
7618,1,1057,1057,0
7627,1,963,963,0
7628,1,1164,1164,0
7637,1,1053,1053,0
7638,1,1030,1030,0
8405,1,993,993,0
8406,1,1039,1039,0
8123,1,1098,1098,0
8124,1,982,982,0
8207,1,1021,1021,0
8208,1,1062,1062,0
8217,1,1004,1004,0
8133,1,987,987,0
8134,1,1046,1046,0
8233,1,1017,1017,0
8234,1,1093,1093,0
8312,1,978,978,0
8311,1,1062,1062,0
8395,1,1035,1035,0
8396,1,1135,1135,0
8415,1,1068,1068,0
8416,1,1108,1108,0
8425,1,1114,1114,0
8426,1,1006,1006,0
8505,1,989,989,0
8506,1,1092,1092,0
8589,1,1047,1047,0
8590,1,1087,1087,0
8869,1,1139,1139,0
8870,1,986,986,0
9233,1,980,980,0
9234,1,1036,1036,0
9381,1,1032,1032,0
9382,1,976,976,0
9401,1,1095,1095,0
9402,1,987,987,0
9589,1,1108,1108,0
9475,1,1003,1003,0
9476,1,989,989,0
10001,1,1066,1066,0
10002,1,978,978,0
10989,1,967,967,0
9590,1,996,996,0
9653,1,1029,1029,0
9654,1,1004,1004,0
9673,1,1048,1048,0
9674,1,956,956,0
9926,1,952,952,0
9965,1,1053,1053,0
9966,1,979,979,0
10429,1,1020,1020,0
10430,1,1003,1003,0
77,1,1004,1004,0
78,1,1043,1043,0
103,1,978,978,0
104,1,1105,1105,0
904,1,1049,1049,0
359,1,1144,1144,0
423,1,1062,1062,0
424,1,1025,1025,0
493,1,1023,1023,0
494,1,1096,1096,0
454,1,1011,1011,0
809,1,1030,1030,0
810,1,1007,1007,0
849,1,928,928,0
850,1,1108,1108,0
548,1,1098,1098,0
745,1,942,942,0
746,1,960,960,0
859,1,1058,1058,0
860,1,1036,1036,0
953,1,1021,1021,0
954,1,997,997,0
1801,1,1096,1096,0
1802,1,989,989,0
1875,1,1016,1016,0
1791,1,1012,1012,0
1835,1,1078,1078,0
1836,1,1026,1026,0
1869,1,1023,1023,0
1870,1,920,920,0
1876,1,1056,1056,0
2707,1,1077,1077,0
2708,1,1124,1124,0
5305,1,966,966,0
5306,1,1069,1069,0
3535,1,1034,1034,0
3545,1,962,962,0
3546,1,994,994,0
3565,1,1015,1015,0
3566,1,1157,1157,0
3694,1,1105,1105,0
3867,1,1024,1024,0
3868,1,1030,1030,0
3945,1,1040,1040,0
3946,1,994,994,0
3871,1,1070,1070,0
4113,1,1153,1153,0
4114,1,1002,1002,0
4285,1,1010,1010,0
4286,1,972,972,0
4171,1,985,985,0
4172,1,1076,1076,0
4971,1,1003,1003,0
4972,1,978,978,0
5173,1,1005,1005,0
5541,1,991,991,0
5542,1,1070,1070,0
7955,1,954,954,0
7956,1,1013,1013,0
8699,1,1041,1041,0
9287,1,1032,1032,0
9288,1,1024,1024,0
9297,1,1089,1089,0
9298,1,1002,1002,0
9301,1,1087,1087,0
9302,1,1047,1047,0
9307,1,997,997,0
9308,1,1028,1028,0
9317,1,1008,1008,0
9318,1,1052,1052,0
9570,1,1056,1056,0
9579,1,966,966,0
9580,1,1043,1043,0
9599,1,979,979,0
9600,1,1136,1136,0
9663,1,1023,1023,0
9664,1,965,965,0
9693,1,1028,1028,0
9694,1,1060,1060,0
9925,1,982,982,0
10990,1,1004,1004,0
11197,1,944,944,0
11198,1,983,983,0
11371,1,1031,1031,0
11372,1,1122,1122,0
10999,1,996,996,0
11000,1,1106,1106,0
11003,1,1136,1136,0
11004,1,987,987,0
11009,1,1017,1017,0
11010,1,1157,1157,0
11385,1,999,999,0
11386,1,954,954,0
11391,1,1005,1005,0
11392,1,1057,1057,0
11375,1,1092,1092,0
11376,1,968,968,0
11381,1,1006,1006,0
11382,1,1012,1012,0
11413,1,1000,1000,0
11414,1,1015,1015,0
11459,1,1026,1026,0
11460,1,980,980,0
11567,1,1062,1062,0
11568,1,1000,1000,0
11701,1,1019,1019,0
11702,1,983,983,0
12149,1,1061,1061,0
12150,1,1052,1052,0
12793,1,1050,1050,0
12649,1,957,957,0
12650,1,1091,1091,0
12771,1,1025,1025,0
12772,1,1068,1068,0
12801,1,997,997,0
12802,1,996,996,0
12803,1,1033,1033,0
12804,1,974,974,0
12887,1,1048,1048,0
12888,1,1029,1029,0
12907,1,1012,1012,0
12908,1,1044,1044,0
12951,1,1118,1118,0
903,1,1109,1109,0
1131,1,1031,1031,0
1132,1,1061,1061,0
1839,1,1060,1060,0
1840,1,1085,1085,0
1055,1,1124,1124,0
1056,1,985,985,0
1549,1,1006,1006,0
1550,1,1035,1035,0
1560,1,981,981,0
1358,1,972,972,0
1369,1,963,963,0
1370,1,1005,1005,0
1379,1,963,963,0
1380,1,1020,1020,0
1559,1,1003,1003,0
1725,1,1047,1047,0
1726,1,1054,1054,0
1847,1,1005,1005,0
1848,1,1030,1030,0
1703,1,1004,1004,0
1704,1,1034,1034,0
1747,1,975,975,0
1748,1,981,981,0
1797,1,1004,1004,0
1859,1,1035,1035,0
1860,1,1114,1114,0
1865,1,1082,1082,0
1866,1,1133,1133,0
3536,1,1067,1067,0
1997,1,946,946,0
1998,1,1079,1079,0
4183,1,997,997,0
4184,1,1031,1031,0
8155,1,974,974,0
3548,1,986,986,0
3599,1,1053,1053,0
3600,1,1028,1028,0
3613,1,1054,1054,0
3614,1,966,966,0
3667,1,968,968,0
3668,1,1018,1018,0
3679,1,1016,1016,0
3680,1,1037,1037,0
3736,1,989,989,0
4349,1,1003,1003,0
4350,1,965,965,0
4399,1,1030,1030,0
4400,1,1009,1009,0
4411,1,1002,1002,0
4412,1,1071,1071,0
4487,1,1077,1077,0
4488,1,1009,1009,0
4527,1,1005,1005,0
4528,1,998,998,0
4641,1,1020,1020,0
4642,1,1128,1128,0
4789,1,1087,1087,0
4790,1,996,996,0
5249,1,1101,1101,0
4723,1,1134,1134,0
4724,1,1062,1062,0
4741,1,991,991,0
4742,1,1067,1067,0
4760,1,1064,1064,0
5250,1,1095,1095,0
5339,1,976,976,0
5340,1,1060,1060,0
5489,1,1063,1063,0
5490,1,1027,1027,0
5551,1,1040,1040,0
5627,1,1033,1033,0
5628,1,1062,1062,0
5655,1,985,985,0
5656,1,998,998,0
5585,1,1008,1008,0
5586,1,974,974,0
5615,1,1021,1021,0
5616,1,992,992,0
5689,1,1065,1065,0
5690,1,1084,1084,0
5747,1,975,975,0
5748,1,1085,1085,0
5815,1,964,964,0
5816,1,1053,1053,0
7407,1,958,958,0
9879,1,1076,1076,0
9880,1,978,978,0
10049,1,1032,1032,0
10050,1,978,978,0
8203,1,1033,1033,0
8204,1,1013,1013,0
8461,1,1039,1039,0
8462,1,1045,1045,0
8712,1,1014,1014,0
8711,1,970,970,0
9747,1,1070,1070,0
9748,1,1022,1022,0
10979,1,1031,1031,0
10980,1,987,987,0
10774,1,989,989,0
10795,1,987,987,0
10796,1,943,943,0
10809,1,989,989,0
10810,1,1050,1050,0
11453,1,973,973,0
11454,1,1031,1031,0
11469,1,1081,1081,0
11470,1,962,962,0
11480,1,949,949,0
11553,1,1102,1102,0
11554,1,1122,1122,0
11563,1,1081,1081,0
11564,1,938,938,0
11573,1,1006,1006,0
11574,1,971,971,0
11607,1,1085,1085,0
11608,1,979,979,0
11647,1,1022,1022,0
11648,1,1042,1042,0
11667,1,1037,1037,0
11668,1,1081,1081,0
11741,1,1043,1043,0
11742,1,1036,1036,0
11752,1,1006,1006,0
11751,1,1100,1100,0
11835,1,987,987,0
11836,1,1030,1030,0
11855,1,975,975,0
11856,1,996,996,0
633,1,1028,1028,0
634,1,1081,1081,0
731,1,1071,1071,0
732,1,1056,1056,0
803,1,961,961,0
804,1,1008,1008,0
815,1,976,976,0
816,1,1124,1124,0
919,1,1062,1062,0
920,1,1024,1024,0
957,1,1024,1024,0
958,1,1136,1136,0
973,1,1017,1017,0
974,1,953,953,0
993,1,964,964,0
994,1,973,973,0
1245,1,1018,1018,0
1246,1,1002,1002,0
1313,1,1119,1119,0
1314,1,983,983,0
1329,1,1014,1014,0
1330,1,1008,1008,0
1331,1,970,970,0
1332,1,1046,1046,0
1389,1,999,999,0
1390,1,1110,1110,0
1407,1,1025,1025,0
1408,1,1000,1000,0
1417,1,1047,1047,0
1418,1,1038,1038,0
1410,1,996,996,0
1465,1,987,987,0
1466,1,1073,1073,0
1525,1,1063,1063,0
1526,1,1075,1075,0
1507,1,1005,1005,0
1508,1,1096,1096,0
1515,1,1109,1109,0
1516,1,1010,1010,0
1661,1,928,928,0
1570,1,984,984,0
1595,1,987,987,0
1596,1,1013,1013,0
1611,1,1034,1034,0
1612,1,1041,1041,0
1662,1,1021,1021,0
1681,1,1087,1087,0
1682,1,1009,1009,0
1699,1,1022,1022,0
1700,1,1001,1001,0
2651,1,1002,1002,0
2652,1,999,999,0
3573,1,1067,1067,0
3574,1,1091,1091,0
3633,1,1053,1053,0
3634,1,1008,1008,0
3655,1,992,992,0
3656,1,980,980,0
3753,1,1022,1022,0
3754,1,1017,1017,0
3735,1,1037,1037,0
3819,1,984,984,0
3820,1,996,996,0
3883,1,1024,1024,0
3884,1,1058,1058,0
3979,1,1089,1089,0
3980,1,1017,1017,0
4029,1,1023,1023,0
4030,1,1034,1034,0
4053,1,973,973,0
4054,1,1035,1035,0
4219,1,1025,1025,0
4220,1,1070,1070,0
4259,1,999,999,0
4260,1,1132,1132,0
4442,1,958,958,0
4469,1,986,986,0
4470,1,1100,1100,0
4505,1,1025,1025,0
4506,1,1003,1003,0
4553,1,941,941,0
4554,1,1077,1077,0
4557,1,1043,1043,0
4558,1,1008,1008,0
4587,1,1021,1021,0
4759,1,1025,1025,0
4785,1,1002,1002,0
4786,1,1082,1082,0
4845,1,1094,1094,0
4846,1,1129,1129,0
4873,1,1029,1029,0
4874,1,1040,1040,0
4901,1,1010,1010,0
4902,1,1041,1041,0
4929,1,1070,1070,0
4930,1,1096,1096,0
5053,1,1039,1039,0
5054,1,1025,1025,0
5221,1,1024,1024,0
5222,1,1130,1130,0
5243,1,1026,1026,0
5244,1,1021,1021,0
5407,1,1040,1040,0
5408,1,998,998,0
5552,1,990,990,0
5465,1,1041,1041,0
5466,1,1067,1067,0
5731,1,1048,1048,0
5732,1,1002,1002,0
6971,1,1033,1033,0
5781,1,1043,1043,0
5782,1,1006,1006,0
5871,1,993,993,0
5872,1,1112,1112,0
8011,1,1023,1023,0
6972,1,1071,1071,0
7965,1,986,986,0
7966,1,1003,1003,0
10051,1,1028,1028,0
10052,1,1022,1022,0
8012,1,1007,1007,0
8031,1,1025,1025,0
8032,1,1044,1044,0
8053,1,1085,1085,0
8054,1,959,959,0
10021,1,1096,1096,0
10022,1,1021,1021,0
10033,1,1058,1058,0
10034,1,967,967,0
10376,1,1055,1055,0
10087,1,1052,1052,0
10088,1,972,972,0
10101,1,1102,1102,0
10102,1,1019,1019,0
10105,1,1009,1009,0
10317,1,947,947,0
10318,1,982,982,0
10463,1,987,987,0
10464,1,1083,1083,0
10473,1,996,996,0
10371,1,1125,1125,0
10372,1,961,961,0
10383,1,1111,1111,0
10384,1,997,997,0
10401,1,1067,1067,0
10375,1,1030,1030,0
10449,1,961,961,0
10450,1,1026,1026,0
12205,1,1090,1090,0
12206,1,1037,1037,0
10474,1,964,964,0
10489,1,983,983,0
10490,1,934,934,0
10497,1,1031,1031,0
10498,1,1041,1041,0
10943,1,1011,1011,0
10971,1,985,985,0
10972,1,1019,1019,0
11031,1,995,995,0
11032,1,1013,1013,0
11419,1,1092,1092,0
11420,1,1043,1043,0
11761,1,1076,1076,0
11762,1,1019,1019,0
11845,1,1073,1073,0
12236,1,1030,1030,0
12253,1,1010,1010,0
12254,1,973,973,0
12509,1,1051,1051,0
12510,1,985,985,0
12773,1,996,996,0
12774,1,1030,1030,0
12813,1,1002,1002,0
12814,1,1076,1076,0
12867,1,1024,1024,0
12919,1,1090,1090,0
12920,1,1068,1068,0
12929,1,974,974,0
12930,1,1040,1040,0
873,1,1016,1016,0
874,1,995,995,0
937,1,1030,1030,0
938,1,993,993,0
1096,1,1110,1110,0
1095,1,1037,1037,0
1115,1,991,991,0
1116,1,982,982,0
1129,1,1027,1027,0
1130,1,1001,1001,0
1135,1,1035,1035,0
1136,1,1044,1044,0
1151,1,1019,1019,0
1152,1,1066,1066,0
1169,1,950,950,0
1170,1,1091,1091,0
1219,1,1013,1013,0
1220,1,1036,1036,0
1225,1,995,995,0
1226,1,1039,1039,0
1233,1,1053,1053,0
1234,1,1039,1039,0
1263,1,1078,1078,0
1264,1,1002,1002,0
1275,1,1057,1057,0
1276,1,1040,1040,0
1279,1,1016,1016,0
1280,1,1128,1128,0
1293,1,1054,1054,0
1294,1,966,966,0
1297,1,997,997,0
1298,1,1032,1032,0
1315,1,1018,1018,0
1316,1,1110,1110,0
1357,1,966,966,0
1397,1,1103,1103,0
1398,1,1064,1064,0
1403,1,1020,1020,0
1404,1,1009,1009,0
1409,1,995,995,0
1535,1,1027,1027,0
1536,1,1004,1004,0
1539,1,966,966,0
1540,1,1049,1049,0
1569,1,1006,1006,0
1629,1,1007,1007,0
1630,1,1109,1109,0
1631,1,992,992,0
1632,1,1060,1060,0
1673,1,1118,1118,0
1674,1,1123,1123,0
1685,1,977,977,0
1686,1,999,999,0
1691,1,1088,1088,0
1692,1,1010,1010,0
1798,1,1065,1065,0
1813,1,977,977,0
1814,1,1051,1051,0
1837,1,1052,1052,0
1838,1,1107,1107,0
1887,1,976,976,0
1888,1,1080,1080,0
1903,1,983,983,0
1904,1,976,976,0
1937,1,1032,1032,0
1938,1,1102,1102,0
1991,1,1082,1082,0
1992,1,974,974,0
3113,1,983,983,0
3114,1,999,999,0
1974,1,1016,1016,0
2287,1,973,973,0
2288,1,957,957,0
2377,1,928,928,0
2378,1,1039,1039,0
3773,1,1028,1028,0
3774,1,985,985,0
3905,1,1109,1109,0
3906,1,969,969,0
7408,1,986,986,0
3951,1,965,965,0
3952,1,1060,1060,0
3965,1,998,998,0
3966,1,1064,1064,0
4072,1,1041,1041,0
4071,1,1091,1091,0
4805,1,999,999,0
4806,1,1097,1097,0
5341,1,1080,1080,0
5342,1,1052,1052,0
10063,1,1039,1039,0
10064,1,1074,1074,0
10065,1,984,984,0
10066,1,1094,1094,0
10069,1,1009,1009,0
10133,1,981,981,0
10134,1,1015,1015,0
10141,1,1020,1020,0
10142,1,1055,1055,0
10149,1,945,945,0
10150,1,1015,1015,0
10165,1,1100,1100,0
10166,1,1080,1080,0
10175,1,1021,1021,0
10176,1,984,984,0
10161,1,962,962,0
10162,1,979,979,0
10207,1,1051,1051,0
10208,1,1001,1001,0
10256,1,1050,1050,0
10185,1,985,985,0
10186,1,1057,1057,0
10195,1,955,955,0
10196,1,1004,1004,0
10243,1,1091,1091,0
10255,1,1047,1047,0
10265,1,996,996,0
10266,1,1018,1018,0
10339,1,1035,1035,0
10340,1,1066,1066,0
10402,1,1001,1001,0
10419,1,969,969,0
10420,1,1034,1034,0
10511,1,1038,1038,0
10512,1,1134,1134,0
10507,1,953,953,0
10508,1,1027,1027,0
10667,1,1009,1009,0
10668,1,1078,1078,0
10721,1,1100,1100,0
1211,1,1045,1045,0
1212,1,1006,1006,0
1221,1,1036,1036,0
1222,1,1119,1119,0
1283,1,1060,1060,0
1284,1,1025,1025,0
1295,1,1111,1111,0
1296,1,995,995,0
1343,1,1031,1031,0
1344,1,1070,1070,0
1371,1,986,986,0
1372,1,1068,1068,0
1431,1,1014,1014,0
1432,1,991,991,0
1437,1,1066,1066,0
1438,1,1070,1070,0
1451,1,1066,1066,0
1452,1,1122,1122,0
1485,1,1094,1094,0
1486,1,1128,1128,0
1579,1,1085,1085,0
1580,1,1096,1096,0
1625,1,1052,1052,0
1626,1,949,949,0
1640,1,1002,1002,0
1639,1,981,981,0
1641,1,990,990,0
1642,1,1010,1010,0
1659,1,1054,1054,0
1660,1,1078,1078,0
1663,1,1007,1007,0
1664,1,1019,1019,0
1717,1,1065,1065,0
1718,1,1009,1009,0
1915,1,991,991,0
1916,1,1048,1048,0
1951,1,1015,1015,0
1952,1,1081,1081,0
1955,1,1004,1004,0
1956,1,1074,1074,0
6374,1,1030,1030,0
6397,1,998,998,0
6398,1,1061,1061,0
6413,1,1001,1001,0
6414,1,927,927,0
6436,1,966,966,0
6441,1,977,977,0
6442,1,986,986,0
6655,1,965,965,0
6656,1,1041,1041,0
6837,1,999,999,0
6838,1,1050,1050,0
7015,1,1032,1032,0
7016,1,972,972,0
7235,1,968,968,0
7236,1,980,980,0
8555,1,1007,1007,0
8556,1,1025,1025,0
9393,1,953,953,0
9394,1,984,984,0
8156,1,979,979,0
10007,1,1090,1090,0
10008,1,979,979,0
10017,1,1018,1018,0
10018,1,1048,1048,0
10029,1,1063,1063,0
10030,1,1005,1005,0
10039,1,1162,1162,0
10040,1,990,990,0
10056,1,988,988,0
10055,1,1048,1048,0
10077,1,1124,1124,0
10078,1,1004,1004,0
10083,1,1051,1051,0
10084,1,1058,1058,0
10070,1,972,972,0
10117,1,1128,1128,0
10118,1,1056,1056,0
10125,1,1089,1089,0
10126,1,1044,1044,0
10091,1,1040,1040,0
10092,1,1110,1110,0
10095,1,1088,1088,0
10096,1,987,987,0
10099,1,1006,1006,0
10100,1,1033,1033,0
10111,1,1010,1010,0
10112,1,1060,1060,0
10123,1,1073,1073,0
10124,1,1044,1044,0
10171,1,1059,1059,0
10172,1,975,975,0
10213,1,973,973,0
10214,1,1050,1050,0
10224,1,1121,1121,0
10244,1,1114,1114,0
10279,1,1037,1037,0
10280,1,932,932,0
10291,1,987,987,0
10292,1,1080,1080,0
10249,1,1103,1103,0
10250,1,1042,1042,0
10275,1,1046,1046,0
10276,1,1026,1026,0
10305,1,1014,1014,0
10331,1,957,957,0
10332,1,1040,1040,0
10345,1,1042,1042,0
10346,1,1131,1131,0
10361,1,1058,1058,0
10362,1,1080,1080,0
10387,1,1089,1089,0
10388,1,1056,1056,0
10445,1,982,982,0
10446,1,976,976,0
10691,1,1045,1045,0
10692,1,1089,1089,0
10701,1,1057,1057,0
10702,1,1054,1054,0
10773,1,1145,1145,0
10722,1,1048,1048,0
10735,1,1018,1018,0
10736,1,978,978,0
10763,1,1074,1074,0
10764,1,989,989,0
10785,1,989,989,0
10786,1,1023,1023,0
10931,1,1008,1008,0
10932,1,1054,1054,0
10944,1,1002,1002,0
10814,1,980,980,0
11657,1,1118,1118,0
11658,1,1042,1042,0
12005,1,942,942,0
12006,1,999,999,0
11047,1,1063,1063,0
11048,1,1026,1026,0
11525,1,966,966,0
11526,1,1041,1041,0
11549,1,1024,1024,0
11060,1,1072,1072,0
11081,1,1040,1040,0
11082,1,1061,1061,0
11089,1,1022,1022,0
11090,1,1004,1004,0
11091,1,1055,1055,0
11092,1,1093,1093,0
11105,1,978,978,0
11106,1,1089,1089,0
11121,1,978,978,0
11122,1,1055,1055,0
11125,1,1037,1037,0
11126,1,1034,1034,0
11131,1,1004,1004,0
11132,1,1001,1001,0
11374,1,1117,1117,0
12641,1,1056,1056,0
12642,1,1045,1045,0
11550,1,1043,1043,0
11585,1,1048,1048,0
11586,1,979,979,0
11609,1,1043,1043,0
11610,1,1081,1081,0
11611,1,1022,1022,0
11612,1,1014,1014,0
11623,1,1118,1118,0
11624,1,942,942,0
12029,1,1063,1063,0
11693,1,1045,1045,0
11694,1,986,986,0
12015,1,1022,1022,0
12016,1,1094,1094,0
12555,1,976,976,0
12556,1,1142,1142,0
12565,1,1026,1026,0
12030,1,995,995,0
12035,1,984,984,0
12036,1,988,988,0
12129,1,1113,1113,0
12130,1,1003,1003,0
12071,1,1063,1063,0
12072,1,1124,1124,0
12091,1,1032,1032,0
12092,1,1092,1092,0
12121,1,938,938,0
12197,1,1027,1027,0
12198,1,1002,1002,0
12203,1,1033,1033,0
12204,1,991,991,0
12235,1,973,973,0
12535,1,1103,1103,0
12536,1,1013,1013,0
12551,1,995,995,0
12552,1,1053,1053,0
12584,1,1072,1072,0
1143,1,1059,1059,0
1144,1,1044,1044,0
1227,1,1063,1063,0
1228,1,1110,1110,0
1457,1,1023,1023,0
1349,1,1035,1035,0
1350,1,1040,1040,0
1481,1,1077,1077,0
1482,1,956,956,0
1496,1,1113,1113,0
1495,1,989,989,0
1501,1,975,975,0
1502,1,1071,1071,0
1529,1,1007,1007,0
1530,1,1050,1050,0
1635,1,987,987,0
1636,1,1059,1059,0
1861,1,1038,1038,0
1862,1,975,975,0
1973,1,1014,1014,0
1713,1,1019,1019,0
1714,1,1010,1010,0
1733,1,1050,1050,0
1734,1,1031,1031,0
2667,1,1018,1018,0
2668,1,1027,1027,0
3619,1,1014,1014,0
3620,1,1080,1080,0
4401,1,1093,1093,0
4402,1,1008,1008,0
6162,1,1158,1158,0
6263,1,1108,1108,0
6264,1,947,947,0
6331,1,1004,1004,0
6332,1,1050,1050,0
6329,1,1112,1112,0
6330,1,1087,1087,0
6333,1,1074,1074,0
6334,1,1080,1080,0
6337,1,948,948,0
6338,1,1106,1106,0
6367,1,968,968,0
6368,1,1060,1060,0
6387,1,986,986,0
6388,1,1029,1029,0
6351,1,989,989,0
6352,1,1101,1101,0
6403,1,1059,1059,0
6404,1,1008,1008,0
6667,1,1124,1124,0
6393,1,1007,1007,0
6394,1,1061,1061,0
6665,1,1030,1030,0
6666,1,1000,1000,0
9789,1,1060,1060,0
6415,1,1102,1102,0
6416,1,974,974,0
6431,1,980,980,0
6432,1,985,985,0
6435,1,1094,1094,0
10109,1,1086,1086,0
10110,1,1009,1009,0
10355,1,1129,1129,0
10356,1,1094,1094,0
10433,1,1133,1133,0
10223,1,1098,1098,0
10229,1,1024,1024,0
10230,1,1061,1061,0
10233,1,1095,1095,0
10234,1,1020,1020,0
10306,1,999,999,0
10321,1,1022,1022,0
10322,1,1083,1083,0
10327,1,955,955,0
10328,1,1106,1106,0
10457,1,1019,1019,0
10458,1,1007,1007,0
10479,1,1034,1034,0
10480,1,1050,1050,0
10625,1,984,984,0
10626,1,1057,1057,0
10639,1,1051,1051,0
10640,1,1015,1015,0
10657,1,993,993,0
10658,1,1008,1008,0
10927,1,1044,1044,0
10928,1,1076,1076,0
10937,1,1030,1030,0
10938,1,983,983,0
10952,1,1036,1036,0
10951,1,1016,1016,0
10985,1,1029,1029,0
10986,1,1008,1008,0
11001,1,1102,1102,0
11002,1,1131,1131,0
11011,1,1020,1020,0
11012,1,1090,1090,0
11043,1,1003,1003,0
11044,1,1033,1033,0
11059,1,1039,1039,0
11070,1,1146,1146,0
11075,1,1031,1031,0
11076,1,1069,1069,0
11159,1,1087,1087,0
11160,1,1039,1039,0
11149,1,977,977,0
11150,1,940,940,0
11155,1,1054,1054,0
11156,1,1014,1014,0
11497,1,1064,1064,0
11498,1,1081,1081,0
11557,1,1121,1121,0
11558,1,1078,1078,0
11569,1,975,975,0
11570,1,1009,1009,0
11571,1,1057,1057,0
11572,1,1036,1036,0
11593,1,996,996,0
11594,1,1054,1054,0
11600,1,1012,1012,0
11583,1,1064,1064,0
11584,1,1178,1178,0
11587,1,1085,1085,0
11588,1,1019,1019,0
12061,1,1039,1039,0
11599,1,978,978,0
12049,1,1104,1104,0
12050,1,1023,1023,0
12065,1,1012,1012,0
12066,1,1144,1144,0
12062,1,1085,1085,0
12099,1,1074,1074,0
12100,1,1082,1082,0
12113,1,1066,1066,0
12114,1,1071,1071,0
12122,1,1068,1068,0
12133,1,1060,1060,0
12134,1,1042,1042,0
12141,1,1027,1027,0
12142,1,959,959,0
12215,1,1144,1144,0
12216,1,1084,1084,0
12513,1,1004,1004,0
12514,1,1127,1127,0
12573,1,1074,1074,0
12244,1,1014,1014,0
12607,1,1039,1039,0
12608,1,1067,1067,0
12623,1,1087,1087,0
12624,1,970,970,0
12574,1,990,990,0
12923,1,1025,1025,0
12924,1,1118,1118,0
12933,1,975,975,0
12934,1,1078,1078,0
12583,1,1102,1102,0
12591,1,1091,1091,0
12592,1,1010,1010,0
12611,1,938,938,0
12612,1,1027,1027,0
12939,1,1074,1074,0
12940,1,1119,1119,0
12943,1,1046,1046,0
12944,1,1112,1112,0
12952,1,1080,1080,0
609,1,958,958,0
610,1,1084,1084,0
1789,1,975,975,0
1790,1,1028,1028,0
2441,1,1019,1019,0
1458,1,1025,1025,0
1479,1,1029,1029,0
1480,1,1057,1057,0
1627,1,1029,1029,0
1628,1,1125,1125,0
1909,1,1058,1058,0
1910,1,982,982,0
2413,1,1077,1077,0
2414,1,1009,1009,0
2480,1,1097,1097,0
2479,1,958,958,0
3411,1,969,969,0
3412,1,1016,1016,0
6179,1,1152,1152,0
6180,1,1118,1118,0
3513,1,1120,1120,0
3514,1,977,977,0
3669,1,1038,1038,0
3670,1,1031,1031,0
6161,1,1108,1108,0
5921,1,1016,1016,0
5922,1,981,981,0
5989,1,1016,1016,0
5990,1,932,932,0
6129,1,1112,1112,0
6361,1,1001,1001,0
6362,1,1039,1039,0
6363,1,1159,1159,0
6364,1,1000,1000,0
6373,1,1007,1007,0
6668,1,986,986,0
6669,1,1018,1018,0
6670,1,1027,1027,0
6687,1,1073,1073,0
6688,1,1135,1135,0
6677,1,1098,1098,0
6678,1,964,964,0
6715,1,1095,1095,0
6716,1,981,981,0
10680,1,1004,1004,0
8546,1,1087,1087,0
8659,1,972,972,0
8660,1,977,977,0
9389,1,1004,1004,0
9390,1,961,961,0
9459,1,976,976,0
9460,1,1127,1127,0
11019,1,1080,1080,0
11020,1,1017,1017,0
11373,1,1014,1014,0
9790,1,1040,1040,0
10023,1,1144,1144,0
10024,1,1043,1043,0
10059,1,1061,1061,0
10060,1,1111,1111,0
10434,1,1048,1048,0
10613,1,956,956,0
10614,1,1038,1038,0
10629,1,1083,1083,0
10630,1,1053,1053,0
201,1,991,991,0
202,1,951,951,0
207,1,979,979,0
208,1,1088,1088,0
379,1,944,944,0
563,1,990,990,0
564,1,983,983,0
783,1,1009,1009,0
784,1,1033,1033,0
819,1,954,954,0
931,1,954,954,0
932,1,995,995,0
1265,1,957,957,0
1266,1,988,988,0
1416,1,1141,1141,0
1415,1,961,961,0
2395,1,981,981,0
2396,1,1053,1053,0
2521,1,1016,1016,0
2522,1,1001,1001,0
2442,1,1065,1065,0
2459,1,1011,1011,0
2460,1,1055,1055,0
2507,1,1134,1134,0
2508,1,1026,1026,0
2527,1,987,987,0
2528,1,1080,1080,0
2785,1,993,993,0
2786,1,1007,1007,0
3451,1,1094,1094,0
2781,1,1054,1054,0
2782,1,1063,1063,0
3423,1,1103,1103,0
3424,1,973,973,0
3477,1,1038,1038,0
3452,1,1023,1023,0
3537,1,1033,1033,0
3538,1,943,943,0
3797,1,1071,1071,0
3798,1,976,976,0
3478,1,1002,1002,0
3497,1,1068,1068,0
3498,1,972,972,0
3569,1,1075,1075,0
3570,1,1123,1123,0
3637,1,977,977,0
3638,1,1002,1002,0
5355,1,1089,1089,0
5356,1,1020,1020,0
5449,1,1107,1107,0
5061,1,1026,1026,0
5062,1,1105,1105,0
5291,1,1018,1018,0
5292,1,999,999,0
5371,1,1003,1003,0
5372,1,1025,1025,0
5425,1,1058,1058,0
5426,1,1008,1008,0
5533,1,1027,1027,0
5534,1,1000,1000,0
5450,1,1001,1001,0
5479,1,1088,1088,0
5480,1,972,972,0
5509,1,1034,1034,0
5510,1,1116,1116,0
5979,1,1043,1043,0
5980,1,1064,1064,0
7265,1,977,977,0
7266,1,942,942,0
8545,1,1009,1009,0
6130,1,1066,1066,0
6371,1,998,998,0
6372,1,976,976,0
6651,1,950,950,0
6652,1,1145,1145,0
6683,1,948,948,0
6684,1,1064,1064,0
8613,1,1130,1130,0
8614,1,1020,1020,0
8640,1,1068,1068,0
7101,1,1031,1031,0
7102,1,990,990,0
7121,1,1006,1006,0
7122,1,1096,1096,0
10365,1,961,961,0
8532,1,1127,1127,0
8573,1,980,980,0
8574,1,1078,1078,0
8609,1,981,981,0
8610,1,1089,1089,0
10366,1,988,988,0
11937,1,1086,1086,0
11938,1,1095,1095,0
12681,1,995,995,0
12682,1,996,996,0
10679,1,992,992,0
11035,1,1098,1098,0
11036,1,1094,1094,0
11633,1,980,980,0
11634,1,1019,1019,0
11055,1,1042,1042,0
11056,1,1108,1108,0
11065,1,1021,1021,0
11066,1,1129,1129,0
11069,1,1018,1018,0
11972,1,970,970,0
12169,1,1027,1027,0
12170,1,960,960,0
12227,1,1043,1043,0
12228,1,1035,1035,0
12243,1,1028,1028,0
380,1,970,970,0
689,1,1151,1151,0
690,1,1001,1001,0
785,1,977,977,0
786,1,1021,1021,0
789,1,1132,1132,0
790,1,1047,1047,0
805,1,1059,1059,0
806,1,1034,1034,0
877,1,1099,1099,0
820,1,1003,1003,0
857,1,1098,1098,0
858,1,1126,1126,0
1483,1,1049,1049,0
1484,1,1069,1069,0
878,1,978,978,0
951,1,1036,1036,0
952,1,1049,1049,0
1849,1,995,995,0
1850,1,1024,1024,0
1799,1,1056,1056,0
1800,1,1004,1004,0
2425,1,1057,1057,0
2426,1,1051,1051,0
3473,1,1076,1076,0
1867,1,932,932,0
1868,1,1021,1021,0
2369,1,921,921,0
2370,1,1105,1105,0
8531,1,1021,1021,0
3474,1,1130,1130,0
3483,1,1011,1011,0
3484,1,1011,1011,0
3523,1,1120,1120,0
3524,1,1130,1130,0
8639,1,1045,1045,0
9397,1,997,997,0
9398,1,1125,1125,0
11955,1,968,968,0
11956,1,1053,1053,0
9491,1,1079,1079,0
9492,1,1101,1101,0
11965,1,1123,1123,0
11966,1,1005,1005,0
11971,1,1028,1028,0
91,1,1015,1015,0
92,1,1057,1057,0
843,1,1095,1095,0
844,1,1094,1094,0
921,1,1085,1085,0
239,1,1041,1041,0
240,1,1161,1161,0
665,1,1042,1042,0
666,1,1046,1046,0
825,1,998,998,0
826,1,1039,1039,0
837,1,1059,1059,0
838,1,1031,1031,0
901,1,1007,1007,0
902,1,1126,1126,0
922,1,1093,1093,0
1897,1,998,998,0
1898,1,1085,1085,0
5267,1,1157,1157,0
5268,1,1077,1077,0
1243,1,1077,1077,0
1244,1,1073,1073,0
1809,1,1058,1058,0
1810,1,1010,1010,0
1905,1,998,998,0
1906,1,1096,1096,0
11927,1,955,955,0
11928,1,985,985,0
11975,1,1118,1118,0
11976,1,1000,1000,0
7783,1,1013,1013,0
9559,1,1067,1067,0
9560,1,1021,1021,0
11993,1,1036,1036,0
11994,1,996,996,0
29,1,995,995,0
30,1,1019,1019,0
139,1,995,995,0
140,1,1042,1042,0
657,1,1074,1074,0
43,1,1107,1107,0
44,1,987,987,0
111,1,980,980,0
112,1,994,994,0
144,1,1030,1030,0
107,1,968,968,0
108,1,1109,1109,0
4131,1,1093,1093,0
4132,1,1023,1023,0
5603,1,1019,1019,0
143,1,975,975,0
475,1,988,988,0
476,1,1042,1042,0
917,1,1075,1075,0
918,1,1063,1063,0
1817,1,1077,1077,0
1818,1,1013,1013,0
1827,1,1096,1096,0
1828,1,985,985,0
3185,1,1059,1059,0
3186,1,1057,1057,0
9679,1,1031,1031,0
9680,1,1005,1005,0
5604,1,1050,1050,0
5897,1,1036,1036,0
5898,1,1070,1070,0
7937,1,1056,1056,0
7938,1,1017,1017,0
6359,1,988,988,0
6360,1,1012,1012,0
7635,1,1040,1040,0
7636,1,1027,1027,0
7784,1,1121,1121,0
8599,1,1109,1109,0
8600,1,952,952,0
9921,1,1033,1033,0
9922,1,948,948,0
9955,1,1006,1006,0
9956,1,1069,1069,0
375,1,1112,1112,0
376,1,987,987,0
5097,1,997,997,0
5098,1,1023,1023,0
7889,1,995,995,0
658,1,978,978,0
5561,1,1025,1025,0
5562,1,948,948,0
5807,1,963,963,0
5808,1,991,991,0
4359,1,955,955,0
4360,1,978,978,0
4799,1,1156,1156,0
4800,1,1091,1091,0
7611,1,1011,1011,0
4987,1,976,976,0
4988,1,1082,1082,0
5487,1,1147,1147,0
5488,1,1100,1100,0
9496,1,979,979,0
5023,1,1046,1046,0
5024,1,956,956,0
7645,1,1003,1003,0
7646,1,1035,1035,0
7653,1,968,968,0
7612,1,1101,1101,0
7713,1,1003,1003,0
7714,1,994,994,0
7654,1,1002,1002,0
7890,1,992,992,0
9495,1,1009,1009,0
10599,1,1004,1004,0
10600,1,1041,1041,0
10767,1,956,956,0
10768,1,1021,1021,0
11659,1,990,990,0
11660,1,1078,1078,0
1111,1,996,996,0
1175,1,1061,1061,0
1176,1,1017,1017,0
1561,1,974,974,0
1562,1,949,949,0
4307,1,1057,1057,0
4308,1,1062,1062,0
4619,1,1002,1002,0
4620,1,1062,1062,0
5257,1,1123,1123,0
4881,1,959,959,0
4882,1,974,974,0
4911,1,1009,1009,0
4912,1,975,975,0
6389,1,982,982,0
5258,1,1005,1005,0
8591,1,1066,1066,0
8592,1,988,988,0
9051,1,1032,1032,0
9052,1,1001,1001,0
6390,1,1062,1062,0
6443,1,1003,1003,0
6444,1,926,926,0
6705,1,1016,1016,0
6706,1,1030,1030,0
8687,1,1055,1055,0
8688,1,992,992,0
11529,1,1023,1023,0
11530,1,1034,1034,0
9063,1,1091,1091,0
9064,1,992,992,0
10239,1,1099,1099,0
10240,1,990,990,0
10333,1,1040,1040,0
10334,1,1037,1037,0
12146,1,969,969,0
12153,1,990,990,0
12154,1,991,991,0
12761,1,972,972,0
12762,1,1047,1047,0
12855,1,977,977,0
12856,1,1028,1028,0
12895,1,1026,1026,0
12896,1,1016,1016,0
602,1,953,953,0
841,1,1147,1147,0
842,1,1044,1044,0
887,1,980,980,0
888,1,1032,1032,0
1017,1,1148,1148,0
1018,1,998,998,0
1027,1,1019,1019,0
1028,1,1103,1103,0
1112,1,1066,1066,0
1110,1,944,944,0
1203,1,984,984,0
1204,1,1013,1013,0
9027,1,1034,1034,0
9028,1,1001,1001,0
1373,1,1012,1012,0
1374,1,1063,1063,0
6967,1,1041,1041,0
6968,1,1012,1012,0
9073,1,1069,1069,0
4975,1,956,956,0
4976,1,996,996,0
5939,1,1093,1093,0
5940,1,1082,1082,0
12145,1,1006,1006,0
7772,1,1053,1053,0
9055,1,1008,1008,0
9056,1,1002,1002,0
9099,1,1018,1018,0
9100,1,931,931,0
10016,1,1077,1077,0
10119,1,999,999,0
11067,1,1039,1039,0
11068,1,1057,1057,0
10367,1,1043,1043,0
11802,1,980,980,0
12747,1,1039,1039,0
12748,1,1112,1112,0
12751,1,987,987,0
12752,1,1088,1088,0
285,1,1048,1048,0
286,1,1045,1045,0
347,1,1027,1027,0
348,1,1063,1063,0
601,1,1093,1093,0
465,1,1071,1071,0
466,1,1047,1047,0
2999,1,1060,1060,0
3000,1,956,956,0
3363,1,1008,1008,0
1161,1,1068,1068,0
1162,1,1006,1006,0
1401,1,1017,1017,0
1402,1,938,938,0
2872,1,1000,1000,0
6121,1,950,950,0
6122,1,993,993,0
9015,1,1014,1014,0
9016,1,1026,1026,0
11291,1,1141,1141,0
9074,1,1000,1000,0
11523,1,1005,1005,0
11524,1,1033,1033,0
12361,1,1014,1014,0
12362,1,1122,1122,0
11292,1,1025,1025,0
11473,1,1050,1050,0
11474,1,1013,1013,0
12351,1,1071,1071,0
12352,1,1014,1014,0
11925,1,971,971,0
11926,1,1005,1005,0
11933,1,986,986,0
11934,1,955,955,0
11939,1,1068,1068,0
2871,1,1091,1091,0
3067,1,1005,1005,0
3068,1,1006,1006,0
3165,1,1009,1009,0
3166,1,986,986,0
3364,1,996,996,0
6045,1,1014,1014,0
6046,1,1115,1115,0
8431,1,1053,1053,0
8432,1,1040,1040,0
7748,1,982,982,0
8331,1,1084,1084,0
8332,1,967,967,0
9325,1,998,998,0
9326,1,977,977,0
8735,1,1018,1018,0
8736,1,992,992,0
8881,1,990,990,0
8882,1,950,950,0
8992,1,1013,1013,0
8789,1,1029,1029,0
8790,1,1090,1090,0
8803,1,1020,1020,0
8804,1,1001,1001,0
8905,1,976,976,0
8906,1,1018,1018,0
8957,1,1004,1004,0
8958,1,1109,1109,0
8989,1,1031,1031,0
8990,1,941,941,0
10015,1,959,959,0
10097,1,985,985,0
10098,1,902,902,0
10181,1,1159,1159,0
10182,1,1089,1089,0
10425,1,967,967,0
10426,1,1048,1048,0
11463,1,1065,1065,0
11464,1,1042,1042,0
31,1,1002,1002,0
32,1,1116,1116,0
71,1,1104,1104,0
72,1,1011,1011,0
269,1,1084,1084,0
270,1,1087,1087,0
363,1,1131,1131,0
364,1,1075,1075,0
417,1,947,947,0
418,1,999,999,0
427,1,1011,1011,0
428,1,1057,1057,0
441,1,972,972,0
442,1,1105,1105,0
467,1,1012,1012,0
468,1,1052,1052,0
625,1,1043,1043,0
626,1,1082,1082,0
655,1,1053,1053,0
656,1,1120,1120,0
521,1,1024,1024,0
522,1,971,971,0
695,1,1096,1096,0
696,1,1012,1012,0
1109,1,1019,1019,0
807,1,1125,1125,0
808,1,1036,1036,0
811,1,1006,1006,0
812,1,1020,1020,0
853,1,1043,1043,0
854,1,1036,1036,0
909,1,1057,1057,0
910,1,1084,1084,0
961,1,991,991,0
962,1,1086,1086,0
1047,1,969,969,0
1048,1,1049,1049,0
1071,1,1002,1002,0
1072,1,1024,1024,0
1216,1,1005,1005,0
2859,1,1039,1039,0
2860,1,1107,1107,0
2881,1,1070,1070,0
2882,1,996,996,0
3049,1,1087,1087,0
3050,1,1022,1022,0
3209,1,1072,1072,0
3210,1,1054,1054,0
9075,1,1115,1115,0
9076,1,1005,1005,0
10047,1,1048,1048,0
10048,1,975,975,0
10411,1,1025,1025,0
10412,1,1045,1045,0
11281,1,1019,1019,0
10397,1,1059,1059,0
10398,1,1042,1042,0
10451,1,1016,1016,0
10452,1,1044,1044,0
10504,1,1010,1010,0
219,1,981,981,0
220,1,946,946,0
739,1,1015,1015,0
740,1,1156,1156,0
1467,1,1031,1031,0
1215,1,1042,1042,0
1255,1,969,969,0
1256,1,972,972,0
1425,1,1000,1000,0
1426,1,1093,1093,0
10191,1,974,974,0
10203,1,1077,1077,0
10204,1,1075,1075,0
10257,1,1073,1073,0
10258,1,1012,1012,0
10503,1,1125,1125,0
11335,1,1076,1076,0
11336,1,1112,1112,0
11803,1,940,940,0
11804,1,1005,1005,0
11273,1,1074,1074,0
11274,1,977,977,0
11829,1,1011,1011,0
11830,1,1015,1015,0
11952,1,1034,1034,0
11282,1,1020,1020,0
11791,1,1092,1092,0
11792,1,1072,1072,0
11923,1,1099,1099,0
11924,1,1097,1097,0
11940,1,1163,1163,0
12109,1,1014,1014,0
12110,1,1080,1080,0
12147,1,1017,1017,0
12148,1,1015,1015,0
235,1,1007,1007,0
236,1,1089,1089,0
3403,1,969,969,0
3404,1,965,965,0
6321,1,1059,1059,0
605,1,1018,1018,0
606,1,1095,1095,0
1125,1,1074,1074,0
1126,1,1033,1033,0
5944,1,958,958,0
1468,1,1127,1127,0
1969,1,1013,1013,0
1970,1,1065,1065,0
2823,1,1082,1082,0
2824,1,1029,1029,0
3631,1,1057,1057,0
3632,1,1024,1024,0
3911,1,1000,1000,0
3912,1,1019,1019,0
7747,1,954,954,0
6322,1,1020,1020,0
6417,1,1094,1094,0
6418,1,957,957,0
6661,1,1006,1006,0
6662,1,1022,1022,0
10073,1,1003,1003,0
10074,1,1018,1018,0
10157,1,1118,1118,0
10158,1,1018,1018,0
10192,1,1129,1129,0
11951,1,1049,1049,0
11957,1,1053,1053,0
11958,1,1045,1045,0
11997,1,1141,1141,0
11998,1,1025,1025,0
25,1,1076,1076,0
26,1,1059,1059,0
2451,1,1005,1005,0
2452,1,1058,1058,0
3069,1,1041,1041,0
3070,1,1012,1012,0
3377,1,1047,1047,0
3378,1,1069,1069,0
3467,1,1004,1004,0
3468,1,1034,1034,0
3501,1,967,967,0
3502,1,1018,1018,0
3575,1,996,996,0
3576,1,1062,1062,0
3601,1,1120,1120,0
3602,1,993,993,0
3703,1,991,991,0
3704,1,991,991,0
3827,1,1094,1094,0
3828,1,1045,1045,0
3841,1,994,994,0
3842,1,1046,1046,0
3847,1,1079,1079,0
3848,1,1055,1055,0
3891,1,1048,1048,0
3892,1,936,936,0
3927,1,979,979,0
3928,1,1006,1006,0
8319,1,1037,1037,0
8320,1,1026,1026,0
3901,1,1028,1028,0
3902,1,1111,1111,0
6127,1,1118,1118,0
6128,1,1115,1115,0
9123,1,934,934,0
5943,1,1025,1025,0
6055,1,953,953,0
6056,1,1034,1034,0
6291,1,996,996,0
6292,1,1106,1106,0
6349,1,1024,1024,0
6350,1,1016,1016,0
6593,1,1092,1092,0
6594,1,987,987,0
10368,1,1109,1109,0
6689,1,1028,1028,0
6690,1,1112,1112,0
8303,1,1000,1000,0
8304,1,1047,1047,0
10120,1,1067,1067,0
8983,1,1012,1012,0
8984,1,1041,1041,0
9289,1,998,998,0
9290,1,1049,1049,0
11801,1,989,989,0
8991,1,1135,1135,0
9643,1,1050,1050,0
9644,1,1083,1083,0
9791,1,1027,1027,0
9792,1,1012,1012,0
