697,1,1042,1042,0
698,1,964,964,0
699,1,951,951,0
739,1,961,961,0
740,1,988,988,0
741,1,1031,1031,0
1990,1,935,935,0
1991,1,974,974,0
1992,1,1128,1128,0
2056,1,1063,1063,0
2057,1,1019,1019,0
2058,1,995,995,0
2101,1,953,953,0
2102,1,930,930,0
2103,1,999,999,0
2164,1,988,988,0
2165,1,1067,1067,0
2166,1,1001,1001,0
3586,1,986,986,0
3587,1,1047,1047,0
3588,1,1081,1081,0
13819,1,1063,1063,0
13820,1,1017,1017,0
13821,1,924,924,0
14065,1,906,906,0
14066,1,989,989,0
14067,1,946,946,0
14347,1,959,959,0
14348,1,1087,1087,0
14349,1,939,939,0
14504,1,1188,1188,0
14505,1,985,985,0
14404,1,1049,1049,0
14405,1,1042,1042,0
14406,1,1068,1068,0
14720,1,1008,1008,0
14721,1,967,967,0
14503,1,1061,1061,0
22057,1,970,970,0
22058,1,1015,1015,0
22059,1,1043,1043,0
14719,1,1105,1105,0
14749,1,1049,1049,0
14750,1,981,981,0
14751,1,937,937,0
21211,1,1031,1031,0
21212,1,1047,1047,0
21213,1,1030,1030,0
1846,1,1042,1042,0
1847,1,996,996,0
1848,1,1052,1052,0
3550,1,995,995,0
3552,1,1102,1102,0
3001,1,1090,1090,0
3002,1,1012,1012,0
3003,1,962,962,0
8528,1,913,913,0
8529,1,1072,1072,0
3130,1,1000,1000,0
3131,1,1151,1151,0
3132,1,970,970,0
17299,1,1062,1062,0
17300,1,933,933,0
3551,1,1102,1102,0
14317,1,987,987,0
14318,1,965,965,0
14319,1,1058,1058,0
19712,1,1003,1003,0
4762,1,977,977,0
4763,1,977,977,0
4764,1,1008,1008,0
5410,1,1116,1116,0
5411,1,1030,1030,0
5412,1,954,954,0
7393,1,1000,1000,0
7394,1,1005,1005,0
7395,1,983,983,0
8527,1,986,986,0
15829,1,975,975,0
15830,1,1018,1018,0
15831,1,964,964,0
28771,1,1140,1140,0
15370,1,973,973,0
15371,1,966,966,0
15372,1,981,981,0
29755,1,992,992,0
29756,1,1067,1067,0
17301,1,956,956,0
17974,1,1018,1018,0
17975,1,1008,1008,0
17976,1,1036,1036,0
19711,1,966,966,0
19713,1,982,982,0
28772,1,1088,1088,0
28773,1,1019,1019,0
29757,1,983,983,0
9007,1,1005,1005,0
9008,1,947,947,0
9009,1,1037,1037,0
9061,1,959,959,0
9062,1,994,994,0
9063,1,972,972,0
9790,1,984,984,0
9791,1,1000,1000,0
9792,1,966,966,0
11746,1,1019,1019,0
13636,1,938,938,0
13637,1,949,949,0
13638,1,983,983,0
13864,1,956,956,0
13865,1,936,936,0
21423,1,910,910,0
21862,1,1057,1057,0
21863,1,960,960,0
21864,1,1029,1029,0
24768,1,1115,1115,0
21775,1,942,942,0
21776,1,1112,1112,0
21777,1,963,963,0
36541,1,936,936,0
36542,1,966,966,0
22653,1,1077,1077,0
24196,1,948,948,0
24197,1,1022,1022,0
24198,1,921,921,0
28886,1,976,976,0
28887,1,975,975,0
36331,1,1015,1015,0
36332,1,913,913,0
36333,1,944,944,0
36577,1,973,973,0
36578,1,1039,1039,0
36543,1,1030,1030,0
36579,1,1015,1015,0
36775,1,909,909,0
36776,1,940,940,0
36777,1,909,909,0
36913,1,991,991,0
37054,1,1046,1046,0
37055,1,953,953,0
37056,1,963,963,0
37297,1,945,945,0
37298,1,972,972,0
38399,1,924,924,0
38515,1,914,914,0
38516,1,1000,1000,0
38517,1,1070,1070,0
2380,1,1124,1124,0
2381,1,1066,1066,0
2382,1,935,935,0
5896,1,1028,1028,0
5897,1,1136,1136,0
11747,1,947,947,0
11748,1,905,905,0
22051,1,1035,1035,0
22052,1,1167,1167,0
22053,1,996,996,0
13866,1,1070,1070,0
22354,1,994,994,0
22355,1,1047,1047,0
22356,1,1027,1027,0
22976,1,1029,1029,0
20941,1,1067,1067,0
20942,1,1015,1015,0
20943,1,999,999,0
21421,1,954,954,0
21422,1,953,953,0
22249,1,1003,1003,0
22250,1,1051,1051,0
22251,1,1016,1016,0
22651,1,953,953,0
22652,1,1116,1116,0
22975,1,1110,1110,0
22977,1,1035,1035,0
23236,1,966,966,0
23237,1,1006,1006,0
23238,1,1027,1027,0
24766,1,1032,1032,0
24767,1,922,922,0
29764,1,1054,1054,0
29765,1,1049,1049,0
29766,1,969,969,0
36914,1,1057,1057,0
36915,1,1114,1114,0
37540,1,1013,1013,0
37541,1,911,911,0
37542,1,946,946,0
37299,1,977,977,0
37369,1,931,931,0
37370,1,1169,1169,0
37371,1,966,966,0
37756,1,932,932,0
37757,1,983,983,0
37758,1,988,988,0
37867,1,983,983,0
37868,1,948,948,0
37869,1,985,985,0
5898,1,1056,1056,0
28876,1,1102,1102,0
28877,1,1005,1005,0
28878,1,1054,1054,0
28885,1,1011,1011,0
13879,1,922,922,0
13880,1,1068,1068,0
13881,1,995,995,0
23611,1,1045,1045,0
23612,1,1022,1022,0
13960,1,998,998,0
13961,1,934,934,0
13962,1,936,936,0
15787,1,975,975,0
15788,1,1053,1053,0
15789,1,1003,1003,0
23863,1,962,962,0
23864,1,960,960,0
23865,1,974,974,0
33769,1,1080,1080,0
23613,1,948,948,0
26233,1,935,935,0
26234,1,1075,1075,0
26235,1,1089,1089,0
26264,1,1084,1084,0
26263,1,1151,1151,0
26265,1,910,910,0
26266,1,1102,1102,0
26267,1,941,941,0
26268,1,960,960,0
28933,1,1028,1028,0
28934,1,1071,1071,0
28935,1,1051,1051,0
33770,1,972,972,0
33771,1,967,967,0
37672,1,1085,1085,0
37673,1,940,940,0
37674,1,1064,1064,0
38398,1,1073,1073,0
38400,1,1107,1107,0
37888,1,1047,1047,0
37889,1,1248,1248,0
37890,1,1070,1070,0
38059,1,1069,1069,0
38060,1,986,986,0
38061,1,1061,1061,0
5959,1,933,933,0
5960,1,1211,1211,0
5961,1,1028,1028,0
22252,1,953,953,0
22253,1,1005,1005,0
8581,1,946,946,0
8582,1,1036,1036,0
8583,1,1255,1255,0
11797,1,1060,1060,0
11798,1,1118,1118,0
13132,1,969,969,0
13133,1,1100,1100,0
13134,1,984,984,0
33904,1,987,987,0
33905,1,975,975,0
20626,1,949,949,0
20627,1,1014,1014,0
20628,1,945,945,0
34906,1,956,956,0
34907,1,987,987,0
22014,1,1158,1158,0
22254,1,1063,1063,0
29260,1,1039,1039,0
29261,1,949,949,0
29262,1,948,948,0
38524,1,1003,1003,0
38525,1,978,978,0
34908,1,1005,1005,0
35695,1,1031,1031,0
35697,1,974,974,0
37651,1,1040,1040,0
37652,1,969,969,0
37653,1,984,984,0
37675,1,1054,1054,0
37676,1,920,920,0
37677,1,1048,1048,0
37702,1,931,931,0
37704,1,1077,1077,0
37703,1,1183,1183,0
37798,1,958,958,0
37799,1,985,985,0
37800,1,920,920,0
38175,1,968,968,0
38526,1,986,986,0
11799,1,1075,1075,0
14146,1,932,932,0
14147,1,1078,1078,0
14148,1,974,974,0
19328,1,981,981,0
12610,1,999,999,0
12611,1,1015,1015,0
12612,1,1194,1194,0
13424,1,1013,1013,0
13425,1,1177,1177,0
13423,1,1011,1011,0
14389,1,1098,1098,0
14390,1,989,989,0
14391,1,1078,1078,0
22012,1,984,984,0
22013,1,993,993,0
19327,1,1144,1144,0
19329,1,966,966,0
22414,1,1090,1090,0
22415,1,955,955,0
22416,1,964,964,0
22465,1,1192,1192,0
22466,1,1074,1074,0
22467,1,1000,1000,0
38173,1,1048,1048,0
38174,1,994,994,0
22894,1,1102,1102,0
22895,1,949,949,0
22896,1,984,984,0
27793,1,971,971,0
27794,1,926,926,0
27795,1,983,983,0
33906,1,1172,1172,0
34996,1,1214,1214,0
34997,1,948,948,0
34998,1,971,971,0
35696,1,1022,1022,0
5176,1,958,958,0
5177,1,1141,1141,0
5178,1,977,977,0
12019,1,946,946,0
12020,1,920,920,0
10651,1,1061,1061,0
10652,1,957,957,0
10653,1,1102,1102,0
11029,1,1153,1153,0
11030,1,1138,1138,0
11031,1,1032,1032,0
21466,1,1179,1179,0
21467,1,1218,1218,0
21468,1,994,994,0
12021,1,1029,1029,0
12166,1,1028,1028,0
12167,1,1087,1087,0
12168,1,984,984,0
27416,1,968,968,0
12235,1,1015,1015,0
12236,1,1321,1321,0
12237,1,979,979,0
16594,1,979,979,0
16595,1,1071,1071,0
16596,1,1002,1002,0
18574,1,1064,1064,0
18575,1,1069,1069,0
18576,1,1100,1100,0
20965,1,1039,1039,0
20966,1,988,988,0
18690,1,965,965,0
20428,1,982,982,0
20429,1,1008,1008,0
20430,1,1019,1019,0
37570,1,1075,1075,0
37571,1,952,952,0
27300,1,983,983,0
35176,1,977,977,0
35177,1,948,948,0
35178,1,1027,1027,0
27679,1,963,963,0
27681,1,1037,1037,0
37572,1,1171,1171,0
676,1,956,956,0
677,1,984,984,0
678,1,1095,1095,0
1144,1,991,991,0
1145,1,953,953,0
1146,1,952,952,0
7336,1,1182,1182,0
7337,1,1021,1021,0
7338,1,1162,1162,0
16246,1,986,986,0
16248,1,982,982,0
7609,1,1057,1057,0
7610,1,1050,1050,0
7611,1,980,980,0
12025,1,1184,1184,0
12026,1,1058,1058,0
7758,1,1014,1014,0
9442,1,1122,1122,0
9443,1,973,973,0
9444,1,934,934,0
27680,1,1001,1001,0
7771,1,1004,1004,0
7772,1,961,961,0
7773,1,939,939,0
18688,1,943,943,0
18689,1,1009,1009,0
9472,1,975,975,0
9473,1,984,984,0
9474,1,1128,1128,0
24157,1,1030,1030,0
24158,1,932,932,0
16247,1,1144,1144,0
17543,1,1045,1045,0
20967,1,998,998,0
24159,1,1035,1035,0
28960,1,1024,1024,0
28961,1,1010,1010,0
28962,1,1042,1042,0
26812,1,986,986,0
26813,1,1248,1248,0
26814,1,1042,1042,0
27298,1,955,955,0
27299,1,960,960,0
727,1,1105,1105,0
728,1,1021,1021,0
729,1,970,970,0
17542,1,994,994,0
17544,1,1000,1000,0
5350,1,1039,1039,0
5351,1,1082,1082,0
5352,1,1007,1007,0
17923,1,977,977,0
17924,1,1050,1050,0
11569,1,989,989,0
11570,1,926,926,0
11571,1,1265,1265,0
12976,1,1025,1025,0
12977,1,1157,1157,0
12027,1,934,934,0
13441,1,1057,1057,0
13442,1,1045,1045,0
13443,1,966,966,0
12978,1,1091,1091,0
16294,1,980,980,0
16295,1,1026,1026,0
16296,1,1038,1038,0
17925,1,976,976,0
26367,1,981,981,0
35706,1,1063,1063,0
36723,1,1023,1023,0
37618,1,984,984,0
37619,1,1007,1007,0
37620,1,1127,1127,0
928,1,969,969,0
929,1,953,953,0
930,1,1239,1239,0
1099,1,997,997,0
1100,1,987,987,0
1101,1,1083,1083,0
2083,1,1000,1000,0
2084,1,960,960,0
2085,1,947,947,0
15067,1,1005,1005,0
15068,1,1087,1087,0
3835,1,1038,1038,0
3836,1,1021,1021,0
3837,1,983,983,0
3859,1,954,954,0
3860,1,971,971,0
3861,1,942,942,0
5182,1,949,949,0
5183,1,955,955,0
5184,1,984,984,0
27672,1,1047,1047,0
4276,1,907,907,0
4277,1,1170,1170,0
4278,1,1047,1047,0
5149,1,982,982,0
5150,1,1234,1234,0
5151,1,1038,1038,0
12241,1,1047,1047,0
12242,1,983,983,0
12243,1,994,994,0
37256,1,1019,1019,0
13456,1,974,974,0
13457,1,917,917,0
13458,1,999,999,0
36427,1,1042,1042,0
36428,1,958,958,0
15069,1,1008,1008,0
17137,1,1066,1066,0
17138,1,1050,1050,0
17139,1,1021,1021,0
17496,1,896,896,0
17494,1,1006,1006,0
17495,1,967,967,0
27907,1,948,948,0
27908,1,1008,1008,0
27909,1,989,989,0
28453,1,931,931,0
28454,1,1007,1007,0
28455,1,931,931,0
28472,1,1076,1076,0
28473,1,1088,1088,0
28471,1,1162,1162,0
29647,1,1001,1001,0
29648,1,1072,1072,0
29649,1,1146,1146,0
34458,1,975,975,0
36429,1,1161,1161,0
37255,1,1047,1047,0
37257,1,970,970,0
37302,1,1083,1083,0
3061,1,993,993,0
3062,1,1058,1058,0
3063,1,972,972,0
37300,1,1036,1036,0
37301,1,964,964,0
9340,1,988,988,0
9341,1,1099,1099,0
9342,1,1098,1098,0
12064,1,969,969,0
12065,1,947,947,0
12066,1,966,966,0
12331,1,1012,1012,0
12332,1,962,962,0
12333,1,1204,1204,0
17611,1,1234,1234,0
12463,1,965,965,0
12464,1,1022,1022,0
12465,1,984,984,0
16363,1,966,966,0
16364,1,1126,1126,0
16365,1,958,958,0
17758,1,1007,1007,0
17759,1,970,970,0
17760,1,1096,1096,0
21811,1,947,947,0
17612,1,973,973,0
17613,1,964,964,0
22612,1,1029,1029,0
22613,1,976,976,0
22614,1,1014,1014,0
21812,1,925,925,0
21813,1,973,973,0
29797,1,980,980,0
29798,1,1030,1030,0
29799,1,1077,1077,0
23005,1,1094,1094,0
23006,1,937,937,0
23007,1,1019,1019,0
34456,1,1072,1072,0
34457,1,1134,1134,0
27670,1,1026,1026,0
27671,1,1043,1043,0
28153,1,975,975,0
28154,1,979,979,0
28155,1,1010,1010,0
1027,1,967,967,0
1028,1,1064,1064,0
1029,1,1143,1143,0
35329,1,949,949,0
35330,1,1062,1062,0
8983,1,1060,1060,0
8984,1,1002,1002,0
8985,1,1011,1011,0
9349,1,1032,1032,0
9350,1,1021,1021,0
9351,1,1087,1087,0
10303,1,1024,1024,0
10304,1,930,930,0
10305,1,1004,1004,0
12652,1,1047,1047,0
9826,1,989,989,0
9827,1,1144,1144,0
9828,1,971,971,0
10616,1,935,935,0
10617,1,922,922,0
17182,1,963,963,0
17183,1,1111,1111,0
17184,1,1040,1040,0
23557,1,1048,1048,0
23558,1,1135,1135,0
23559,1,965,965,0
23704,1,962,962,0
23705,1,1065,1065,0
23706,1,988,988,0
33864,1,926,926,0
24922,1,992,992,0
24923,1,1002,1002,0
24924,1,941,941,0
29498,1,961,961,0
29499,1,968,968,0
36196,1,942,942,0
36197,1,1029,1029,0
36198,1,1027,1027,0
33862,1,950,950,0
33863,1,939,939,0
35098,1,1012,1012,0
35099,1,993,993,0
35100,1,1002,1002,0
34189,1,955,955,0
34190,1,1078,1078,0
34191,1,963,963,0
37328,1,970,970,0
37329,1,921,921,0
35331,1,1016,1016,0
37327,1,1045,1045,0
37693,1,955,955,0
37694,1,1007,1007,0
37695,1,989,989,0
703,1,933,933,0
704,1,1116,1116,0
705,1,1013,1013,0
3562,1,1009,1009,0
3563,1,1060,1060,0
10197,1,995,995,0
12256,1,996,996,0
12257,1,952,952,0
12258,1,996,996,0
10615,1,1015,1015,0
12871,1,1015,1015,0
12872,1,1056,1056,0
12873,1,985,985,0
18888,1,1052,1052,0
12653,1,957,957,0
12654,1,951,951,0
17020,1,1099,1099,0
17021,1,1054,1054,0
17022,1,974,974,0
13596,1,985,985,0
33694,1,936,936,0
33695,1,953,953,0
33696,1,918,918,0
34040,1,1082,1082,0
18493,1,1017,1017,0
18494,1,1039,1039,0
18495,1,1068,1068,0
24805,1,983,983,0
24806,1,996,996,0
18886,1,998,998,0
18887,1,1015,1015,0
21922,1,950,950,0
21923,1,965,965,0
21924,1,1109,1109,0
24807,1,1046,1046,0
26029,1,1028,1028,0
26030,1,1018,1018,0
26031,1,1050,1050,0
29497,1,1006,1006,0
29128,1,922,922,0
29129,1,961,961,0
29130,1,1012,1012,0
29716,1,976,976,0
29717,1,1045,1045,0
29718,1,970,970,0
34039,1,1040,1040,0
34041,1,1090,1090,0
763,1,1322,1322,0
764,1,1086,1086,0
765,1,1033,1033,0
10195,1,1082,1082,0
10196,1,1043,1043,0
3564,1,1202,1202,0
26512,1,1108,1108,0
26513,1,1190,1190,0
26514,1,1044,1044,0
26936,1,1092,1092,0
6613,1,970,970,0
6614,1,1046,1046,0
6615,1,1183,1183,0
21964,1,970,970,0
21965,1,1076,1076,0
9136,1,956,956,0
9137,1,957,957,0
9138,1,917,917,0
13594,1,998,998,0
13595,1,967,967,0
10867,1,950,950,0
10868,1,951,951,0
10869,1,1014,1014,0
15416,1,1129,1129,0
15417,1,1057,1057,0
13306,1,1080,1080,0
13307,1,1060,1060,0
13308,1,1041,1041,0
35980,1,991,991,0
35981,1,1191,1191,0
15415,1,1062,1062,0
20377,1,1046,1046,0
20378,1,1080,1080,0
20379,1,1236,1236,0
22144,1,1053,1053,0
21966,1,975,975,0
22145,1,928,928,0
22146,1,967,967,0
37621,1,1145,1145,0
37622,1,1126,1126,0
37623,1,977,977,0
26935,1,1239,1239,0
26937,1,999,999,0
27655,1,1119,1119,0
27656,1,960,960,0
27657,1,1035,1035,0
35982,1,1000,1000,0
36375,1,958,958,0
3373,1,1040,1040,0
3374,1,958,958,0
3375,1,951,951,0
12121,1,1056,1056,0
12122,1,973,973,0
5947,1,1095,1095,0
5948,1,1008,1008,0
5949,1,1041,1041,0
36373,1,1049,1049,0
36374,1,971,971,0
10879,1,996,996,0
10880,1,966,966,0
10881,1,1256,1256,0
11251,1,1071,1071,0
11252,1,952,952,0
11253,1,1084,1084,0
12123,1,1198,1198,0
15625,1,1090,1090,0
15626,1,1091,1091,0
15627,1,1239,1239,0
23341,1,1092,1092,0
23342,1,1031,1031,0
23343,1,970,970,0
943,1,940,940,0
944,1,1007,1007,0
945,1,1054,1054,0
4330,1,1003,1003,0
4331,1,1000,1000,0
2311,1,944,944,0
2313,1,975,975,0
5647,1,959,959,0
5648,1,953,953,0
5649,1,1084,1084,0
3796,1,947,947,0
3797,1,941,941,0
3798,1,990,990,0
3862,1,1037,1037,0
3864,1,977,977,0
3863,1,1043,1043,0
4332,1,951,951,0
5964,1,924,924,0
8029,1,963,963,0
8030,1,1065,1065,0
8031,1,1012,1012,0
8554,1,926,926,0
7642,1,1064,1064,0
7643,1,1049,1049,0
7644,1,1031,1031,0
35116,1,1020,1020,0
35117,1,933,933,0
8555,1,1025,1025,0
8556,1,1016,1016,0
12145,1,996,996,0
12146,1,976,976,0
12147,1,976,976,0
11089,1,1063,1063,0
11090,1,1009,1009,0
11091,1,1026,1026,0
21766,1,983,983,0
21768,1,927,927,0
16415,1,937,937,0
16972,1,988,988,0
16973,1,1004,1004,0
16974,1,982,982,0
16503,1,1084,1084,0
21015,1,932,932,0
21767,1,1021,1021,0
29847,1,1255,1255,0
34970,1,946,946,0
34971,1,1017,1017,0
35118,1,966,966,0
1318,1,963,963,0
1319,1,1259,1259,0
1320,1,935,935,0
2065,1,1008,1008,0
2066,1,1231,1231,0
2067,1,969,969,0
2188,1,955,955,0
2189,1,948,948,0
2190,1,1096,1096,0
2312,1,1150,1150,0
2833,1,976,976,0
2834,1,957,957,0
2835,1,907,907,0
5284,1,967,967,0
5285,1,1018,1018,0
5215,1,1060,1060,0
5216,1,1028,1028,0
5217,1,1069,1069,0
5962,1,945,945,0
5963,1,1022,1022,0
5286,1,981,981,0
6682,1,968,968,0
6683,1,1123,1123,0
6684,1,989,989,0
6720,1,1029,1029,0
5359,1,1144,1144,0
5395,1,1011,1011,0
5396,1,1103,1103,0
5397,1,990,990,0
7546,1,1124,1124,0
6421,1,974,974,0
6422,1,991,991,0
6423,1,1201,1201,0
16501,1,988,988,0
16502,1,954,954,0
6718,1,1043,1043,0
6719,1,972,972,0
7033,1,1052,1052,0
7034,1,1019,1019,0
7035,1,991,991,0
7547,1,1076,1076,0
7548,1,1113,1113,0
8257,1,967,967,0
8258,1,920,920,0
8259,1,1016,1016,0
8986,1,938,938,0
8987,1,931,931,0
8988,1,1100,1100,0
9421,1,985,985,0
9422,1,1072,1072,0
11209,1,1034,1034,0
11210,1,1062,1062,0
11211,1,1077,1077,0
21013,1,968,968,0
21014,1,941,941,0
13966,1,968,968,0
13967,1,1073,1073,0
13968,1,1036,1036,0
16414,1,997,997,0
16416,1,1006,1006,0
27375,1,911,911,0
28324,1,951,951,0
28325,1,942,942,0
28326,1,967,967,0
28330,1,980,980,0
4288,1,997,997,0
4289,1,1023,1023,0
4290,1,1041,1041,0
5360,1,958,958,0
5361,1,963,963,0
8017,1,1080,1080,0
8018,1,962,962,0
8019,1,967,967,0
10444,1,951,951,0
10445,1,930,930,0
9423,1,1071,1071,0
12847,1,936,936,0
12848,1,1056,1056,0
12849,1,1054,1054,0
34969,1,966,966,0
12568,1,996,996,0
12569,1,1039,1039,0
12570,1,1047,1047,0
27373,1,1079,1079,0
27374,1,1190,1190,0
12727,1,967,967,0
12728,1,1069,1069,0
12729,1,1048,1048,0
17926,1,960,960,0
17928,1,944,944,0
13876,1,1201,1201,0
13877,1,991,991,0
13878,1,1028,1028,0
15040,1,1041,1041,0
15041,1,963,963,0
15042,1,1022,1022,0
29773,1,979,979,0
29774,1,1054,1054,0
29775,1,964,964,0
36208,1,1168,1168,0
22187,1,993,993,0
22188,1,1009,1009,0
22858,1,1079,1079,0
22859,1,1021,1021,0
22860,1,976,976,0
23242,1,1070,1070,0
23243,1,953,953,0
23244,1,1059,1059,0
23266,1,939,939,0
23267,1,976,976,0
23268,1,1043,1043,0
23365,1,1027,1027,0
23366,1,995,995,0
23367,1,958,958,0
24778,1,946,946,0
24779,1,964,964,0
24780,1,1000,1000,0
33316,1,987,987,0
33317,1,931,931,0
33318,1,964,964,0
28331,1,1142,1142,0
28332,1,1005,1005,0
28399,1,1001,1001,0
28400,1,1106,1106,0
28401,1,971,971,0
28828,1,986,986,0
28829,1,1041,1041,0
28830,1,1009,1009,0
29845,1,1032,1032,0
29846,1,945,945,0
35074,1,1006,1006,0
35075,1,981,981,0
35076,1,998,998,0
36209,1,1021,1021,0
36210,1,954,954,0
10117,1,1019,1019,0
10118,1,887,887,0
10119,1,1040,1040,0
17248,1,986,986,0
17249,1,966,966,0
10446,1,984,984,0
12136,1,981,981,0
12137,1,1177,1177,0
12138,1,977,977,0
17016,1,994,994,0
17014,1,940,940,0
17015,1,933,933,0
17344,1,1012,1012,0
17345,1,951,951,0
17346,1,970,970,0
17776,1,1114,1114,0
17777,1,1013,1013,0
17778,1,1160,1160,0
21152,1,1023,1023,0
21153,1,1014,1014,0
17927,1,1177,1177,0
17941,1,1010,1010,0
17942,1,979,979,0
17943,1,1096,1096,0
29152,1,1010,1010,0
21151,1,905,905,0
21178,1,952,952,0
21179,1,959,959,0
21180,1,1092,1092,0
22186,1,989,989,0
26926,1,998,998,0
26927,1,1009,1009,0
26928,1,1067,1067,0
27037,1,1100,1100,0
27038,1,969,969,0
27039,1,946,946,0
33706,1,942,942,0
33707,1,988,988,0
33708,1,1078,1078,0
29153,1,942,942,0
29154,1,1075,1075,0
29869,1,1009,1009,0
29870,1,1013,1013,0
29871,1,1018,1018,0
7069,1,987,987,0
7070,1,987,987,0
7071,1,1030,1030,0
9169,1,931,931,0
9170,1,991,991,0
10063,1,1152,1152,0
10065,1,942,942,0
10126,1,973,973,0
10127,1,963,963,0
10128,1,991,991,0
11374,1,1056,1056,0
11375,1,962,962,0
11376,1,989,989,0
18328,1,967,967,0
18329,1,1068,1068,0
17250,1,1004,1004,0
22567,1,1075,1075,0
22568,1,1040,1040,0
22569,1,1067,1067,0
23290,1,1061,1061,0
18330,1,969,969,0
18448,1,967,967,0
18449,1,983,983,0
18450,1,934,934,0
20160,1,942,942,0
20158,1,919,919,0
20159,1,984,984,0
24559,1,1011,1011,0
24560,1,1027,1027,0
24561,1,1070,1070,0
23291,1,967,967,0
23292,1,1037,1037,0
25774,1,1074,1074,0
25775,1,1008,1008,0
25776,1,948,948,0
25801,1,1075,1075,0
25802,1,911,911,0
25803,1,976,976,0
26026,1,986,986,0
26027,1,1054,1054,0
26028,1,998,998,0
33119,1,944,944,0
33886,1,950,950,0
33887,1,1032,1032,0
36845,1,1183,1183,0
36846,1,1030,1030,0
37087,1,949,949,0
37089,1,1009,1009,0
37338,1,996,996,0
5965,1,953,953,0
5966,1,938,938,0
5967,1,1036,1036,0
19768,1,1025,1025,0
19769,1,975,975,0
9171,1,996,996,0
9412,1,1085,1085,0
9413,1,1061,1061,0
9414,1,979,979,0
10064,1,920,920,0
10273,1,1152,1152,0
10274,1,1028,1028,0
10275,1,981,981,0
10969,1,975,975,0
10970,1,1015,1015,0
10495,1,1053,1053,0
10496,1,1063,1063,0
10497,1,1037,1037,0
11672,1,976,976,0
11673,1,1133,1133,0
10971,1,1013,1013,0
11077,1,1191,1191,0
11078,1,998,998,0
11079,1,971,971,0
11224,1,1092,1092,0
11225,1,955,955,0
11226,1,1075,1075,0
11368,1,990,990,0
11369,1,1039,1039,0
11370,1,1059,1059,0
19770,1,993,993,0
20593,1,951,951,0
20594,1,1034,1034,0
20595,1,930,930,0
26011,1,1189,1189,0
34827,1,989,989,0
35164,1,942,942,0
35165,1,991,991,0
35166,1,978,978,0
37088,1,935,935,0
36106,1,981,981,0
36107,1,968,968,0
36108,1,1058,1058,0
37336,1,1003,1003,0
37337,1,986,986,0
3973,1,1018,1018,0
3974,1,959,959,0
3975,1,948,948,0
7750,1,997,997,0
7752,1,1017,1017,0
11671,1,967,967,0
13192,1,1079,1079,0
13193,1,956,956,0
13194,1,1081,1081,0
18517,1,980,980,0
14166,1,1014,1014,0
15325,1,970,970,0
15326,1,912,912,0
15327,1,970,970,0
15556,1,975,975,0
18518,1,1001,1001,0
18519,1,1036,1036,0
18544,1,904,904,0
18545,1,971,971,0
18546,1,1288,1288,0
18994,1,923,923,0
18995,1,1102,1102,0
18996,1,1027,1027,0
19054,1,1066,1066,0
19056,1,1034,1034,0
20908,1,978,978,0
20909,1,1086,1086,0
20910,1,1067,1067,0
34825,1,962,962,0
34826,1,927,927,0
24050,1,1137,1137,0
24051,1,1050,1050,0
24942,1,954,954,0
25402,1,950,950,0
25403,1,915,915,0
25404,1,1025,1025,0
25720,1,1007,1007,0
25604,1,1065,1065,0
25605,1,1137,1137,0
28300,1,1022,1022,0
28301,1,991,991,0
28302,1,1023,1023,0
26756,1,938,938,0
26757,1,1151,1151,0
27237,1,995,995,0
28888,1,951,951,0
28889,1,958,958,0
28890,1,985,985,0
29434,1,1238,1238,0
29656,1,970,970,0
29657,1,972,972,0
29658,1,992,992,0
35248,1,1036,1036,0
35249,1,997,997,0
35250,1,1061,1061,0
35506,1,1146,1146,0
35507,1,978,978,0
35508,1,1021,1021,0
35788,1,920,920,0
35789,1,988,988,0
35790,1,989,989,0
901,1,990,990,0
902,1,974,974,0
903,1,1023,1023,0
1384,1,953,953,0
1385,1,944,944,0
1186,1,910,910,0
1187,1,1013,1013,0
1188,1,1003,1003,0
1328,1,1115,1115,0
1329,1,1055,1055,0
2032,1,1005,1005,0
2033,1,1002,1002,0
2034,1,890,890,0
8920,1,937,937,0
8921,1,1096,1096,0
2215,1,932,932,0
2216,1,983,983,0
2217,1,982,982,0
3664,1,962,962,0
3665,1,950,950,0
8775,1,953,953,0
15193,1,940,940,0
15194,1,1036,1036,0
15195,1,1047,1047,0
9556,1,959,959,0
9557,1,1002,1002,0
9558,1,1008,1008,0
17192,1,1017,1017,0
17193,1,944,944,0
9781,1,1043,1043,0
9782,1,982,982,0
9783,1,961,961,0
12220,1,950,950,0
12221,1,1058,1058,0
13399,1,1025,1025,0
13401,1,931,931,0
15073,1,994,994,0
15074,1,951,951,0
15075,1,999,999,0
18828,1,1074,1074,0
21424,1,1028,1028,0
21425,1,938,938,0
21426,1,948,948,0
24049,1,966,966,0
19055,1,1079,1079,0
20728,1,1120,1120,0
20729,1,1219,1219,0
20730,1,1007,1007,0
22488,1,1049,1049,0
20305,1,1020,1020,0
20306,1,955,955,0
20307,1,942,942,0
23929,1,1011,1011,0
23930,1,958,958,0
21559,1,1018,1018,0
21560,1,1123,1123,0
21561,1,1020,1020,0
22759,1,1078,1078,0
22761,1,960,960,0
24247,1,948,948,0
24248,1,1007,1007,0
24249,1,1006,1006,0
25597,1,1007,1007,0
25598,1,964,964,0
25599,1,972,972,0
25717,1,1085,1085,0
25718,1,1052,1052,0
28790,1,999,999,0
28791,1,994,994,0
33877,1,1031,1031,0
33878,1,993,993,0
33879,1,995,995,0
29446,1,900,900,0
29447,1,946,946,0
29881,1,996,996,0
29882,1,1001,1001,0
29883,1,1078,1078,0
33021,1,998,998,0
7751,1,1060,1060,0
7927,1,983,983,0
7928,1,977,977,0
7929,1,1220,1220,0
8044,1,957,957,0
8045,1,968,968,0
8046,1,956,956,0
10804,1,1072,1072,0
10805,1,1001,1001,0
10806,1,1069,1069,0
8922,1,978,978,0
15184,1,1122,1122,0
15185,1,959,959,0
15186,1,958,958,0
21984,1,979,979,0
11641,1,1041,1041,0
11642,1,1059,1059,0
11643,1,963,963,0
14164,1,990,990,0
14165,1,999,999,0
15557,1,947,947,0
15558,1,1073,1073,0
19021,1,994,994,0
19022,1,940,940,0
19023,1,1215,1215,0
20011,1,1001,1001,0
20012,1,966,966,0
20013,1,1137,1137,0
24940,1,1088,1088,0
24941,1,934,934,0
21982,1,926,926,0
21983,1,909,909,0
22183,1,956,956,0
22184,1,1118,1118,0
22185,1,1042,1042,0
22486,1,969,969,0
22487,1,1107,1107,0
24169,1,983,983,0
24170,1,993,993,0
24171,1,1022,1022,0
24292,1,967,967,0
24293,1,1116,1116,0
24294,1,960,960,0
24730,1,1014,1014,0
24731,1,1062,1062,0
24732,1,1005,1005,0
24802,1,1052,1052,0
24803,1,1088,1088,0
24804,1,1031,1031,0
25603,1,976,976,0
25465,1,1025,1025,0
25466,1,928,928,0
25467,1,952,952,0
25534,1,1090,1090,0
25536,1,920,920,0
26965,1,964,964,0
26966,1,1001,1001,0
26967,1,1143,1143,0
27235,1,1184,1184,0
27236,1,1057,1057,0
29435,1,976,976,0
29436,1,977,977,0
29530,1,1019,1019,0
29531,1,1075,1075,0
29532,1,934,934,0
34015,1,988,988,0
1522,1,1023,1023,0
1523,1,991,991,0
1524,1,1030,1030,0
34016,1,973,973,0
34017,1,977,977,0
3666,1,1070,1070,0
3988,1,1004,1004,0
3989,1,1005,1005,0
3990,1,947,947,0
4195,1,1188,1188,0
4196,1,1098,1098,0
4197,1,1023,1023,0
4630,1,979,979,0
4631,1,1101,1101,0
4632,1,997,997,0
6145,1,948,948,0
6146,1,985,985,0
6147,1,1107,1107,0
7738,1,965,965,0
7739,1,956,956,0
7740,1,1118,1118,0
8968,1,1079,1079,0
8969,1,1037,1037,0
8970,1,1018,1018,0
9010,1,1137,1137,0
9011,1,940,940,0
9012,1,1040,1040,0
9958,1,1158,1158,0
9959,1,1050,1050,0
9960,1,971,971,0
15978,1,962,962,0
17350,1,1085,1085,0
17351,1,1019,1019,0
17352,1,1001,1001,0
22760,1,1006,1006,0
24478,1,961,961,0
24479,1,983,983,0
24480,1,1044,1044,0
24502,1,1256,1256,0
24504,1,1045,1045,0
24503,1,923,923,0
24547,1,946,946,0
24548,1,1009,1009,0
24549,1,1107,1107,0
25348,1,1016,1016,0
25721,1,990,990,0
25722,1,1173,1173,0
26179,1,1013,1013,0
26180,1,1212,1212,0
26181,1,1031,1031,0
38014,1,968,968,0
38015,1,978,978,0
38016,1,1021,1021,0
1327,1,977,977,0
1630,1,977,977,0
1631,1,1102,1102,0
1632,1,947,947,0
14544,1,1254,1254,0
5678,1,977,977,0
5679,1,1248,1248,0
8863,1,1272,1272,0
8864,1,952,952,0
8865,1,1126,1126,0
8157,1,1111,1111,0
9316,1,919,919,0
9317,1,1116,1116,0
9318,1,977,977,0
9682,1,977,977,0
9683,1,981,981,0
9684,1,936,936,0
34567,1,1024,1024,0
34568,1,1007,1007,0
34569,1,1024,1024,0
9841,1,1144,1144,0
9842,1,984,984,0
9843,1,1062,1062,0
9944,1,1031,1031,0
9945,1,1056,1056,0
9943,1,934,934,0
10912,1,1004,1004,0
10913,1,978,978,0
10914,1,1068,1068,0
11284,1,1092,1092,0
10333,1,1022,1022,0
10334,1,1054,1054,0
10335,1,967,967,0
10414,1,981,981,0
10416,1,1077,1077,0
10415,1,1034,1034,0
10432,1,1065,1065,0
10433,1,1105,1105,0
10434,1,947,947,0
10669,1,1182,1182,0
10670,1,981,981,0
10671,1,993,993,0
11398,1,1089,1089,0
11399,1,976,976,0
11400,1,954,954,0
11710,1,1060,1060,0
11711,1,1031,1031,0
11712,1,910,910,0
11773,1,990,990,0
11774,1,957,957,0
11775,1,971,971,0
25462,1,962,962,0
25463,1,962,962,0
25464,1,1044,1044,0
12222,1,949,949,0
13357,1,961,961,0
13358,1,1018,1018,0
13359,1,1067,1067,0
13400,1,1092,1092,0
15649,1,1059,1059,0
15650,1,1018,1018,0
15651,1,1026,1026,0
15976,1,1010,1010,0
15977,1,1171,1171,0
17191,1,1057,1057,0
24451,1,1071,1071,0
24452,1,963,963,0
24453,1,970,970,0
26755,1,1088,1088,0
23931,1,985,985,0
25474,1,959,959,0
25475,1,1097,1097,0
25476,1,1049,1049,0
28789,1,1025,1025,0
25349,1,1201,1201,0
25350,1,1040,1040,0
25426,1,1040,1040,0
25427,1,1144,1144,0
25428,1,963,963,0
25719,1,971,971,0
27787,1,1064,1064,0
27788,1,1078,1078,0
27789,1,983,983,0
29448,1,988,988,0
3544,1,1059,1059,0
3545,1,1196,1196,0
3546,1,1099,1099,0
13195,1,1000,1000,0
13196,1,925,925,0
6748,1,1106,1106,0
6749,1,958,958,0
6750,1,1026,1026,0
8155,1,1043,1043,0
8156,1,953,953,0
7534,1,1118,1118,0
7535,1,961,961,0
7536,1,1104,1104,0
8773,1,971,971,0
8774,1,1178,1178,0
11285,1,1103,1103,0
11286,1,1021,1021,0
16864,1,1036,1036,0
16865,1,1026,1026,0
16866,1,1045,1045,0
13197,1,999,999,0
19342,1,1051,1051,0
19343,1,1242,1242,0
19344,1,1089,1089,0
20504,1,964,964,0
13450,1,986,986,0
13451,1,1073,1073,0
13452,1,1003,1003,0
18724,1,1139,1139,0
18725,1,1035,1035,0
14542,1,1006,1006,0
14543,1,947,947,0
14557,1,949,949,0
14558,1,1079,1079,0
14559,1,1045,1045,0
15517,1,971,971,0
15518,1,1048,1048,0
15519,1,969,969,0
18826,1,1059,1059,0
18827,1,966,966,0
18726,1,1014,1014,0
20209,1,956,956,0
20210,1,1005,1005,0
20211,1,1039,1039,0
23923,1,1044,1044,0
20503,1,1028,1028,0
20505,1,1102,1102,0
23512,1,1160,1160,0
23513,1,948,948,0
23514,1,987,987,0
26012,1,1035,1035,0
26013,1,941,941,0
28414,1,1060,1060,0
28415,1,1019,1019,0
28416,1,978,978,0
27448,1,1128,1128,0
27449,1,992,992,0
27450,1,1278,1278,0
27784,1,960,960,0
27785,1,951,951,0
27568,1,1010,1010,0
27569,1,953,953,0
27570,1,1017,1017,0
33019,1,1286,1286,0
33020,1,1084,1084,0
27786,1,1062,1062,0
33253,1,1090,1090,0
33254,1,946,946,0
33255,1,1014,1014,0
33888,1,1069,1069,0
29347,1,1062,1062,0
29348,1,1209,1209,0
29349,1,926,926,0
33118,1,975,975,0
33120,1,1009,1009,0
33715,1,1159,1159,0
33716,1,1032,1032,0
33717,1,969,969,0
35269,1,1121,1121,0
35270,1,1016,1016,0
35271,1,1060,1060,0
35410,1,941,941,0
35411,1,1046,1046,0
35412,1,1062,1062,0
36844,1,992,992,0
1386,1,1028,1028,0
1399,1,1045,1045,0
1400,1,1012,1012,0
1401,1,1111,1111,0
5677,1,1005,1005,0
8992,1,1036,1036,0
8993,1,1042,1042,0
8994,1,994,994,0
18193,1,1013,1013,0
18194,1,1052,1052,0
10270,1,945,945,0
10271,1,992,992,0
10272,1,1005,1005,0
24073,1,1034,1034,0
24074,1,931,931,0
14845,1,1041,1041,0
14846,1,1058,1058,0
14847,1,944,944,0
18376,1,1099,1099,0
18377,1,935,935,0
18195,1,973,973,0
19663,1,1000,1000,0
19664,1,1149,1149,0
19665,1,984,984,0
25621,1,990,990,0
18378,1,924,924,0
23924,1,1025,1025,0
23925,1,1050,1050,0
26398,1,1129,1129,0
26399,1,1024,1024,0
26400,1,1115,1115,0
24075,1,992,992,0
25535,1,949,949,0
26008,1,1035,1035,0
26009,1,958,958,0
26010,1,1092,1092,0
26197,1,957,957,0
25622,1,1042,1042,0
25623,1,1009,1009,0
25744,1,1061,1061,0
25745,1,991,991,0
25746,1,1077,1077,0
26198,1,1193,1193,0
26199,1,999,999,0
29095,1,974,974,0
29096,1,1122,1122,0
29097,1,1118,1118,0
10537,1,1003,1003,0
10538,1,1018,1018,0
10539,1,990,990,0
14275,1,1166,1166,0
14276,1,992,992,0
14277,1,956,956,0
17668,1,1000,1000,0
17669,1,1044,1044,0
17670,1,1119,1119,0
24376,1,973,973,0
24377,1,1022,1022,0
24378,1,977,977,0
709,1,1177,1177,0
710,1,1034,1034,0
711,1,989,989,0
26365,1,1041,1041,0
26366,1,1031,1031,0
4297,1,1053,1053,0
4298,1,944,944,0
4299,1,928,928,0
7756,1,975,975,0
7757,1,1015,1015,0
9850,1,970,970,0
9851,1,941,941,0
9852,1,963,963,0
36721,1,981,981,0
36722,1,1108,1108,0
10381,1,1166,1166,0
10382,1,988,988,0
10383,1,1109,1109,0
35704,1,1025,1025,0
35705,1,977,977,0
27415,1,1022,1022,0
27417,1,956,956,0
28543,1,1008,1008,0
28544,1,1064,1064,0
28545,1,1015,1015,0
9794,1,964,964,0
9795,1,1034,1034,0
9796,1,961,961,0
9797,1,971,971,0
9798,1,936,936,0
9883,1,1032,1032,0
9884,1,934,934,0
9885,1,1033,1033,0
9964,1,963,963,0
9965,1,1051,1051,0
9966,1,1015,1015,0
10060,1,973,973,0
10061,1,1017,1017,0
10062,1,1001,1001,0
11020,1,1000,1000,0
12487,1,957,957,0
14716,1,981,981,0
14717,1,986,986,0
14718,1,949,949,0
16771,1,998,998,0
19428,1,994,994,0
19747,1,1076,1076,0
19748,1,1011,1011,0
19749,1,941,941,0
19819,1,999,999,0
19820,1,1008,1008,0
19821,1,929,929,0
19891,1,998,998,0
19892,1,928,928,0
19893,1,1153,1153,0
21606,1,989,989,0
22273,1,1022,1022,0
22274,1,969,969,0
22275,1,1082,1082,0
24533,1,939,939,0
24534,1,1020,1020,0
25408,1,993,993,0
25409,1,948,948,0
25410,1,1056,1056,0
25432,1,999,999,0
25433,1,955,955,0
25434,1,1024,1024,0
25507,1,972,972,0
25508,1,1065,1065,0
26066,1,977,977,0
26067,1,1010,1010,0
26089,1,989,989,0
26090,1,1037,1037,0
26091,1,1025,1025,0
29823,1,1025,1025,0
33607,1,979,979,0
33608,1,1082,1082,0
33609,1,922,922,0
37712,1,1040,1040,0
37713,1,998,998,0
33811,1,1090,1090,0
33812,1,999,999,0
33813,1,926,926,0
37711,1,955,955,0
37908,1,1079,1079,0
38110,1,1001,1001,0
38111,1,1001,1001,0
38112,1,1068,1068,0
38334,1,926,926,0
38543,1,972,972,0
933,1,952,952,0
1417,1,995,995,0
1418,1,1007,1007,0
1419,1,981,981,0
1584,1,984,984,0
9287,1,997,997,0
9406,1,944,944,0
9407,1,911,911,0
9408,1,1085,1085,0
9552,1,955,955,0
9550,1,978,978,0
9551,1,1023,1023,0
9595,1,957,957,0
9596,1,961,961,0
9597,1,980,980,0
9616,1,989,989,0
9617,1,955,955,0
9618,1,1029,1029,0
9691,1,1089,1089,0
9692,1,937,937,0
11021,1,1014,1014,0
11022,1,1004,1004,0
11083,1,1062,1062,0
11084,1,930,930,0
11085,1,1001,1001,0
16915,1,987,987,0
16916,1,987,987,0
16917,1,925,925,0
17029,1,899,899,0
17030,1,1000,1000,0
17153,1,1046,1046,0
17154,1,982,982,0
17158,1,1022,1022,0
17159,1,964,964,0
17160,1,959,959,0
18749,1,1028,1028,0
18750,1,939,939,0
19282,1,914,914,0
19283,1,1016,1016,0
19284,1,995,995,0
22259,1,921,921,0
22260,1,938,938,0
23620,1,1024,1024,0
23621,1,947,947,0
23622,1,963,963,0
23122,1,925,925,0
23123,1,1059,1059,0
23124,1,958,958,0
23560,1,977,977,0
23561,1,976,976,0
25724,1,1210,1210,0
25725,1,978,978,0
25942,1,1013,1013,0
25943,1,1038,1038,0
25944,1,950,950,0
29821,1,1032,1032,0
29822,1,954,954,0
34198,1,970,970,0
34199,1,921,921,0
34200,1,1092,1092,0
34267,1,981,981,0
34268,1,1009,1009,0
34269,1,976,976,0
34636,1,929,929,0
34637,1,916,916,0
34638,1,1058,1058,0
34780,1,967,967,0
34781,1,1021,1021,0
34782,1,962,962,0
35557,1,913,913,0
35558,1,987,987,0
35559,1,1003,1003,0
36045,1,966,966,0
38374,1,1008,1008,0
38375,1,991,991,0
38376,1,1127,1127,0
38101,1,1003,1003,0
38102,1,986,986,0
38103,1,1124,1124,0
532,1,982,982,0
533,1,958,958,0
534,1,1005,1005,0
574,1,967,967,0
576,1,1115,1115,0
575,1,994,994,0
679,1,976,976,0
680,1,930,930,0
681,1,1080,1080,0
757,1,994,994,0
758,1,980,980,0
759,1,986,986,0
802,1,953,953,0
803,1,989,989,0
804,1,921,921,0
856,1,960,960,0
857,1,967,967,0
858,1,982,982,0
931,1,1001,1001,0
932,1,1018,1018,0
1007,1,1022,1022,0
1192,1,961,961,0
1193,1,1044,1044,0
1194,1,952,952,0
1856,1,954,954,0
6341,1,944,944,0
6342,1,1100,1100,0
6691,1,927,927,0
6692,1,1022,1022,0
6693,1,1053,1053,0
15115,1,1059,1059,0
15116,1,988,988,0
15117,1,949,949,0
18499,1,990,990,0
18500,1,1009,1009,0
18501,1,982,982,0
19279,1,950,950,0
19280,1,1042,1042,0
19281,1,925,925,0
19792,1,1035,1035,0
25629,1,1004,1004,0
25675,1,958,958,0
25676,1,999,999,0
25677,1,940,940,0
25843,1,936,936,0
27698,1,1037,1037,0
27699,1,1064,1064,0
27802,1,959,959,0
27803,1,1004,1004,0
27804,1,999,999,0
28311,1,1137,1137,0
28840,1,1000,1000,0
28841,1,992,992,0
28842,1,1031,1031,0
33589,1,1010,1010,0
33590,1,974,974,0
33591,1,947,947,0
33640,1,1074,1074,0
33641,1,999,999,0
33642,1,977,977,0
34709,1,1036,1036,0
34710,1,985,985,0
34756,1,997,997,0
34757,1,934,934,0
34758,1,962,962,0
36319,1,915,915,0
36321,1,966,966,0
36529,1,936,936,0
36530,1,1176,1176,0
36531,1,989,989,0
37807,1,1069,1069,0
37809,1,949,949,0
37855,1,1023,1023,0
37856,1,1007,1007,0
37857,1,922,922,0
37864,1,953,953,0
37865,1,976,976,0
37866,1,1037,1037,0
37915,1,962,962,0
37916,1,946,946,0
1531,1,952,952,0
1532,1,1015,1015,0
1533,1,1112,1112,0
9721,1,1019,1019,0
9722,1,1008,1008,0
8007,1,961,961,0
15745,1,958,958,0
15746,1,995,995,0
15747,1,961,961,0
26077,1,990,990,0
9723,1,951,951,0
10282,1,1176,1176,0
10283,1,979,979,0
10284,1,1052,1052,0
16834,1,980,980,0
10006,1,988,988,0
10007,1,981,981,0
10008,1,949,949,0
21418,1,1195,1195,0
21419,1,1016,1016,0
10014,1,999,999,0
10135,1,944,944,0
10136,1,1150,1150,0
10137,1,920,920,0
10368,1,1024,1024,0
10366,1,1201,1201,0
10367,1,1211,1211,0
11206,1,962,962,0
11207,1,1052,1052,0
11208,1,959,959,0
14570,1,949,949,0
14571,1,1007,1007,0
14941,1,1003,1003,0
14942,1,1081,1081,0
14943,1,963,963,0
16835,1,1103,1103,0
16836,1,1052,1052,0
16945,1,1007,1007,0
16946,1,1032,1032,0
16947,1,935,935,0
17305,1,1085,1085,0
17306,1,1154,1154,0
17307,1,1022,1022,0
21604,1,981,981,0
21605,1,1033,1033,0
23510,1,940,940,0
23511,1,1040,1040,0
24529,1,954,954,0
24530,1,965,965,0
24531,1,1038,1038,0
36996,1,1007,1007,0
37588,1,933,933,0
37589,1,1013,1013,0
37590,1,981,981,0
37808,1,925,925,0
9031,1,1044,1044,0
9032,1,1039,1039,0
9033,1,1260,1260,0
9286,1,1057,1057,0
9288,1,1084,1084,0
9693,1,933,933,0
9769,1,998,998,0
9770,1,1027,1027,0
9771,1,1054,1054,0
9793,1,973,973,0
9955,1,1103,1103,0
9956,1,1003,1003,0
9957,1,1022,1022,0
10012,1,1004,1004,0
10013,1,1059,1059,0
12007,1,994,994,0
12008,1,1059,1059,0
12009,1,1124,1124,0
12488,1,1058,1058,0
12489,1,999,999,0
16772,1,985,985,0
16773,1,950,950,0
16843,1,1189,1189,0
16844,1,1023,1023,0
16845,1,1091,1091,0
17031,1,1014,1014,0
17041,1,1058,1058,0
17042,1,1044,1044,0
17043,1,983,983,0
17152,1,965,965,0
17530,1,973,973,0
17531,1,1001,1001,0
17532,1,1177,1177,0
17662,1,1004,1004,0
17664,1,1020,1020,0
17663,1,1115,1115,0
17977,1,931,931,0
17978,1,952,952,0
17979,1,1052,1052,0
21196,1,1186,1186,0
19306,1,1101,1101,0
19307,1,1014,1014,0
19308,1,1026,1026,0
19426,1,1052,1052,0
19427,1,999,999,0
20035,1,1035,1035,0
20036,1,1149,1149,0
20037,1,992,992,0
21835,1,923,923,0
21836,1,1042,1042,0
21197,1,1092,1092,0
21198,1,1039,1039,0
22078,1,992,992,0
22079,1,1036,1036,0
22080,1,953,953,0
22246,1,1203,1203,0
22247,1,1111,1111,0
22248,1,964,964,0
22294,1,999,999,0
22296,1,1047,1047,0
22295,1,1085,1085,0
22342,1,987,987,0
22343,1,942,942,0
22344,1,1040,1040,0
22504,1,1093,1093,0
22505,1,992,992,0
22506,1,1150,1150,0
22939,1,992,992,0
22940,1,1311,1311,0
22941,1,956,956,0
23562,1,1073,1073,0
23569,1,1005,1005,0
23570,1,1059,1059,0
23571,1,1193,1193,0
24532,1,999,999,0
24899,1,1011,1011,0
24900,1,1056,1056,0
25453,1,1060,1060,0
25454,1,1072,1072,0
25455,1,1036,1036,0
25509,1,1041,1041,0
25729,1,1030,1030,0
25730,1,1025,1025,0
25731,1,1068,1068,0
26065,1,963,963,0
1855,1,979,979,0
1857,1,980,980,0
9571,1,1127,1127,0
9572,1,968,968,0
9573,1,1106,1106,0
10159,1,1072,1072,0
10160,1,1110,1110,0
10161,1,1201,1201,0
10208,1,982,982,0
10209,1,1010,1010,0
10207,1,1114,1114,0
10534,1,1042,1042,0
10535,1,984,984,0
10536,1,951,951,0
11160,1,1056,1056,0
12100,1,1107,1107,0
12101,1,1139,1139,0
12102,1,1106,1106,0
12628,1,1031,1031,0
12629,1,959,959,0
12630,1,1180,1180,0
12733,1,1091,1091,0
12734,1,1129,1129,0
12735,1,1120,1120,0
18748,1,1098,1098,0
21837,1,1021,1021,0
22201,1,1116,1116,0
22202,1,1176,1176,0
22203,1,1056,1056,0
22258,1,966,966,0
23911,1,957,957,0
23912,1,1135,1135,0
23913,1,1173,1173,0
24265,1,969,969,0
24266,1,1032,1032,0
24267,1,949,949,0
24751,1,1192,1192,0
24752,1,1276,1276,0
24753,1,1066,1066,0
24898,1,1133,1133,0
25555,1,1078,1078,0
25556,1,1060,1060,0
25557,1,955,955,0
38332,1,961,961,0
38333,1,1040,1040,0
1582,1,930,930,0
1583,1,988,988,0
1987,1,1072,1072,0
1988,1,1133,1133,0
1989,1,938,938,0
2014,1,1201,1201,0
2015,1,1091,1091,0
2016,1,1055,1055,0
6283,1,901,901,0
6284,1,952,952,0
6285,1,966,966,0
6331,1,981,981,0
6332,1,1022,1022,0
6333,1,1100,1100,0
6340,1,994,994,0
11158,1,1108,1108,0
11159,1,992,992,0
11803,1,968,968,0
11804,1,1021,1021,0
11805,1,1001,1001,0
19793,1,966,966,0
19794,1,1025,1025,0
20017,1,1006,1006,0
20018,1,1117,1117,0
20019,1,943,943,0
24047,1,942,942,0
24121,1,1023,1023,0
24122,1,1142,1142,0
24123,1,972,972,0
24436,1,1017,1017,0
24437,1,974,974,0
24438,1,1071,1071,0
24610,1,974,974,0
24611,1,1203,1203,0
24612,1,996,996,0
24943,1,1049,1049,0
24944,1,1037,1037,0
24945,1,965,965,0
25021,1,1059,1059,0
25022,1,1140,1140,0
25023,1,997,997,0
25084,1,1044,1044,0
25085,1,1040,1040,0
25086,1,1224,1224,0
25093,1,988,988,0
25702,1,1026,1026,0
25703,1,1085,1085,0
25704,1,1094,1094,0
26401,1,1074,1074,0
26402,1,1221,1221,0
26403,1,960,960,0
27148,1,952,952,0
27149,1,1005,1005,0
27150,1,1012,1012,0
27697,1,949,949,0
27877,1,1007,1007,0
27878,1,1018,1018,0
27879,1,968,968,0
28309,1,987,987,0
28310,1,959,959,0
34759,1,1018,1018,0
34760,1,1021,1021,0
34761,1,1027,1027,0
34921,1,976,976,0
34922,1,951,951,0
34923,1,1063,1063,0
35209,1,989,989,0
35210,1,940,940,0
35211,1,1087,1087,0
35266,1,964,964,0
35267,1,1050,1050,0
35268,1,1102,1102,0
36025,1,966,966,0
36026,1,1129,1129,0
36027,1,1019,1019,0
36055,1,985,985,0
36056,1,981,981,0
36057,1,963,963,0
36148,1,1116,1116,0
36149,1,1102,1102,0
805,1,1014,1014,0
806,1,983,983,0
807,1,1041,1041,0
1006,1,1098,1098,0
1008,1,970,970,0
18232,1,1022,1022,0
18233,1,1228,1228,0
18234,1,1254,1254,0
18718,1,945,945,0
18720,1,1013,1013,0
18719,1,1030,1030,0
18934,1,1092,1092,0
18935,1,1172,1172,0
18936,1,1302,1302,0
20304,1,991,991,0
20302,1,1207,1207,0
20303,1,981,981,0
20986,1,962,962,0
20987,1,1187,1187,0
20988,1,958,958,0
22150,1,982,982,0
22151,1,1053,1053,0
22152,1,1268,1268,0
24046,1,1075,1075,0
24048,1,966,966,0
25094,1,1102,1102,0
25095,1,1031,1031,0
25141,1,967,967,0
25142,1,1148,1148,0
25143,1,1086,1086,0
25189,1,1025,1025,0
25190,1,1113,1113,0
25191,1,977,977,0
25627,1,994,994,0
25628,1,1267,1267,0
25844,1,1191,1191,0
25845,1,1035,1035,0
25846,1,1089,1089,0
25847,1,946,946,0
25848,1,951,951,0
26078,1,988,988,0
26079,1,1018,1018,0
35818,1,1155,1155,0
35819,1,1111,1111,0
35820,1,952,952,0
34246,1,958,958,0
34247,1,1000,1000,0
34248,1,1101,1101,0
34369,1,1032,1032,0
34370,1,1093,1093,0
34371,1,1126,1126,0
34609,1,1181,1181,0
34610,1,1047,1047,0
34611,1,1020,1020,0
34708,1,1056,1056,0
35977,1,1001,1001,0
35978,1,971,971,0
35979,1,1014,1014,0
36982,1,1100,1100,0
36984,1,1070,1070,0
36150,1,1010,1010,0
36259,1,1142,1142,0
36260,1,1059,1059,0
36261,1,1039,1039,0
36320,1,985,985,0
36613,1,996,996,0
36614,1,960,960,0
36615,1,1092,1092,0
36994,1,1023,1023,0
36995,1,985,985,0
36983,1,1202,1202,0
37225,1,1058,1058,0
37226,1,996,996,0
37227,1,989,989,0
37516,1,922,922,0
37517,1,987,987,0
37518,1,1033,1033,0
37738,1,1121,1121,0
37739,1,1024,1024,0
37740,1,1080,1080,0
37759,1,999,999,0
37760,1,1156,1156,0
37761,1,985,985,0
37906,1,1027,1027,0
37907,1,1028,1028,0
1000,1,1000,1000,0
1001,1,1014,1014,0
1002,1,978,978,0
4525,1,1192,1192,0
4526,1,1104,1104,0
1885,1,1027,1027,0
1886,1,1061,1061,0
1887,1,978,978,0
8005,1,1191,1191,0
8006,1,989,989,0
4527,1,967,967,0
5254,1,1010,1010,0
5255,1,1006,1006,0
5256,1,958,958,0
6211,1,1009,1009,0
6212,1,1004,1004,0
6213,1,1014,1014,0
8356,1,970,970,0
8357,1,998,998,0
8358,1,1101,1101,0
8770,1,1043,1043,0
8771,1,1117,1117,0
8772,1,945,945,0
12802,1,1068,1068,0
12803,1,1120,1120,0
12804,1,1081,1081,0
14068,1,1004,1004,0
14069,1,1113,1113,0
14070,1,960,960,0
14569,1,965,965,0
19063,1,1262,1262,0
19064,1,991,991,0
19065,1,1086,1086,0
21913,1,1189,1189,0
21914,1,935,935,0
21915,1,1009,1009,0
22741,1,1065,1065,0
22742,1,1105,1105,0
22743,1,953,953,0
23509,1,973,973,0
25696,1,987,987,0
25697,1,959,959,0
25698,1,1028,1028,0
25795,1,1060,1060,0
25796,1,1044,1044,0
26038,1,972,972,0
26039,1,1125,1125,0
26044,1,1012,1012,0
26045,1,993,993,0
26046,1,979,979,0
26149,1,1188,1188,0
26150,1,1002,1002,0
26151,1,1049,1049,0
26443,1,960,960,0
26444,1,1112,1112,0
26445,1,1033,1033,0
28357,1,1075,1075,0
28358,1,988,988,0
28359,1,1026,1026,0
28976,1,1146,1146,0
37917,1,1024,1024,0
38035,1,969,969,0
38036,1,1019,1019,0
38037,1,1108,1108,0
38040,1,997,997,0
38038,1,1001,1001,0
38039,1,1019,1019,0
38065,1,967,967,0
38066,1,997,997,0
38067,1,1085,1085,0
38083,1,987,987,0
38084,1,969,969,0
38085,1,1203,1203,0
38542,1,992,992,0
38544,1,1177,1177,0
21420,1,962,962,0
25684,1,1043,1043,0
25685,1,990,990,0
25686,1,1093,1093,0
25723,1,968,968,0
25797,1,1007,1007,0
26032,1,1019,1019,0
26033,1,1107,1107,0
26034,1,977,977,0
26040,1,1004,1004,0
28975,1,993,993,0
28977,1,1131,1131,0
29794,1,1112,1112,0
29795,1,994,994,0
29796,1,964,964,0
29875,1,1094,1094,0
29876,1,940,940,0
29877,1,967,967,0
36043,1,1138,1138,0
36044,1,1026,1026,0
940,1,993,993,0
941,1,940,940,0
942,1,927,927,0
1184,1,989,989,0
1185,1,983,983,0
1519,1,963,963,0
1520,1,988,988,0
1521,1,980,980,0
5347,1,898,898,0
5348,1,1006,1006,0
1744,1,935,935,0
1745,1,927,927,0
1746,1,1007,1007,0
1880,1,990,990,0
1881,1,995,995,0
2693,1,991,991,0
2694,1,974,974,0
4285,1,964,964,0
4286,1,1025,1025,0
4287,1,937,937,0
5371,1,931,931,0
5372,1,991,991,0
5373,1,1091,1091,0
34168,1,997,997,0
34169,1,995,995,0
11007,1,978,978,0
23947,1,980,980,0
23948,1,1072,1072,0
23949,1,1055,1055,0
13444,1,1022,1022,0
13445,1,966,966,0
13446,1,983,983,0
21877,1,973,973,0
21878,1,1022,1022,0
13871,1,960,960,0
19151,1,974,974,0
20041,1,1005,1005,0
20042,1,968,968,0
20043,1,958,958,0
25216,1,957,957,0
21879,1,990,990,0
27700,1,1114,1114,0
27701,1,1060,1060,0
27702,1,1152,1152,0
25217,1,949,949,0
25218,1,1029,1029,0
26827,1,970,970,0
26828,1,1027,1027,0
26829,1,960,960,0
28653,1,965,965,0
29991,1,908,908,0
38353,1,1010,1010,0
38354,1,1082,1082,0
38355,1,972,972,0
33346,1,1000,1000,0
33347,1,1006,1006,0
33348,1,983,983,0
34170,1,938,938,0
36357,1,955,955,0
37156,1,942,942,0
37157,1,963,963,0
37158,1,972,972,0
1026,1,926,926,0
1825,1,942,942,0
1826,1,1241,1241,0
1827,1,1007,1007,0
2248,1,976,976,0
1183,1,958,958,0
2593,1,1118,1118,0
2594,1,997,997,0
2595,1,1101,1101,0
2692,1,1037,1037,0
1879,1,1062,1062,0
10753,1,938,938,0
10754,1,1172,1172,0
10755,1,993,993,0
20962,1,965,965,0
2249,1,1170,1170,0
2250,1,965,965,0
3427,1,1064,1064,0
3428,1,1007,1007,0
3429,1,987,987,0
5332,1,908,908,0
5333,1,1006,1006,0
5334,1,924,924,0
5494,1,1176,1176,0
5496,1,1095,1095,0
5495,1,1172,1172,0
16078,1,1024,1024,0
16079,1,961,961,0
16080,1,983,983,0
27541,1,1025,1025,0
13379,1,986,986,0
13380,1,1061,1061,0
13381,1,951,951,0
13382,1,935,935,0
13383,1,981,981,0
13768,1,977,977,0
13769,1,1073,1073,0
13770,1,928,928,0
14764,1,926,926,0
14765,1,930,930,0
15817,1,1020,1020,0
15818,1,1051,1051,0
15819,1,1043,1043,0
17584,1,1001,1001,0
17585,1,928,928,0
16213,1,1029,1029,0
16214,1,973,973,0
16215,1,970,970,0
16468,1,963,963,0
16469,1,1114,1114,0
16291,1,1096,1096,0
16292,1,961,961,0
16293,1,1008,1008,0
28651,1,985,985,0
28652,1,984,984,0
16470,1,944,944,0
17017,1,1005,1005,0
17018,1,1035,1035,0
17019,1,968,968,0
17120,1,950,950,0
17775,1,1051,1051,0
21088,1,984,984,0
21089,1,1058,1058,0
21090,1,994,994,0
22762,1,923,923,0
17900,1,951,951,0
17901,1,1043,1043,0
21991,1,954,954,0
21992,1,932,932,0
21993,1,967,967,0
18592,1,1021,1021,0
18593,1,977,977,0
18594,1,961,961,0
19150,1,941,941,0
19152,1,951,951,0
20963,1,976,976,0
20964,1,975,975,0
26752,1,1205,1205,0
26753,1,996,996,0
26754,1,987,987,0
22763,1,958,958,0
22764,1,981,981,0
22852,1,981,981,0
22853,1,982,982,0
22854,1,968,968,0
721,1,1105,1105,0
722,1,1003,1003,0
723,1,999,999,0
1024,1,1004,1004,0
1025,1,1005,1005,0
5349,1,1105,1105,0
8047,1,999,999,0
8048,1,972,972,0
8049,1,1013,1013,0
22752,1,995,995,0
8822,1,1212,1212,0
8823,1,973,973,0
12160,1,961,961,0
12161,1,982,982,0
12162,1,1031,1031,0
9388,1,1021,1021,0
9389,1,1066,1066,0
9390,1,1034,1034,0
9536,1,1056,1056,0
9537,1,984,984,0
10021,1,990,990,0
10022,1,1164,1164,0
10023,1,1013,1013,0
10174,1,933,933,0
10176,1,983,983,0
10175,1,987,987,0
12316,1,1058,1058,0
12317,1,1042,1042,0
12318,1,1260,1260,0
13378,1,984,984,0
12382,1,1109,1109,0
12383,1,1111,1111,0
12384,1,937,937,0
12433,1,988,988,0
12434,1,982,982,0
12435,1,1104,1104,0
13144,1,1002,1002,0
13145,1,1081,1081,0
13146,1,1078,1078,0
13465,1,1040,1040,0
13466,1,1067,1067,0
13467,1,996,996,0
16027,1,982,982,0
16028,1,1040,1040,0
16029,1,978,978,0
14766,1,946,946,0
22687,1,1004,1004,0
22688,1,1050,1050,0
22689,1,1031,1031,0
23053,1,972,972,0
17550,1,946,946,0
23095,1,970,970,0
23096,1,990,990,0
23097,1,1173,1173,0
28219,1,1084,1084,0
22750,1,1257,1257,0
22751,1,1080,1080,0
27514,1,918,918,0
27515,1,1030,1030,0
27516,1,989,989,0
27542,1,1042,1042,0
27543,1,1057,1057,0
28051,1,978,978,0
28052,1,937,937,0
28053,1,1040,1040,0
27930,1,979,979,0
28111,1,1066,1066,0
28112,1,952,952,0
28113,1,992,992,0
29725,1,941,941,0
28220,1,1042,1042,0
28221,1,1104,1104,0
36475,1,1009,1009,0
36476,1,999,999,0
36477,1,950,950,0
28267,1,1277,1277,0
28268,1,944,944,0
28269,1,987,987,0
29989,1,991,991,0
29990,1,1024,1024,0
29362,1,1011,1011,0
29363,1,995,995,0
29364,1,1072,1072,0
36355,1,1017,1017,0
36356,1,1038,1038,0
784,1,1029,1029,0
785,1,1023,1023,0
786,1,974,974,0
7459,1,1006,1006,0
7460,1,932,932,0
2755,1,1233,1233,0
2756,1,1039,1039,0
2757,1,923,923,0
6364,1,923,923,0
6365,1,957,957,0
6366,1,944,944,0
7906,1,1033,1033,0
7907,1,943,943,0
7908,1,897,897,0
13870,1,994,994,0
13872,1,939,939,0
7461,1,1015,1015,0
9460,1,948,948,0
9461,1,964,964,0
9462,1,1101,1101,0
10640,1,1031,1031,0
9106,1,929,929,0
9107,1,1220,1220,0
9108,1,981,981,0
9874,1,1046,1046,0
9875,1,963,963,0
9535,1,1048,1048,0
13294,1,1208,1208,0
13295,1,1225,1225,0
13296,1,1126,1126,0
15403,1,1095,1095,0
10150,1,1093,1093,0
10151,1,981,981,0
10348,1,1040,1040,0
10349,1,893,893,0
10350,1,1047,1047,0
10492,1,1101,1101,0
10493,1,986,986,0
10494,1,1061,1061,0
10930,1,942,942,0
10931,1,989,989,0
10639,1,924,924,0
10641,1,962,962,0
11782,1,953,953,0
11783,1,989,989,0
11784,1,1120,1120,0
13312,1,919,919,0
13313,1,933,933,0
13314,1,980,980,0
13690,1,1062,1062,0
13691,1,1106,1106,0
15404,1,984,984,0
15405,1,1027,1027,0
18568,1,1011,1011,0
18569,1,1053,1053,0
18570,1,1049,1049,0
19131,1,1224,1224,0
20335,1,1037,1037,0
20336,1,933,933,0
20337,1,1000,1000,0
20482,1,934,934,0
20483,1,953,953,0
20484,1,952,952,0
20836,1,973,973,0
20837,1,1001,1001,0
20838,1,999,999,0
23679,1,1000,1000,0
24592,1,942,942,0
24593,1,981,981,0
24594,1,1030,1030,0
25996,1,1000,1000,0
24145,1,994,994,0
24146,1,1057,1057,0
24147,1,967,967,0
25267,1,939,939,0
25268,1,971,971,0
25269,1,937,937,0
27520,1,958,958,0
27521,1,969,969,0
27522,1,1021,1021,0
28459,1,956,956,0
28460,1,1163,1163,0
28461,1,1177,1177,0
436,1,942,942,0
437,1,1001,1001,0
438,1,963,963,0
11624,1,1067,1067,0
11625,1,1135,1135,0
5755,1,1014,1014,0
5756,1,988,988,0
5757,1,1014,1014,0
6793,1,1154,1154,0
6794,1,1069,1069,0
6795,1,1107,1107,0
8311,1,954,954,0
8312,1,1006,1006,0
8313,1,955,955,0
8821,1,916,916,0
9876,1,1017,1017,0
10069,1,1115,1115,0
10070,1,1024,1024,0
10071,1,959,959,0
10152,1,978,978,0
10729,1,1208,1208,0
10730,1,1061,1061,0
10731,1,946,946,0
11005,1,1040,1040,0
11006,1,1017,1017,0
11623,1,1025,1025,0
18979,1,1013,1013,0
18980,1,922,922,0
18981,1,1017,1017,0
20317,1,1024,1024,0
11830,1,957,957,0
11831,1,998,998,0
16882,1,1051,1051,0
16883,1,1037,1037,0
16884,1,1137,1137,0
13692,1,1030,1030,0
14002,1,990,990,0
14003,1,960,960,0
14004,1,977,977,0
14866,1,935,935,0
14867,1,968,968,0
14868,1,957,957,0
15478,1,942,942,0
15479,1,996,996,0
15480,1,948,948,0
17119,1,994,994,0
17121,1,1002,1002,0
17368,1,1122,1122,0
17369,1,987,987,0
17370,1,973,973,0
17586,1,1037,1037,0
17875,1,1034,1034,0
17876,1,1010,1010,0
17877,1,1034,1034,0
17899,1,1125,1125,0
17692,1,1049,1049,0
17693,1,984,984,0
17694,1,1072,1072,0
17773,1,1024,1024,0
17774,1,1007,1007,0
18454,1,1013,1013,0
18455,1,1226,1226,0
18456,1,943,943,0
23677,1,1085,1085,0
23678,1,978,978,0
20318,1,1113,1113,0
20319,1,975,975,0
20983,1,942,942,0
20984,1,966,966,0
20985,1,1031,1031,0
24838,1,978,978,0
24839,1,934,934,0
24840,1,938,938,0
27469,1,972,972,0
27470,1,1005,1005,0
25997,1,1064,1064,0
25998,1,978,978,0
26335,1,1082,1082,0
26336,1,1047,1047,0
26337,1,1215,1215,0
27442,1,1120,1120,0
27443,1,983,983,0
27444,1,1040,1040,0
27928,1,944,944,0
27929,1,1008,1008,0
2941,1,1020,1020,0
2942,1,1118,1118,0
2943,1,1059,1059,0
17548,1,996,996,0
17549,1,910,910,0
9481,1,994,994,0
9482,1,957,957,0
9483,1,963,963,0
11920,1,999,999,0
11921,1,952,952,0
10932,1,1035,1035,0
11182,1,991,991,0
11183,1,1154,1154,0
11184,1,1093,1093,0
11832,1,1001,1001,0
17575,1,1069,1069,0
17576,1,1017,1017,0
17577,1,1016,1016,0
19129,1,917,917,0
19130,1,966,966,0
19159,1,940,940,0
19160,1,929,929,0
19161,1,946,946,0
19264,1,987,987,0
19265,1,959,959,0
19241,1,1011,1011,0
19242,1,1079,1079,0
24526,1,957,957,0
24527,1,1032,1032,0
24528,1,1105,1105,0
23054,1,1113,1113,0
23055,1,983,983,0
23128,1,1096,1096,0
23129,1,944,944,0
23130,1,1003,1003,0
27471,1,1061,1061,0
33127,1,962,962,0
33128,1,1060,1060,0
33129,1,951,951,0
33484,1,1018,1018,0
29726,1,974,974,0
29727,1,1057,1057,0
35233,1,960,960,0
35234,1,1249,1249,0
35235,1,957,957,0
33079,1,985,985,0
33080,1,1116,1116,0
33081,1,1109,1109,0
36964,1,959,959,0
36965,1,954,954,0
33485,1,1016,1016,0
33486,1,1083,1083,0
33838,1,970,970,0
33839,1,967,967,0
33840,1,955,955,0
35212,1,948,948,0
35213,1,1080,1080,0
34528,1,963,963,0
34529,1,1080,1080,0
34530,1,1039,1039,0
35173,1,969,969,0
35174,1,1050,1050,0
35175,1,974,974,0
36487,1,1062,1062,0
36488,1,967,967,0
36489,1,1141,1141,0
36544,1,1115,1115,0
35214,1,1042,1042,0
37063,1,1106,1106,0
37064,1,1125,1125,0
37065,1,1004,1004,0
36545,1,958,958,0
36546,1,969,969,0
37720,1,1173,1173,0
37721,1,1065,1065,0
37722,1,992,992,0
36664,1,1258,1258,0
36665,1,1051,1051,0
36666,1,1032,1032,0
36835,1,1014,1014,0
36836,1,1032,1032,0
36837,1,966,966,0
37279,1,974,974,0
37280,1,989,989,0
37281,1,959,959,0
835,1,986,986,0
836,1,1061,1061,0
837,1,1045,1045,0
7384,1,1053,1053,0
7385,1,1008,1008,0
3187,1,1037,1037,0
3188,1,1153,1153,0
3189,1,1019,1019,0
5008,1,1125,1125,0
5009,1,1116,1116,0
5010,1,1221,1221,0
8224,1,970,970,0
8225,1,1048,1048,0
8226,1,951,951,0
10033,1,947,947,0
7386,1,1006,1006,0
8464,1,1104,1104,0
8465,1,1048,1048,0
8466,1,973,973,0
9240,1,925,925,0
9238,1,1061,1061,0
9239,1,1012,1012,0
11434,1,1022,1022,0
11435,1,1075,1075,0
11436,1,1116,1116,0
10034,1,1036,1036,0
10035,1,976,976,0
10675,1,1053,1053,0
10676,1,1086,1086,0
10677,1,1030,1030,0
11752,1,1044,1044,0
11753,1,965,965,0
11754,1,1054,1054,0
13405,1,988,988,0
13406,1,972,972,0
11922,1,1009,1009,0
16345,1,1184,1184,0
16346,1,969,969,0
16347,1,1046,1046,0
19240,1,968,968,0
13407,1,1245,1245,0
17308,1,983,983,0
17309,1,974,974,0
17310,1,1034,1034,0
23716,1,1030,1030,0
19266,1,1010,1010,0
24916,1,1016,1016,0
24917,1,975,975,0
24918,1,980,980,0
25204,1,1128,1128,0
23717,1,1136,1136,0
23718,1,1089,1089,0
27946,1,932,932,0
27947,1,1018,1018,0
27948,1,1153,1153,0
24568,1,1075,1075,0
24569,1,1056,1056,0
24570,1,1069,1069,0
25088,1,1023,1023,0
25089,1,974,974,0
25087,1,968,968,0
33130,1,1004,1004,0
33131,1,961,961,0
33132,1,984,984,0
34672,1,916,916,0
25205,1,1179,1179,0
25206,1,1089,1089,0
33361,1,1011,1011,0
33362,1,1052,1052,0
33363,1,1001,1001,0
34673,1,881,881,0
34674,1,981,981,0
36262,1,1074,1074,0
36263,1,1082,1082,0
36264,1,981,981,0
35111,1,961,961,0
36157,1,1102,1102,0
36158,1,1000,1000,0
36159,1,1029,1029,0
37771,1,966,966,0
36889,1,1022,1022,0
36890,1,972,972,0
36891,1,1126,1126,0
28,1,969,969,0
29,1,946,946,0
30,1,1162,1162,0
268,1,928,928,0
269,1,1233,1233,0
270,1,985,985,0
604,1,958,958,0
605,1,1129,1129,0
606,1,1008,1008,0
736,1,931,931,0
589,1,991,991,0
590,1,968,968,0
591,1,1084,1084,0
598,1,982,982,0
600,1,1066,1066,0
599,1,1002,1002,0
700,1,1004,1004,0
701,1,1009,1009,0
702,1,984,984,0
8192,1,1019,1019,0
737,1,964,964,0
738,1,1148,1148,0
1117,1,966,966,0
1118,1,974,974,0
1119,1,1006,1006,0
4486,1,977,977,0
4487,1,1020,1020,0
4488,1,977,977,0
21508,1,1084,1084,0
21509,1,1012,1012,0
8191,1,974,974,0
8193,1,993,993,0
10465,1,984,984,0
10466,1,1153,1153,0
10467,1,1073,1073,0
11761,1,1077,1077,0
11762,1,1064,1064,0
11763,1,1130,1130,0
16408,1,970,970,0
16409,1,1075,1075,0
12106,1,1000,1000,0
12107,1,936,936,0
12108,1,996,996,0
17629,1,987,987,0
17630,1,971,971,0
16410,1,975,975,0
18943,1,982,982,0
18944,1,1027,1027,0
18945,1,1102,1102,0
29088,1,1078,1078,0
17631,1,946,946,0
18685,1,961,961,0
18686,1,1023,1023,0
18687,1,1123,1123,0
26314,1,1006,1006,0
18796,1,1003,1003,0
18797,1,1170,1170,0
18798,1,992,992,0
20048,1,901,901,0
20049,1,1067,1067,0
20047,1,938,938,0
25195,1,1021,1021,0
25196,1,955,955,0
25197,1,1100,1100,0
34177,1,1069,1069,0
21510,1,931,931,0
21868,1,964,964,0
21869,1,995,995,0
21870,1,1125,1125,0
35674,1,988,988,0
26315,1,981,981,0
26316,1,969,969,0
26734,1,997,997,0
26735,1,992,992,0
26736,1,1186,1186,0
29086,1,985,985,0
29087,1,955,955,0
34178,1,975,975,0
34179,1,1298,1298,0
36649,1,992,992,0
36650,1,1031,1031,0
36651,1,972,972,0
34582,1,982,982,0
34583,1,1194,1194,0
34584,1,974,974,0
35110,1,1095,1095,0
35112,1,970,970,0
22,1,996,996,0
23,1,955,955,0
24,1,1030,1030,0
2152,1,1014,1014,0
2153,1,933,933,0
2154,1,1011,1011,0
5398,1,1034,1034,0
5399,1,1211,1211,0
5400,1,1218,1218,0
5746,1,1300,1300,0
5747,1,1033,1033,0
5748,1,997,997,0
8416,1,1047,1047,0
8417,1,927,927,0
8418,1,1084,1084,0
24618,1,1289,1289,0
25177,1,974,974,0
25178,1,1020,1020,0
25179,1,1005,1005,0
27304,1,947,947,0
27305,1,958,958,0
27306,1,915,915,0
33996,1,960,960,0
34442,1,1011,1011,0
34443,1,959,959,0
35675,1,1076,1076,0
35676,1,1079,1079,0
36966,1,1014,1014,0
37015,1,938,938,0
37016,1,990,990,0
37017,1,1065,1065,0
37645,1,992,992,0
37090,1,1178,1178,0
37091,1,1154,1154,0
37092,1,1003,1003,0
37646,1,979,979,0
37647,1,1089,1089,0
37981,1,1028,1028,0
37982,1,1137,1137,0
37983,1,1011,1011,0
37772,1,925,925,0
37773,1,1007,1007,0
37960,1,938,938,0
37961,1,965,965,0
37962,1,950,950,0
6346,1,957,957,0
6347,1,1002,1002,0
6348,1,950,950,0
15004,1,1019,1019,0
15005,1,999,999,0
15006,1,1096,1096,0
15715,1,957,957,0
15716,1,961,961,0
15717,1,1032,1032,0
22165,1,1091,1091,0
15262,1,1075,1075,0
15263,1,970,970,0
15264,1,987,987,0
15752,1,999,999,0
15753,1,1049,1049,0
15751,1,1245,1245,0
15784,1,1157,1157,0
15785,1,1036,1036,0
15786,1,1028,1028,0
16285,1,1162,1162,0
16286,1,1055,1055,0
16287,1,975,975,0
20731,1,999,999,0
20732,1,1014,1014,0
20733,1,976,976,0
19972,1,1215,1215,0
19973,1,935,935,0
19974,1,907,907,0
33994,1,990,990,0
33995,1,953,953,0
22166,1,997,997,0
22167,1,989,989,0
24430,1,972,972,0
24431,1,989,989,0
24432,1,1033,1033,0
22474,1,1102,1102,0
22475,1,1118,1118,0
22476,1,1015,1015,0
24784,1,1015,1015,0
24785,1,1131,1131,0
23065,1,1126,1126,0
23066,1,983,983,0
23067,1,985,985,0
24616,1,1077,1077,0
24617,1,963,963,0
24786,1,946,946,0
28429,1,984,984,0
28430,1,958,958,0
28431,1,1049,1049,0
34441,1,1057,1057,0
25540,1,982,982,0
25541,1,1014,1014,0
25542,1,924,924,0
29473,1,992,992,0
29474,1,1138,1138,0
29475,1,987,987,0
33379,1,1130,1130,0
33380,1,952,952,0
33381,1,1036,1036,0
8593,1,1096,1096,0
8594,1,1295,1295,0
8595,1,1028,1028,0
9058,1,1070,1070,0
9059,1,1005,1005,0
9060,1,1048,1048,0
12604,1,1080,1080,0
12605,1,960,960,0
12606,1,994,994,0
23641,1,992,992,0
9562,1,960,960,0
9563,1,985,985,0
9564,1,958,958,0
28825,1,1165,1165,0
28826,1,1118,1118,0
9916,1,1025,1025,0
9917,1,1306,1306,0
9918,1,1084,1084,0
33442,1,1057,1057,0
33443,1,1048,1048,0
14635,1,967,967,0
14636,1,957,957,0
14637,1,987,987,0
16232,1,954,954,0
16233,1,1124,1124,0
16231,1,1009,1009,0
20932,1,940,940,0
20933,1,942,942,0
20934,1,981,981,0
36601,1,1013,1013,0
23642,1,1059,1059,0
23643,1,985,985,0
25600,1,1159,1159,0
25601,1,996,996,0
25602,1,1040,1040,0
28827,1,1241,1241,0
33444,1,1039,1039,0
34924,1,1054,1054,0
34925,1,1039,1039,0
34926,1,993,993,0
36602,1,955,955,0
36603,1,1004,1004,0
36619,1,960,960,0
36620,1,1037,1037,0
36621,1,977,977,0
6508,1,1173,1173,0
6509,1,1008,1008,0
6510,1,958,958,0
11722,1,1007,1007,0
11723,1,993,993,0
8887,1,1059,1059,0
8888,1,1074,1074,0
8889,1,1024,1024,0
10636,1,948,948,0
10637,1,1227,1227,0
9601,1,1161,1161,0
9602,1,993,993,0
9603,1,1118,1118,0
29212,1,1068,1068,0
29213,1,1189,1189,0
10638,1,973,973,0
10777,1,1003,1003,0
10778,1,1134,1134,0
10779,1,1049,1049,0
10864,1,962,962,0
10865,1,1064,1064,0
10866,1,1042,1042,0
11724,1,1025,1025,0
29214,1,951,951,0
9034,1,973,973,0
9035,1,989,989,0
9036,1,1030,1030,0
9568,1,1008,1008,0
9569,1,1309,1309,0
9229,1,938,938,0
9230,1,1136,1136,0
9231,1,953,953,0
27346,1,1000,1000,0
27347,1,1115,1115,0
9570,1,973,973,0
10420,1,1019,1019,0
10421,1,959,959,0
10422,1,1187,1187,0
13426,1,966,966,0
10129,1,979,979,0
10130,1,963,963,0
10131,1,963,963,0
10228,1,1062,1062,0
10229,1,961,961,0
10230,1,931,931,0
11119,1,966,966,0
11120,1,939,939,0
11121,1,921,921,0
11898,1,977,977,0
24883,1,963,963,0
24884,1,988,988,0
24885,1,942,942,0
26624,1,1043,1043,0
13427,1,1119,1119,0
13428,1,970,970,0
15235,1,1110,1110,0
15236,1,991,991,0
15237,1,972,972,0
24412,1,938,938,0
24413,1,1060,1060,0
16525,1,1084,1084,0
16526,1,1081,1081,0
16527,1,956,956,0
37112,1,1201,1201,0
37113,1,1015,1015,0
24414,1,966,966,0
27348,1,1065,1065,0
37111,1,1074,1074,0
6664,1,944,944,0
6665,1,1126,1126,0
6666,1,1255,1255,0
11896,1,972,972,0
11897,1,1008,1008,0
26623,1,1025,1025,0
26625,1,989,989,0
29542,1,957,957,0
29543,1,1052,1052,0
29544,1,1033,1033,0
2610,1,1039,1039,0
10389,1,985,985,0
22543,1,1032,1032,0
23971,1,1048,1048,0
23972,1,1140,1140,0
23973,1,983,983,0
25963,1,986,986,0
24164,1,958,958,0
24165,1,1013,1013,0
26706,1,1050,1050,0
26902,1,958,958,0
26903,1,1119,1119,0
27198,1,963,963,0
27523,1,1015,1015,0
27524,1,1023,1023,0
27525,1,928,928,0
28725,1,930,930,0
29668,1,969,969,0
29669,1,1055,1055,0
29670,1,1005,1005,0
29077,1,984,984,0
29078,1,1116,1116,0
29079,1,1107,1107,0
29573,1,922,922,0
29574,1,1131,1131,0
29599,1,987,987,0
29601,1,973,973,0
29679,1,1092,1092,0
29948,1,962,962,0
29949,1,1061,1061,0
33262,1,987,987,0
33263,1,962,962,0
33264,1,959,959,0
35983,1,1048,1048,0
37159,1,934,934,0
37160,1,1187,1187,0
37161,1,1000,1000,0
37625,1,1037,1037,0
37626,1,1015,1015,0
38377,1,1205,1205,0
38378,1,982,982,0
38379,1,1039,1039,0
63,1,1075,1075,0
778,1,972,972,0
779,1,994,994,0
780,1,1023,1023,0
1112,1,985,985,0
1628,1,964,964,0
1629,1,1061,1061,0
2011,1,1028,1028,0
2012,1,936,936,0
2013,1,926,926,0
6314,1,1032,1032,0
6315,1,1140,1140,0
7558,1,960,960,0
7559,1,947,947,0
7560,1,1012,1012,0
12975,1,1042,1042,0
13303,1,970,970,0
13304,1,956,956,0
13305,1,987,987,0
15824,1,986,986,0
15145,1,956,956,0
15146,1,911,911,0
15147,1,1070,1070,0
16666,1,1054,1054,0
16667,1,954,954,0
15823,1,991,991,0
15825,1,965,965,0
17425,1,1010,1010,0
17426,1,973,973,0
17427,1,964,964,0
17340,1,976,976,0
17795,1,986,986,0
17796,1,1035,1035,0
23308,1,932,932,0
23309,1,1004,1004,0
23310,1,922,922,0
19471,1,1064,1064,0
19473,1,1098,1098,0
23429,1,1046,1046,0
23430,1,986,986,0
23676,1,1024,1024,0
23905,1,1049,1049,0
23906,1,948,948,0
23907,1,937,937,0
24455,1,1014,1014,0
26274,1,1001,1001,0
27790,1,1021,1021,0
27791,1,987,987,0
27792,1,966,966,0
27880,1,1048,1048,0
27881,1,948,948,0
29307,1,1168,1168,0
29308,1,966,966,0
29309,1,927,927,0
29310,1,965,965,0
29572,1,1077,1077,0
29661,1,1065,1065,0
34902,1,937,937,0
36639,1,971,971,0
37804,1,1010,1010,0
37805,1,951,951,0
37806,1,1002,1002,0
37679,1,981,981,0
37894,1,973,973,0
37895,1,1101,1101,0
37896,1,996,996,0
37914,1,971,971,0
6403,1,990,990,0
6404,1,961,961,0
6405,1,1021,1021,0
9181,1,934,934,0
9182,1,1020,1020,0
8647,1,928,928,0
8648,1,975,975,0
8649,1,1064,1064,0
10387,1,1081,1081,0
10388,1,980,980,0
9861,1,1153,1153,0
11191,1,1010,1010,0
11192,1,951,951,0
11193,1,926,926,0
11572,1,1023,1023,0
11968,1,1014,1014,0
11969,1,1025,1025,0
11970,1,972,972,0
14476,1,1038,1038,0
14477,1,973,973,0
13207,1,913,913,0
13209,1,1001,1001,0
18415,1,927,927,0
18416,1,993,993,0
18417,1,1033,1033,0
17467,1,942,942,0
17468,1,971,971,0
17469,1,1017,1017,0
17809,1,972,972,0
17810,1,1052,1052,0
20398,1,990,990,0
20399,1,980,980,0
22912,1,1023,1023,0
22913,1,992,992,0
22914,1,938,938,0
24835,1,984,984,0
24836,1,915,915,0
24837,1,995,995,0
26833,1,982,982,0
26834,1,1019,1019,0
26990,1,1003,1003,0
26991,1,1071,1071,0
33238,1,921,921,0
33239,1,983,983,0
33240,1,1022,1022,0
28477,1,1089,1089,0
28478,1,949,949,0
28479,1,952,952,0
28594,1,977,977,0
28595,1,1031,1031,0
29508,1,987,987,0
29707,1,997,997,0
29708,1,1042,1042,0
29709,1,957,957,0
29884,1,1005,1005,0
37356,1,946,946,0
37426,1,1035,1035,0
37427,1,948,948,0
37428,1,927,927,0
37624,1,924,924,0
1975,1,988,988,0
1977,1,1082,1082,0
2494,1,967,967,0
2495,1,993,993,0
2496,1,984,984,0
12113,1,984,984,0
12114,1,958,958,0
18514,1,998,998,0
18515,1,950,950,0
18516,1,1051,1051,0
14478,1,1006,1006,0
17947,1,974,974,0
17948,1,957,957,0
17949,1,1029,1029,0
20400,1,974,974,0
19726,1,932,932,0
19727,1,994,994,0
24745,1,935,935,0
24746,1,968,968,0
24747,1,957,957,0
20646,1,997,997,0
21667,1,953,953,0
21668,1,1052,1052,0
21669,1,1059,1059,0
23088,1,933,933,0
23086,1,982,982,0
23087,1,942,942,0
23260,1,973,973,0
23261,1,963,963,0
23262,1,997,997,0
25936,1,994,994,0
25937,1,963,963,0
25938,1,992,992,0
27217,1,1096,1096,0
27218,1,1005,1005,0
26835,1,928,928,0
29287,1,990,990,0
29288,1,957,957,0
29289,1,1005,1005,0
34632,1,934,934,0
36425,1,995,995,0
36426,1,939,939,0
38032,1,946,946,0
38033,1,1050,1050,0
38034,1,963,963,0
1111,1,948,948,0
1113,1,990,990,0
1414,1,966,966,0
1415,1,995,995,0
1416,1,950,950,0
1738,1,947,947,0
1739,1,1008,1008,0
1740,1,1030,1030,0
1804,1,1004,1004,0
1805,1,1032,1032,0
5287,1,1029,1029,0
6019,1,935,935,0
6020,1,956,956,0
6021,1,1014,1014,0
7084,1,988,988,0
8437,1,962,962,0
8438,1,917,917,0
8439,1,987,987,0
11011,1,971,971,0
11012,1,1165,1165,0
9620,1,1014,1014,0
9621,1,984,984,0
9655,1,945,945,0
9656,1,991,991,0
9657,1,976,976,0
10807,1,969,969,0
10808,1,926,926,0
10809,1,991,991,0
10918,1,1070,1070,0
10920,1,985,985,0
11344,1,962,962,0
11345,1,997,997,0
11346,1,1130,1130,0
12073,1,973,973,0
12074,1,924,924,0
12601,1,965,965,0
12602,1,1090,1090,0
12603,1,928,928,0
12973,1,936,936,0
12974,1,1032,1032,0
14748,1,987,987,0
14779,1,947,947,0
14780,1,1011,1011,0
14781,1,987,987,0
24163,1,1063,1063,0
18664,1,993,993,0
18665,1,952,952,0
18666,1,988,988,0
18721,1,971,971,0
18722,1,1014,1014,0
21136,1,1015,1015,0
21137,1,1028,1028,0
21138,1,973,973,0
28723,1,1020,1020,0
28724,1,943,943,0
23743,1,955,955,0
23744,1,978,978,0
23745,1,980,980,0
24421,1,1014,1014,0
24422,1,1021,1021,0
26057,1,962,962,0
26058,1,971,971,0
28921,1,940,940,0
28922,1,965,965,0
28923,1,1084,1084,0
27219,1,955,955,0
28033,1,920,920,0
28034,1,965,965,0
28035,1,974,974,0
28808,1,964,964,0
34090,1,960,960,0
34091,1,1002,1002,0
34092,1,968,968,0
36637,1,963,963,0
36638,1,1017,1017,0
640,1,1037,1037,0
641,1,1076,1076,0
642,1,993,993,0
26704,1,1109,1109,0
26705,1,996,996,0
2266,1,1142,1142,0
2267,1,980,980,0
2268,1,1014,1014,0
2608,1,1049,1049,0
2609,1,1032,1032,0
2509,1,987,987,0
2510,1,1053,1053,0
2511,1,1024,1024,0
29305,1,992,992,0
29306,1,1133,1133,0
4594,1,1031,1031,0
4595,1,1118,1118,0
4596,1,936,936,0
5446,1,968,968,0
5448,1,1014,1014,0
5447,1,1080,1080,0
5992,1,956,956,0
5993,1,992,992,0
5994,1,1050,1050,0
6313,1,924,924,0
6278,1,1082,1082,0
6279,1,963,963,0
6646,1,1027,1027,0
6647,1,1000,1000,0
6648,1,993,993,0
9712,1,969,969,0
9713,1,968,968,0
9714,1,999,999,0
23674,1,1053,1053,0
23675,1,973,973,0
10919,1,1001,1001,0
11044,1,1032,1032,0
11045,1,1031,1031,0
11046,1,965,965,0
11448,1,1197,1197,0
11621,1,971,971,0
11622,1,980,980,0
20233,1,914,914,0
20234,1,1050,1050,0
20235,1,912,912,0
18723,1,1024,1024,0
18736,1,950,950,0
18737,1,957,957,0
18738,1,998,998,0
18865,1,981,981,0
18866,1,1045,1045,0
18867,1,969,969,0
19078,1,1020,1020,0
19079,1,982,982,0
19080,1,915,915,0
21436,1,993,993,0
21437,1,909,909,0
21438,1,963,963,0
24454,1,1067,1067,0
24456,1,1050,1050,0
21627,1,953,953,0
26005,1,993,993,0
26006,1,1129,1129,0
26007,1,987,987,0
26716,1,1057,1057,0
22714,1,962,962,0
22715,1,925,925,0
22716,1,1020,1020,0
24584,1,984,984,0
24585,1,952,952,0
25964,1,977,977,0
25965,1,1144,1144,0
26386,1,920,920,0
26387,1,990,990,0
26388,1,951,951,0
28822,1,991,991,0
28823,1,1047,1047,0
28824,1,942,942,0
37912,1,905,905,0
37913,1,999,999,0
35389,1,987,987,0
35390,1,983,983,0
35391,1,963,963,0
35984,1,1030,1030,0
35985,1,982,982,0
25,1,962,962,0
26,1,1089,1089,0
27,1,1093,1093,0
61,1,1132,1132,0
62,1,929,929,0
157,1,1199,1199,0
158,1,995,995,0
159,1,1007,1007,0
5065,1,1049,1049,0
5066,1,961,961,0
5067,1,985,985,0
5497,1,1092,1092,0
5498,1,1069,1069,0
5499,1,1130,1130,0
6277,1,981,981,0
6631,1,968,968,0
6632,1,1040,1040,0
6633,1,1044,1044,0
8761,1,1061,1061,0
8762,1,932,932,0
8751,1,1080,1080,0
15118,1,1002,1002,0
15119,1,993,993,0
15120,1,1022,1022,0
15505,1,964,964,0
9183,1,1057,1057,0
9754,1,978,978,0
9755,1,1024,1024,0
9756,1,1069,1069,0
15211,1,1024,1024,0
11446,1,999,999,0
11447,1,916,916,0
11542,1,1127,1127,0
11543,1,1105,1105,0
11544,1,940,940,0
12690,1,962,962,0
13696,1,984,984,0
13697,1,1023,1023,0
13698,1,1049,1049,0
14548,1,1016,1016,0
13615,1,1182,1182,0
13616,1,1065,1065,0
13617,1,1027,1027,0
21625,1,1297,1297,0
21626,1,943,943,0
14549,1,1039,1039,0
14550,1,981,981,0
17065,1,986,986,0
17066,1,1081,1081,0
17067,1,965,965,0
15506,1,1053,1053,0
15507,1,992,992,0
27424,1,1031,1031,0
27425,1,1071,1071,0
27426,1,939,939,0
27562,1,1019,1019,0
27563,1,989,989,0
27564,1,1052,1052,0
27718,1,981,981,0
27720,1,1171,1171,0
27719,1,1037,1037,0
28171,1,1127,1127,0
28172,1,987,987,0
28173,1,965,965,0
28177,1,1059,1059,0
28178,1,1039,1039,0
28179,1,941,941,0
28198,1,1001,1001,0
28199,1,1064,1064,0
28200,1,1079,1079,0
35974,1,1055,1055,0
35975,1,1059,1059,0
35976,1,922,922,0
36130,1,960,960,0
36131,1,1026,1026,0
8458,1,1063,1063,0
8459,1,970,970,0
8460,1,957,957,0
12688,1,1066,1066,0
12689,1,1075,1075,0
9838,1,1140,1140,0
9839,1,1076,1076,0
9840,1,989,989,0
9859,1,924,924,0
9860,1,903,903,0
11455,1,1140,1140,0
11587,1,961,961,0
11588,1,1056,1056,0
11589,1,1119,1119,0
13208,1,975,975,0
11821,1,990,990,0
11822,1,951,951,0
11823,1,1025,1025,0
11995,1,965,965,0
11996,1,1057,1057,0
15212,1,1155,1155,0
15213,1,945,945,0
21946,1,1020,1020,0
21947,1,956,956,0
21948,1,1111,1111,0
16668,1,1024,1024,0
17329,1,1020,1020,0
17330,1,985,985,0
17331,1,1039,1039,0
17794,1,962,962,0
17811,1,1020,1020,0
23338,1,1088,1088,0
23339,1,996,996,0
23340,1,1111,1111,0
29600,1,967,967,0
18933,1,1121,1121,0
20257,1,1048,1048,0
20258,1,1064,1064,0
20259,1,1022,1022,0
22123,1,984,984,0
22124,1,957,957,0
22125,1,1017,1017,0
23941,1,1100,1100,0
23942,1,986,986,0
23943,1,1032,1032,0
22516,1,1046,1046,0
22517,1,1012,1012,0
22518,1,1022,1022,0
22544,1,950,950,0
22545,1,1090,1090,0
23226,1,1118,1118,0
25606,1,1117,1117,0
25607,1,1020,1020,0
25608,1,1056,1056,0
25780,1,1172,1172,0
25781,1,962,962,0
25782,1,1013,1013,0
26140,1,968,968,0
26141,1,1037,1037,0
26142,1,1011,1011,0
26904,1,974,974,0
27882,1,969,969,0
29458,1,1023,1023,0
29459,1,1032,1032,0
29460,1,1051,1051,0
29947,1,1016,1016,0
28596,1,1000,1000,0
29410,1,1026,1026,0
29411,1,1154,1154,0
29412,1,1049,1049,0
29713,1,1011,1011,0
29885,1,1031,1031,0
29886,1,961,961,0
29992,1,991,991,0
29993,1,1137,1137,0
29994,1,984,984,0
999,1,1018,1018,0
1297,1,1049,1049,0
1298,1,984,984,0
1299,1,1040,1040,0
1976,1,965,965,0
4702,1,1051,1051,0
4703,1,1061,1061,0
4704,1,970,970,0
5827,1,1016,1016,0
5828,1,947,947,0
5829,1,1011,1011,0
8236,1,1034,1034,0
8237,1,1112,1112,0
8238,1,1115,1115,0
8392,1,1007,1007,0
7522,1,1222,1222,0
7523,1,1046,1046,0
7524,1,960,960,0
10810,1,1014,1014,0
10811,1,1027,1027,0
8393,1,1174,1174,0
8394,1,971,971,0
9121,1,970,970,0
9122,1,1059,1059,0
9123,1,1038,1038,0
10812,1,1133,1133,0
11581,1,997,997,0
11582,1,992,992,0
11583,1,1056,1056,0
12112,1,944,944,0
18787,1,1010,1010,0
18788,1,1043,1043,0
18789,1,1021,1021,0
18931,1,946,946,0
18932,1,960,960,0
25162,1,953,953,0
25163,1,949,949,0
25164,1,1119,1119,0
25531,1,972,972,0
25532,1,1086,1086,0
25533,1,1144,1144,0
28927,1,1044,1044,0
28928,1,979,979,0
28929,1,968,968,0
29176,1,977,977,0
29177,1,1006,1006,0
29178,1,1013,1013,0
29365,1,1124,1124,0
29366,1,991,991,0
29367,1,968,968,0
29413,1,944,944,0
29414,1,1165,1165,0
29415,1,990,990,0
29506,1,996,996,0
29507,1,955,955,0
36326,1,1279,1279,0
36327,1,989,989,0
36589,1,965,965,0
36590,1,1020,1020,0
36591,1,979,979,0
36592,1,1094,1094,0
36593,1,941,941,0
36594,1,1032,1032,0
37354,1,1113,1113,0
37355,1,1048,1048,0
487,1,1166,1166,0
488,1,942,942,0
489,1,1040,1040,0
880,1,943,943,0
881,1,1110,1110,0
5257,1,1011,1011,0
5258,1,1092,1092,0
5259,1,917,917,0
8878,1,962,962,0
8880,1,909,909,0
8056,1,943,943,0
8057,1,996,996,0
8058,1,966,966,0
23224,1,1064,1064,0
23225,1,1155,1155,0
9631,1,1025,1025,0
9632,1,1095,1095,0
9633,1,966,966,0
17338,1,978,978,0
17339,1,1070,1070,0
10562,1,1147,1147,0
10563,1,987,987,0
12004,1,1017,1017,0
12005,1,1063,1063,0
12006,1,1072,1072,0
11047,1,982,982,0
11048,1,1049,1049,0
11049,1,1001,1001,0
11509,1,1001,1001,0
11510,1,1141,1141,0
12075,1,949,949,0
16513,1,1178,1178,0
16514,1,1019,1019,0
16515,1,1025,1025,0
19498,1,1048,1048,0
16222,1,968,968,0
16223,1,1152,1152,0
16224,1,1035,1035,0
21253,1,958,958,0
21254,1,1101,1101,0
16306,1,1057,1057,0
16307,1,1058,1058,0
16308,1,1003,1003,0
19585,1,1038,1038,0
19586,1,1263,1263,0
16981,1,1014,1014,0
16982,1,1057,1057,0
16983,1,961,961,0
20644,1,983,983,0
20645,1,1032,1032,0
19499,1,1034,1034,0
19500,1,1013,1013,0
20959,1,966,966,0
20960,1,957,957,0
20961,1,1108,1108,0
21255,1,966,966,0
21574,1,964,964,0
21575,1,1111,1111,0
21576,1,1144,1144,0
24601,1,1028,1028,0
24423,1,1011,1011,0
24553,1,1070,1070,0
24554,1,1063,1063,0
24555,1,1015,1015,0
26056,1,1041,1041,0
24602,1,1162,1162,0
24603,1,947,947,0
28483,1,989,989,0
28484,1,1015,1015,0
28485,1,972,972,0
28807,1,939,939,0
28809,1,1066,1066,0
28918,1,984,984,0
28919,1,1099,1099,0
28920,1,1098,1098,0
826,1,1218,1218,0
827,1,909,909,0
828,1,1109,1109,0
997,1,938,938,0
998,1,966,966,0
7834,1,1211,1211,0
7835,1,911,911,0
7836,1,931,931,0
9724,1,1129,1129,0
9725,1,1019,1019,0
8879,1,1161,1161,0
8947,1,1011,1011,0
8948,1,1001,1001,0
8949,1,1018,1018,0
10561,1,1035,1035,0
9726,1,1334,1334,0
19243,1,935,935,0
19244,1,1024,1024,0
19245,1,1180,1180,0
19728,1,919,919,0
11511,1,1096,1096,0
12805,1,1139,1139,0
12806,1,966,966,0
12807,1,1257,1257,0
19472,1,949,949,0
11997,1,1099,1099,0
19108,1,995,995,0
19109,1,1023,1023,0
19110,1,1044,1044,0
21658,1,1079,1079,0
19587,1,940,940,0
20320,1,998,998,0
20321,1,1022,1022,0
20322,1,1204,1204,0
23428,1,956,956,0
19660,1,1096,1096,0
19661,1,1035,1035,0
19662,1,1147,1147,0
23974,1,1000,1000,0
23976,1,1007,1007,0
21659,1,1049,1049,0
21660,1,1037,1037,0
24187,1,1055,1055,0
24188,1,976,976,0
24189,1,1229,1229,0
23975,1,1011,1011,0
35314,1,1119,1119,0
35315,1,998,998,0
35316,1,994,994,0
35872,1,966,966,0
29626,1,1007,1007,0
29627,1,968,968,0
29628,1,1011,1011,0
33373,1,1055,1055,0
33374,1,1019,1019,0
33375,1,1184,1184,0
35416,1,1020,1020,0
35417,1,997,997,0
35418,1,976,976,0
36424,1,1149,1149,0
34630,1,1239,1239,0
34631,1,1051,1051,0
35038,1,1012,1012,0
35039,1,1041,1041,0
35040,1,1021,1021,0
35873,1,1028,1028,0
35874,1,979,979,0
37060,1,1087,1087,0
37061,1,1242,1242,0
37062,1,1154,1154,0
37210,1,1128,1128,0
37211,1,1062,1062,0
37212,1,974,974,0
37678,1,1067,1067,0
37680,1,1033,1033,0
882,1,964,964,0
1552,1,962,962,0
1553,1,1058,1058,0
1554,1,1067,1067,0
1627,1,1050,1050,0
1159,1,1085,1085,0
1160,1,1001,1001,0
1161,1,1030,1030,0
5288,1,1035,1035,0
5289,1,996,996,0
1581,1,1083,1083,0
9907,1,965,965,0
9908,1,1112,1112,0
9909,1,963,963,0
10258,1,978,978,0
1806,1,938,938,0
2104,1,1027,1027,0
2105,1,1197,1197,0
2106,1,1081,1081,0
2528,1,943,943,0
2527,1,1065,1065,0
2529,1,1126,1126,0
3697,1,1021,1021,0
3698,1,981,981,0
3699,1,1060,1060,0
7085,1,1112,1112,0
7086,1,995,995,0
7420,1,960,960,0
7421,1,1037,1037,0
7422,1,1074,1074,0
8524,1,1216,1216,0
8525,1,1057,1057,0
8526,1,991,991,0
8749,1,1043,1043,0
8750,1,1056,1056,0
8763,1,997,997,0
12076,1,973,973,0
12077,1,1082,1082,0
12078,1,1064,1064,0
12144,1,1055,1055,0
9132,1,983,983,0
9364,1,1002,1002,0
9365,1,1022,1022,0
9366,1,1076,1076,0
9619,1,991,991,0
11573,1,1007,1007,0
11574,1,945,945,0
11854,1,1233,1233,0
11855,1,950,950,0
11856,1,963,963,0
12142,1,1134,1134,0
12143,1,1073,1073,0
12919,1,995,995,0
12920,1,1185,1185,0
12921,1,1092,1092,0
14137,1,1246,1246,0
14138,1,1230,1230,0
14139,1,949,949,0
14746,1,1216,1216,0
14747,1,1020,1020,0
26245,1,959,959,0
26246,1,989,989,0
26247,1,1210,1210,0
26272,1,1030,1030,0
26273,1,989,989,0
26717,1,999,999,0
26718,1,940,940,0
29863,1,1120,1120,0
29864,1,971,971,0
29865,1,966,966,0
27124,1,968,968,0
27125,1,1119,1119,0
27126,1,1134,1134,0
27196,1,951,951,0
27197,1,1106,1106,0
29714,1,1011,1011,0
29715,1,1001,1001,0
29734,1,1010,1010,0
29735,1,1037,1037,0
29736,1,1007,1007,0
33100,1,996,996,0
33101,1,1026,1026,0
33102,1,1114,1114,0
34900,1,1065,1065,0
34901,1,991,991,0
1372,1,948,948,0
1373,1,1251,1251,0
1374,1,1054,1054,0
1396,1,993,993,0
1397,1,948,948,0
1486,1,959,959,0
1487,1,948,948,0
1488,1,1011,1011,0
1915,1,1003,1003,0
1916,1,963,963,0
1917,1,1014,1014,0
3151,1,935,935,0
3153,1,961,961,0
3322,1,1000,1000,0
3323,1,983,983,0
3324,1,956,956,0
3954,1,971,971,0
4099,1,965,965,0
4100,1,959,959,0
4101,1,980,980,0
4939,1,1057,1057,0
6796,1,972,972,0
6797,1,1003,1003,0
6798,1,1071,1071,0
7102,1,935,935,0
7104,1,960,960,0
7103,1,945,945,0
10441,1,933,933,0
10442,1,962,962,0
10443,1,1125,1125,0
21499,1,920,920,0
21500,1,978,978,0
13726,1,1003,1003,0
13727,1,1047,1047,0
13728,1,1044,1044,0
13969,1,1071,1071,0
13970,1,1172,1172,0
13971,1,983,983,0
17677,1,999,999,0
17678,1,1155,1155,0
17679,1,1164,1164,0
23800,1,1037,1037,0
15400,1,1040,1040,0
15401,1,1052,1052,0
15402,1,1043,1043,0
27430,1,1007,1007,0
27432,1,1018,1018,0
21501,1,971,971,0
21997,1,1025,1025,0
21998,1,1158,1158,0
21999,1,995,995,0
22048,1,922,922,0
22049,1,992,992,0
22050,1,945,945,0
29281,1,987,987,0
29282,1,996,996,0
26802,1,1095,1095,0
27431,1,1085,1085,0
28900,1,964,964,0
28901,1,975,975,0
28902,1,989,989,0
28439,1,949,949,0
29283,1,964,964,0
232,1,925,925,0
233,1,937,937,0
234,1,1263,1263,0
1064,1,1137,1137,0
1065,1,1158,1158,0
1063,1,974,974,0
2452,1,963,963,0
2453,1,1035,1035,0
2454,1,1091,1091,0
3152,1,997,997,0
1398,1,943,943,0
2287,1,1004,1004,0
2288,1,995,995,0
2289,1,1074,1074,0
2664,1,1019,1019,0
2662,1,1025,1025,0
2663,1,1014,1014,0
3073,1,1019,1019,0
3074,1,1009,1009,0
3075,1,1020,1020,0
3946,1,944,944,0
3947,1,1116,1116,0
3948,1,1097,1097,0
3952,1,937,937,0
3953,1,922,922,0
4756,1,924,924,0
4757,1,1103,1103,0
4758,1,973,973,0
5308,1,992,992,0
5309,1,960,960,0
5310,1,987,987,0
5893,1,989,989,0
5894,1,1032,1032,0
5895,1,976,976,0
6289,1,1033,1033,0
6290,1,1053,1053,0
6291,1,1162,1162,0
7303,1,999,999,0
7304,1,968,968,0
7305,1,962,962,0
8674,1,953,953,0
8675,1,942,942,0
8676,1,1028,1028,0
22630,1,986,986,0
22632,1,1001,1001,0
20767,1,964,964,0
20768,1,1072,1072,0
20769,1,1008,1008,0
28438,1,1041,1041,0
28440,1,961,961,0
22631,1,1023,1023,0
27184,1,942,942,0
27185,1,996,996,0
27186,1,1048,1048,0
27952,1,984,984,0
23801,1,1048,1048,0
23802,1,947,947,0
29935,1,1184,1184,0
29936,1,979,979,0
29937,1,954,954,0
26302,1,968,968,0
26303,1,1046,1046,0
26304,1,1096,1096,0
26800,1,931,931,0
26801,1,1039,1039,0
27953,1,965,965,0
27954,1,976,976,0
35890,1,937,937,0
35891,1,933,933,0
35892,1,1063,1063,0
1021,1,1057,1057,0
1022,1,1015,1015,0
1023,1,976,976,0
8347,1,943,943,0
8348,1,1113,1113,0
4940,1,1034,1034,0
4941,1,1001,1001,0
6244,1,960,960,0
6245,1,1045,1045,0
6246,1,1044,1044,0
5470,1,899,899,0
5471,1,1023,1023,0
5472,1,1069,1069,0
13232,1,958,958,0
13233,1,1135,1135,0
7579,1,1057,1057,0
7580,1,946,946,0
7581,1,1048,1048,0
8836,1,969,969,0
8837,1,966,966,0
8838,1,1046,1046,0
16330,1,947,947,0
16331,1,982,982,0
16332,1,1075,1075,0
12131,1,1025,1025,0
12132,1,1121,1121,0
15406,1,985,985,0
15407,1,947,947,0
15408,1,1002,1002,0
14761,1,1023,1023,0
14762,1,925,925,0
14763,1,981,981,0
26581,1,967,967,0
26582,1,1014,1014,0
16591,1,948,948,0
16592,1,979,979,0
16593,1,992,992,0
17491,1,998,998,0
17492,1,1044,1044,0
26583,1,1079,1079,0
29920,1,993,993,0
29921,1,1032,1032,0
29922,1,985,985,0
33034,1,987,987,0
33035,1,1015,1015,0
33036,1,1148,1148,0
7678,1,988,988,0
7679,1,923,923,0
7680,1,994,994,0
10312,1,939,939,0
10313,1,1151,1151,0
10000,1,920,920,0
10001,1,1012,1012,0
10002,1,997,997,0
10198,1,989,989,0
10200,1,1048,1048,0
11660,1,979,979,0
11661,1,1121,1121,0
12175,1,1250,1250,0
12176,1,1090,1090,0
12177,1,965,965,0
13174,1,974,974,0
13175,1,901,901,0
13474,1,1001,1001,0
13475,1,1014,1014,0
13476,1,1006,1006,0
15055,1,1030,1030,0
15056,1,1041,1041,0
15057,1,979,979,0
17581,1,972,972,0
17582,1,1315,1315,0
17420,1,943,943,0
17421,1,944,944,0
17887,1,1035,1035,0
17888,1,1056,1056,0
17889,1,947,947,0
21565,1,957,957,0
21566,1,1008,1008,0
21567,1,1070,1070,0
22561,1,1025,1025,0
22562,1,957,957,0
22563,1,968,968,0
22723,1,1102,1102,0
22724,1,965,965,0
22725,1,949,949,0
22810,1,952,952,0
22811,1,1013,1013,0
22812,1,1058,1058,0
35845,1,1068,1068,0
35846,1,1029,1029,0
35847,1,928,928,0
33211,1,918,918,0
33212,1,969,969,0
33213,1,988,988,0
5479,1,982,982,0
5480,1,1045,1045,0
5481,1,1045,1045,0
16477,1,1211,1211,0
16478,1,946,946,0
8342,1,980,980,0
8343,1,950,950,0
11176,1,1000,1000,0
11177,1,978,978,0
11178,1,990,990,0
9967,1,1046,1046,0
9968,1,1031,1031,0
9969,1,944,944,0
10225,1,970,970,0
10226,1,1004,1004,0
11876,1,952,952,0
11877,1,1024,1024,0
15424,1,968,968,0
15425,1,1039,1039,0
15426,1,999,999,0
16465,1,999,999,0
16466,1,986,986,0
16467,1,948,948,0
17761,1,1026,1026,0
17762,1,1077,1077,0
16479,1,950,950,0
18418,1,943,943,0
18419,1,1101,1101,0
18420,1,962,962,0
18562,1,1099,1099,0
17637,1,1099,1099,0
27277,1,1097,1097,0
27278,1,911,911,0
27279,1,944,944,0
28795,1,988,988,0
18587,1,985,985,0
18588,1,953,953,0
18964,1,989,989,0
18965,1,957,957,0
18966,1,1023,1023,0
25144,1,951,951,0
25145,1,964,964,0
25146,1,1063,1063,0
25990,1,970,970,0
25992,1,944,944,0
29509,1,954,954,0
29510,1,1165,1165,0
29511,1,1133,1133,0
29710,1,1117,1117,0
29711,1,1028,1028,0
33691,1,1055,1055,0
33692,1,922,922,0
33693,1,1001,1001,0
35221,1,990,990,0
35222,1,948,948,0
37551,1,972,972,0
37985,1,927,927,0
37986,1,1003,1003,0
38080,1,1021,1021,0
38081,1,1102,1102,0
38082,1,1094,1094,0
38537,1,1051,1051,0
38538,1,987,987,0
