198,1,97,97,0
199,1,94,94,0
321,1,82,82,0
322,1,84,84,0
323,1,99,99,0
324,1,96,96,0
325,1,102,102,0
326,1,87,87,0
327,1,74,74,0
328,1,100,100,0
393,1,94,94,0
394,1,81,81,0
395,1,83,83,0
396,1,97,97,0
397,1,100,100,0
398,1,96,96,0
399,1,90,90,0
400,1,85,85,0
712,1,108,108,0
785,1,98,98,0
786,1,106,106,0
787,1,101,101,0
788,1,102,102,0
789,1,105,105,0
790,1,106,106,0
791,1,92,92,0
792,1,80,80,0
1159,1,100,100,0
1329,1,106,106,0
1330,1,93,93,0
1331,1,78,78,0
1332,1,97,97,0
1333,1,101,101,0
1334,1,106,106,0
1335,1,99,99,0
1336,1,93,93,0
2482,1,98,98,0
2483,1,96,96,0
2484,1,103,103,0
2486,1,98,98,0
2487,1,96,96,0
2488,1,103,103,0
2993,1,113,113,0
2997,1,94,94,0
3017,1,98,98,0
3018,1,84,84,0
3019,1,105,105,0
3020,1,93,93,0
3021,1,110,110,0
3022,1,108,108,0
3023,1,87,87,0
3024,1,79,79,0
4161,1,108,108,0
4162,1,87,87,0
4163,1,98,98,0
4164,1,114,114,0
4165,1,84,84,0
4166,1,99,99,0
4167,1,105,105,0
4168,1,110,110,0
5017,1,84,84,0
5018,1,81,81,0
5019,1,106,106,0
5020,1,100,100,0
5021,1,84,84,0
5022,1,89,89,0
5023,1,100,100,0
5024,1,93,93,0
5249,1,98,98,0
5250,1,105,105,0
5252,1,90,90,0
5253,1,90,90,0
5254,1,102,102,0
6268,1,104,104,0
6537,1,103,103,0
6538,1,95,95,0
6539,1,84,84,0
6540,1,98,98,0
6541,1,104,104,0
6542,1,90,90,0
6543,1,99,99,0
6544,1,85,85,0
7049,1,97,97,0
7050,1,86,86,0
7051,1,99,99,0
7052,1,97,97,0
7053,1,86,86,0
7054,1,97,97,0
7055,1,85,85,0
7056,1,99,99,0
7309,1,117,117,0
9009,1,107,107,0
9010,1,91,91,0
9012,1,84,84,0
9013,1,106,106,0
9014,1,102,102,0
9015,1,102,102,0
9016,1,82,82,0
12435,1,81,81,0
12438,1,97,97,0
13363,1,91,91,0
377,1,97,97,0
378,1,88,88,0
379,1,106,106,0
380,1,95,95,0
381,1,90,90,0
382,1,87,87,0
383,1,106,106,0
384,1,102,102,0
2305,1,108,108,0
2306,1,121,121,0
2307,1,103,103,0
2308,1,90,90,0
2309,1,107,107,0
2310,1,103,103,0
2311,1,96,96,0
2312,1,96,96,0
3465,1,76,76,0
3466,1,83,83,0
3467,1,94,94,0
3468,1,108,108,0
3469,1,100,100,0
3470,1,112,112,0
3471,1,109,109,0
3472,1,99,99,0
3849,1,88,88,0
3850,1,110,110,0
3851,1,82,82,0
3852,1,84,84,0
3853,1,111,111,0
3854,1,103,103,0
3855,1,102,102,0
3856,1,100,100,0
4001,1,96,96,0
4002,1,85,85,0
4003,1,86,86,0
4004,1,102,102,0
4005,1,89,89,0
4006,1,117,117,0
4007,1,96,96,0
4008,1,86,86,0
4473,1,91,91,0
4474,1,90,90,0
4475,1,100,100,0
4476,1,106,106,0
4477,1,86,86,0
4478,1,117,117,0
4479,1,100,100,0
4480,1,93,93,0
4673,1,99,99,0
4674,1,89,89,0
4675,1,95,95,0
4676,1,109,109,0
4677,1,100,100,0
4678,1,99,99,0
4679,1,106,106,0
4680,1,83,83,0
4857,1,115,115,0
4858,1,113,113,0
4859,1,102,102,0
4860,1,80,80,0
4861,1,101,101,0
4862,1,77,77,0
4863,1,111,111,0
4864,1,93,93,0
5873,1,81,81,0
5874,1,108,108,0
5875,1,103,103,0
5876,1,93,93,0
5877,1,95,95,0
5878,1,101,101,0
5879,1,85,85,0
5880,1,102,102,0
6401,1,94,94,0
6402,1,102,102,0
6403,1,117,117,0
6404,1,105,105,0
6405,1,108,108,0
6406,1,98,98,0
6407,1,86,86,0
6408,1,93,93,0
6513,1,94,94,0
6514,1,89,89,0
6515,1,96,96,0
6516,1,81,81,0
6517,1,91,91,0
6518,1,107,107,0
6519,1,92,92,0
6520,1,98,98,0
7313,1,105,105,0
7314,1,100,100,0
7315,1,99,99,0
7316,1,97,97,0
7317,1,99,99,0
7318,1,86,86,0
7319,1,113,113,0
7320,1,95,95,0
7505,1,112,112,0
7506,1,104,104,0
7507,1,90,90,0
7508,1,89,89,0
7509,1,85,85,0
7510,1,96,96,0
7511,1,90,90,0
7512,1,112,112,0
7577,1,115,115,0
7578,1,103,103,0
7579,1,90,90,0
7580,1,112,112,0
7581,1,92,92,0
7582,1,101,101,0
7583,1,95,95,0
7584,1,93,93,0
11761,1,96,96,0
11762,1,96,96,0
11763,1,95,95,0
11764,1,108,108,0
11765,1,97,97,0
11766,1,90,90,0
11767,1,84,84,0
11768,1,85,85,0
14681,1,105,105,0
14682,1,101,101,0
14683,1,94,94,0
14684,1,99,99,0
14685,1,107,107,0
14686,1,95,95,0
14687,1,96,96,0
14688,1,99,99,0
16121,1,91,91,0
16122,1,100,100,0
16123,1,94,94,0
16124,1,103,103,0
16125,1,87,87,0
16126,1,109,109,0
16127,1,81,81,0
16128,1,120,120,0
16585,1,87,87,0
16586,1,96,96,0
16587,1,99,99,0
16588,1,78,78,0
16589,1,92,92,0
16590,1,99,99,0
16591,1,84,84,0
16592,1,117,117,0
16721,1,88,88,0
16722,1,100,100,0
16723,1,91,91,0
16724,1,108,108,0
16725,1,104,104,0
16726,1,94,94,0
16727,1,96,96,0
16728,1,79,79,0
16841,1,90,90,0
16842,1,98,98,0
16843,1,91,91,0
16844,1,90,90,0
16845,1,99,99,0
16846,1,112,112,0
16847,1,91,91,0
16848,1,95,95,0
18537,1,102,102,0
18538,1,115,115,0
18539,1,90,90,0
18540,1,90,90,0
18541,1,90,90,0
18542,1,100,100,0
18543,1,99,99,0
18544,1,96,96,0
19257,1,89,89,0
19258,1,108,108,0
19259,1,103,103,0
19260,1,88,88,0
19264,1,101,101,0
641,1,88,88,0
642,1,86,86,0
643,1,84,84,0
644,1,107,107,0
645,1,86,86,0
646,1,93,93,0
647,1,78,78,0
648,1,101,101,0
1169,1,100,100,0
1170,1,98,98,0
1171,1,110,110,0
1172,1,73,73,0
1173,1,103,103,0
1174,1,95,95,0
1175,1,110,110,0
1176,1,117,117,0
2681,1,91,91,0
2682,1,95,95,0
2683,1,91,91,0
2684,1,91,91,0
2685,1,102,102,0
2686,1,111,111,0
2687,1,77,77,0
2688,1,94,94,0
2801,1,86,86,0
2802,1,96,96,0
2803,1,96,96,0
2804,1,89,89,0
2805,1,93,93,0
2806,1,111,111,0
2807,1,98,98,0
2808,1,100,100,0
4761,1,92,92,0
4762,1,116,116,0
4763,1,108,108,0
4764,1,104,104,0
4765,1,94,94,0
4766,1,93,93,0
4767,1,94,94,0
4768,1,105,105,0
5353,1,93,93,0
5354,1,99,99,0
5355,1,88,88,0
5356,1,109,109,0
5357,1,90,90,0
5358,1,81,81,0
5359,1,87,87,0
5360,1,82,82,0
6017,1,89,89,0
6020,1,83,83,0
6021,1,92,92,0
6022,1,99,99,0
6023,1,88,88,0
6024,1,95,95,0
6409,1,101,101,0
6413,1,91,91,0
6673,1,101,101,0
6674,1,105,105,0
6675,1,97,97,0
6676,1,94,94,0
6677,1,93,93,0
6678,1,83,83,0
6679,1,97,97,0
6680,1,99,99,0
7425,1,105,105,0
7426,1,88,88,0
7427,1,106,106,0
7428,1,113,113,0
7429,1,78,78,0
7430,1,109,109,0
7431,1,103,103,0
7432,1,101,101,0
10182,1,103,103,0
10183,1,114,114,0
10184,1,107,107,0
10953,1,86,86,0
10954,1,102,102,0
10955,1,101,101,0
10956,1,83,83,0
10957,1,89,89,0
10958,1,97,97,0
10959,1,82,82,0
10960,1,108,108,0
11465,1,95,95,0
11466,1,92,92,0
11467,1,96,96,0
11470,1,116,116,0
11471,1,120,120,0
11472,1,93,93,0
12009,1,92,92,0
12010,1,84,84,0
12011,1,93,93,0
12816,1,89,89,0
12885,1,87,87,0
14274,1,93,93,0
14276,1,88,88,0
14277,1,88,88,0
15277,1,98,98,0
15369,1,100,100,0
15370,1,88,88,0
15371,1,86,86,0
15372,1,107,107,0
15373,1,96,96,0
12353,1,93,93,0
12354,1,88,88,0
12355,1,79,79,0
12356,1,93,93,0
12357,1,89,89,0
12358,1,89,89,0
12359,1,96,96,0
12360,1,96,96,0
12417,1,98,98,0
12418,1,116,116,0
12419,1,112,112,0
12420,1,83,83,0
12421,1,77,77,0
12422,1,81,81,0
12423,1,90,90,0
12424,1,105,105,0
12441,1,86,86,0
12442,1,99,99,0
12443,1,109,109,0
12444,1,102,102,0
12445,1,95,95,0
12446,1,101,101,0
12447,1,89,89,0
12448,1,100,100,0
14050,1,104,104,0
14051,1,77,77,0
14052,1,94,94,0
14053,1,82,82,0
14054,1,96,96,0
14055,1,106,106,0
14056,1,107,107,0
14865,1,85,85,0
14866,1,105,105,0
14867,1,100,100,0
14868,1,101,101,0
14869,1,96,96,0
14870,1,91,91,0
14871,1,104,104,0
14872,1,119,119,0
15841,1,101,101,0
15843,1,90,90,0
17041,1,87,87,0
17042,1,90,90,0
17043,1,98,98,0
17044,1,92,92,0
17045,1,86,86,0
17046,1,80,80,0
17047,1,94,94,0
17048,1,100,100,0
17169,1,82,82,0
17170,1,89,89,0
17171,1,98,98,0
17172,1,82,82,0
17173,1,100,100,0
17174,1,90,90,0
17175,1,115,115,0
17238,1,95,95,0
17239,1,99,99,0
17240,1,104,104,0
18777,1,99,99,0
18783,1,106,106,0
19283,1,93,93,0
19284,1,98,98,0
19285,1,88,88,0
19286,1,107,107,0
19287,1,92,92,0
19288,1,100,100,0
65,1,103,103,0
66,1,109,109,0
67,1,95,95,0
68,1,96,96,0
69,1,94,94,0
70,1,94,94,0
71,1,104,104,0
72,1,108,108,0
265,1,98,98,0
266,1,114,114,0
267,1,95,95,0
268,1,104,104,0
269,1,95,95,0
270,1,96,96,0
271,1,87,87,0
272,1,100,100,0
505,1,114,114,0
506,1,74,74,0
507,1,110,110,0
508,1,74,74,0
509,1,77,77,0
510,1,88,88,0
511,1,87,87,0
512,1,94,94,0
1033,1,83,83,0
1034,1,95,95,0
1035,1,92,92,0
1036,1,94,94,0
1037,1,89,89,0
1038,1,107,107,0
1039,1,97,97,0
1040,1,113,113,0
2033,1,98,98,0
2034,1,101,101,0
2035,1,89,89,0
2036,1,110,110,0
2037,1,95,95,0
2038,1,111,111,0
2039,1,85,85,0
2040,1,104,104,0
2369,1,95,95,0
2370,1,109,109,0
2371,1,105,105,0
2372,1,93,93,0
2373,1,117,117,0
2374,1,122,122,0
2375,1,102,102,0
2376,1,93,93,0
2377,1,83,83,0
2378,1,97,97,0
2379,1,90,90,0
2380,1,92,92,0
2381,1,89,89,0
2382,1,101,101,0
2383,1,122,122,0
2384,1,97,97,0
2417,1,85,85,0
2418,1,86,86,0
2419,1,88,88,0
2420,1,103,103,0
2421,1,103,103,0
2422,1,91,91,0
2423,1,94,94,0
2424,1,120,120,0
2569,1,95,95,0
2570,1,110,110,0
2571,1,100,100,0
2572,1,104,104,0
2573,1,88,88,0
2574,1,117,117,0
2575,1,89,89,0
2576,1,98,98,0
2625,1,103,103,0
2626,1,88,88,0
2627,1,100,100,0
2628,1,102,102,0
2629,1,111,111,0
2630,1,95,95,0
2631,1,99,99,0
2632,1,104,104,0
3025,1,91,91,0
3026,1,109,109,0
3027,1,98,98,0
3028,1,84,84,0
3029,1,79,79,0
3030,1,104,104,0
3031,1,111,111,0
3032,1,94,94,0
3457,1,94,94,0
3458,1,103,103,0
3459,1,82,82,0
3460,1,88,88,0
3461,1,86,86,0
3462,1,94,94,0
3463,1,99,99,0
3464,1,80,80,0
3641,1,85,85,0
3642,1,104,104,0
3643,1,102,102,0
3644,1,103,103,0
3645,1,99,99,0
3646,1,78,78,0
3647,1,98,98,0
3648,1,106,106,0
3841,1,100,100,0
3842,1,116,116,0
3843,1,95,95,0
3844,1,91,91,0
3845,1,103,103,0
3846,1,97,97,0
3847,1,98,98,0
3848,1,91,91,0
4321,1,89,89,0
4322,1,81,81,0
4323,1,95,95,0
4324,1,92,92,0
4325,1,107,107,0
4326,1,115,115,0
4327,1,111,111,0
4328,1,91,91,0
4577,1,79,79,0
4578,1,101,101,0
4579,1,100,100,0
4580,1,94,94,0
4581,1,93,93,0
4582,1,87,87,0
4583,1,89,89,0
4584,1,90,90,0
4609,1,90,90,0
4610,1,111,111,0
4611,1,97,97,0
4612,1,92,92,0
4613,1,112,112,0
4614,1,108,108,0
4615,1,82,82,0
4616,1,88,88,0
4729,1,96,96,0
4730,1,106,106,0
4731,1,96,96,0
4732,1,92,92,0
4733,1,95,95,0
4734,1,96,96,0
4735,1,92,92,0
4736,1,78,78,0
4737,1,84,84,0
4738,1,114,114,0
4739,1,93,93,0
4740,1,108,108,0
4741,1,97,97,0
4742,1,76,76,0
4743,1,89,89,0
4744,1,93,93,0
4929,1,96,96,0
4930,1,96,96,0
4931,1,98,98,0
4932,1,92,92,0
4933,1,78,78,0
4934,1,84,84,0
4935,1,95,95,0
4936,1,106,106,0
4993,1,106,106,0
4994,1,100,100,0
4995,1,91,91,0
4996,1,106,106,0
4997,1,99,99,0
4998,1,97,97,0
4999,1,94,94,0
5000,1,96,96,0
5209,1,99,99,0
5210,1,101,101,0
5211,1,82,82,0
5212,1,100,100,0
5213,1,101,101,0
5216,1,102,102,0
193,1,106,106,0
194,1,91,91,0
195,1,110,110,0
196,1,88,88,0
197,1,91,91,0
200,1,93,93,0
705,1,98,98,0
706,1,88,88,0
707,1,98,98,0
708,1,96,96,0
709,1,85,85,0
710,1,101,101,0
711,1,95,95,0
1153,1,100,100,0
1154,1,95,95,0
1155,1,94,94,0
1156,1,101,101,0
1157,1,104,104,0
1158,1,109,109,0
1160,1,96,96,0
2481,1,81,81,0
2485,1,99,99,0
2994,1,105,105,0
2995,1,81,81,0
2996,1,101,101,0
2998,1,103,103,0
2999,1,103,103,0
3000,1,104,104,0
3649,1,103,103,0
3650,1,92,92,0
3651,1,82,82,0
3652,1,89,89,0
3653,1,85,85,0
3654,1,94,94,0
3655,1,91,91,0
3656,1,115,115,0
5121,1,83,83,0
5122,1,85,85,0
5123,1,98,98,0
5124,1,106,106,0
5125,1,105,105,0
5126,1,95,95,0
5127,1,87,87,0
5128,1,69,69,0
5251,1,88,88,0
5255,1,104,104,0
5256,1,85,85,0
6265,1,93,93,0
6266,1,86,86,0
6267,1,84,84,0
6269,1,95,95,0
6270,1,92,92,0
6271,1,96,96,0
6272,1,98,98,0
7305,1,117,117,0
7306,1,110,110,0
7307,1,115,115,0
7308,1,100,100,0
7310,1,113,113,0
7311,1,80,80,0
7312,1,88,88,0
9011,1,97,97,0
12433,1,100,100,0
12434,1,103,103,0
12436,1,81,81,0
12437,1,107,107,0
12439,1,90,90,0
12440,1,97,97,0
13361,1,90,90,0
13362,1,115,115,0
13364,1,86,86,0
13365,1,98,98,0
13366,1,108,108,0
13367,1,107,107,0
15081,1,85,85,0
15082,1,100,100,0
15083,1,91,91,0
15084,1,96,96,0
15085,1,81,81,0
15086,1,105,105,0
15087,1,101,101,0
15088,1,113,113,0
19302,1,48,48,0
15374,1,93,93,0
15375,1,99,99,0
15376,1,79,79,0
15409,1,93,93,0
15410,1,97,97,0
15411,1,88,88,0
15412,1,88,88,0
15413,1,76,76,0
15414,1,100,100,0
15415,1,107,107,0
15416,1,92,92,0
15657,1,102,102,0
15658,1,94,94,0
15659,1,106,106,0
15660,1,111,111,0
15661,1,103,103,0
15662,1,88,88,0
15663,1,93,93,0
15664,1,95,95,0
17920,1,114,114,0
16255,1,101,101,0
16265,1,92,92,0
16266,1,102,102,0
16267,1,102,102,0
16268,1,98,98,0
16269,1,89,89,0
16270,1,103,103,0
16271,1,128,128,0
16272,1,97,97,0
16417,1,102,102,0
16418,1,95,95,0
16419,1,100,100,0
16420,1,111,111,0
16421,1,104,104,0
16422,1,96,96,0
16423,1,97,97,0
16424,1,99,99,0
16913,1,89,89,0
16914,1,80,80,0
16915,1,73,73,0
16916,1,95,95,0
16917,1,89,89,0
16918,1,92,92,0
16919,1,93,93,0
16920,1,82,82,0
17153,1,99,99,0
17154,1,92,92,0
17155,1,100,100,0
17156,1,93,93,0
17157,1,93,93,0
17158,1,98,98,0
17159,1,78,78,0
17160,1,101,101,0
17201,1,100,100,0
17202,1,91,91,0
17203,1,102,102,0
17204,1,97,97,0
17205,1,90,90,0
17206,1,90,90,0
17207,1,98,98,0
17208,1,104,104,0
17553,1,93,93,0
17554,1,80,80,0
17555,1,110,110,0
17556,1,107,107,0
17557,1,96,96,0
17558,1,94,94,0
17559,1,106,106,0
17560,1,102,102,0
17561,1,89,89,0
17562,1,109,109,0
17563,1,91,91,0
17564,1,84,84,0
17565,1,99,99,0
17566,1,102,102,0
17567,1,108,108,0
17568,1,94,94,0
16577,1,86,86,0
16578,1,113,113,0
16579,1,104,104,0
16580,1,86,86,0
16581,1,96,96,0
16582,1,87,87,0
16583,1,99,99,0
16584,1,97,97,0
16705,1,108,108,0
16706,1,95,95,0
16707,1,123,123,0
16708,1,109,109,0
16709,1,101,101,0
16710,1,110,110,0
16711,1,95,95,0
16712,1,101,101,0
16761,1,118,118,0
16762,1,106,106,0
16763,1,99,99,0
16764,1,101,101,0
16765,1,97,97,0
16766,1,98,98,0
16767,1,107,107,0
16768,1,98,98,0
16777,1,82,82,0
16778,1,95,95,0
16779,1,114,114,0
16780,1,92,92,0
16781,1,93,93,0
16782,1,105,105,0
16783,1,99,99,0
16784,1,82,82,0
17681,1,75,75,0
17682,1,102,102,0
17683,1,106,106,0
17684,1,107,107,0
17685,1,94,94,0
17686,1,93,93,0
17687,1,84,84,0
17688,1,80,80,0
18241,1,103,103,0
18243,1,113,113,0
18244,1,76,76,0
18245,1,97,97,0
18246,1,115,115,0
18937,1,89,89,0
18943,1,96,96,0
18944,1,92,92,0
19097,1,98,98,0
19098,1,78,78,0
19099,1,85,85,0
19169,1,108,108,0
19170,1,80,80,0
19171,1,98,98,0
19172,1,99,99,0
19173,1,111,111,0
19174,1,104,104,0
19175,1,102,102,0
19176,1,86,86,0
19241,1,106,106,0
19242,1,80,80,0
19243,1,75,75,0
19244,1,98,98,0
19245,1,85,85,0
19248,1,111,111,0
19289,1,98,98,0
19290,1,84,84,0
19291,1,81,81,0
19292,1,98,98,0
19293,1,83,83,0
19294,1,99,99,0
19295,1,96,96,0
19296,1,84,84,0
17621,1,80,80,0
17622,1,115,115,0
17623,1,98,98,0
17624,1,100,100,0
18097,1,95,95,0
18098,1,84,84,0
18099,1,99,99,0
18100,1,104,104,0
18101,1,93,93,0
18102,1,87,87,0
18103,1,108,108,0
18104,1,98,98,0
19225,1,99,99,0
19226,1,104,104,0
19227,1,113,113,0
19228,1,89,89,0
19229,1,99,99,0
19230,1,103,103,0
19231,1,90,90,0
19232,1,102,102,0
19111,1,110,110,0
19112,1,73,73,0
19117,1,111,111,0
19118,1,105,105,0
19119,1,107,107,0
19120,1,99,99,0
19129,1,107,107,0
19130,1,99,99,0
19131,1,104,104,0
19132,1,95,95,0
19133,1,90,90,0
19134,1,89,89,0
19135,1,105,105,0
19261,1,108,108,0
19262,1,102,102,0
19263,1,108,108,0
449,1,111,111,0
450,1,92,92,0
451,1,94,94,0
452,1,85,85,0
453,1,104,104,0
454,1,97,97,0
455,1,98,98,0
456,1,102,102,0
2961,1,78,78,0
2962,1,101,101,0
2963,1,112,112,0
2964,1,75,75,0
2965,1,106,106,0
2966,1,111,111,0
2967,1,92,92,0
2968,1,108,108,0
3513,1,104,104,0
3514,1,88,88,0
3515,1,105,105,0
3516,1,103,103,0
3517,1,108,108,0
3518,1,98,98,0
3519,1,94,94,0
3520,1,105,105,0
3793,1,108,108,0
3794,1,105,105,0
3795,1,88,88,0
3796,1,89,89,0
3797,1,95,95,0
3798,1,92,92,0
3799,1,95,95,0
3800,1,98,98,0
4369,1,104,104,0
4370,1,97,97,0
4371,1,121,121,0
4372,1,92,92,0
4373,1,101,101,0
4374,1,113,113,0
4375,1,93,93,0
4376,1,98,98,0
4481,1,88,88,0
4482,1,97,97,0
4483,1,95,95,0
4484,1,93,93,0
4485,1,101,101,0
4486,1,102,102,0
4487,1,94,94,0
4488,1,100,100,0
4645,1,107,107,0
5001,1,97,97,0
5002,1,87,87,0
5003,1,90,90,0
5004,1,89,89,0
5005,1,81,81,0
5006,1,94,94,0
5007,1,95,95,0
5008,1,92,92,0
5666,1,120,120,0
5668,1,91,91,0
5669,1,106,106,0
5670,1,85,85,0
5671,1,93,93,0
5672,1,95,95,0
5993,1,108,108,0
5994,1,94,94,0
5995,1,91,91,0
5996,1,86,86,0
5997,1,94,94,0
5998,1,94,94,0
5999,1,88,88,0
6000,1,88,88,0
16193,1,76,76,0
16194,1,102,102,0
16195,1,88,88,0
16196,1,91,91,0
16197,1,106,106,0
16198,1,108,108,0
16199,1,96,96,0
16200,1,98,98,0
17099,1,98,98,0
17100,1,89,89,0
17101,1,100,100,0
17102,1,107,107,0
17103,1,100,100,0
17104,1,105,105,0
17881,1,102,102,0
17882,1,102,102,0
17883,1,89,89,0
17884,1,103,103,0
17885,1,92,92,0
17886,1,105,105,0
17887,1,99,99,0
17888,1,114,114,0
18665,1,82,82,0
18666,1,92,92,0
18667,1,102,102,0
18668,1,90,90,0
18669,1,94,94,0
18670,1,105,105,0
18671,1,88,88,0
18672,1,97,97,0
2345,1,116,116,0
2346,1,118,118,0
2347,1,100,100,0
2348,1,94,94,0
2349,1,113,113,0
2350,1,80,80,0
2351,1,100,100,0
2352,1,84,84,0
2353,1,103,103,0
2354,1,82,82,0
2355,1,103,103,0
2356,1,120,120,0
2357,1,85,85,0
2358,1,95,95,0
2359,1,96,96,0
2360,1,101,101,0
2497,1,97,97,0
2498,1,95,95,0
2499,1,94,94,0
2500,1,102,102,0
2501,1,110,110,0
2502,1,95,95,0
2503,1,91,91,0
2504,1,86,86,0
2945,1,112,112,0
2946,1,88,88,0
2947,1,92,92,0
2948,1,99,99,0
2949,1,90,90,0
2950,1,106,106,0
2951,1,95,95,0
2952,1,102,102,0
4377,1,89,89,0
4378,1,113,113,0
4379,1,86,86,0
4380,1,97,97,0
4381,1,85,85,0
4382,1,95,95,0
4383,1,92,92,0
4384,1,102,102,0
4385,1,76,76,0
4386,1,88,88,0
4387,1,95,95,0
4388,1,97,97,0
4389,1,104,104,0
4390,1,94,94,0
4391,1,108,108,0
4392,1,113,113,0
4537,1,97,97,0
4538,1,111,111,0
4539,1,82,82,0
4540,1,108,108,0
4541,1,116,116,0
4542,1,103,103,0
4543,1,100,100,0
4544,1,85,85,0
4585,1,102,102,0
4586,1,95,95,0
4587,1,98,98,0
4588,1,104,104,0
4589,1,99,99,0
4590,1,87,87,0
4591,1,115,115,0
4592,1,89,89,0
5041,1,92,92,0
5042,1,102,102,0
5043,1,99,99,0
5044,1,95,95,0
5045,1,90,90,0
5046,1,99,99,0
5047,1,88,88,0
5048,1,100,100,0
5961,1,101,101,0
5962,1,99,99,0
5963,1,92,92,0
5964,1,75,75,0
5965,1,107,107,0
5966,1,103,103,0
5967,1,84,84,0
5968,1,106,106,0
6018,1,91,91,0
6019,1,107,107,0
6089,1,116,116,0
6090,1,97,97,0
6091,1,80,80,0
6092,1,93,93,0
6093,1,100,100,0
6094,1,110,110,0
6095,1,75,75,0
6096,1,81,81,0
6410,1,104,104,0
6411,1,104,104,0
6412,1,102,102,0
6414,1,81,81,0
6415,1,84,84,0
6416,1,96,96,0
8017,1,102,102,0
8018,1,96,96,0
8019,1,94,94,0
8020,1,105,105,0
8021,1,96,96,0
8022,1,103,103,0
5214,1,88,88,0
5215,1,103,103,0
5321,1,81,81,0
5322,1,111,111,0
5323,1,110,110,0
5324,1,104,104,0
5325,1,96,96,0
5326,1,72,72,0
5327,1,99,99,0
5328,1,77,77,0
5473,1,109,109,0
5474,1,88,88,0
5475,1,98,98,0
5476,1,88,88,0
5477,1,96,96,0
5478,1,94,94,0
5479,1,85,85,0
5480,1,85,85,0
5481,1,113,113,0
5482,1,96,96,0
5483,1,82,82,0
5484,1,108,108,0
5485,1,94,94,0
5486,1,108,108,0
5487,1,104,104,0
5488,1,103,103,0
5632,1,114,114,0
5633,1,97,97,0
5634,1,104,104,0
5635,1,96,96,0
5636,1,101,101,0
5637,1,109,109,0
5638,1,84,84,0
5639,1,116,116,0
5640,1,109,109,0
5673,1,111,111,0
5674,1,89,89,0
5675,1,96,96,0
5676,1,105,105,0
5677,1,94,94,0
5678,1,113,113,0
5679,1,100,100,0
5680,1,122,122,0
6065,1,102,102,0
6066,1,93,93,0
6067,1,96,96,0
6068,1,99,99,0
6069,1,86,86,0
6070,1,104,104,0
6071,1,93,93,0
6072,1,96,96,0
6145,1,99,99,0
6146,1,94,94,0
6147,1,111,111,0
6148,1,87,87,0
6149,1,88,88,0
6150,1,117,117,0
6151,1,102,102,0
6152,1,105,105,0
6345,1,100,100,0
6346,1,82,82,0
6347,1,86,86,0
6348,1,94,94,0
6349,1,94,94,0
6350,1,88,88,0
6351,1,88,88,0
6352,1,112,112,0
6729,1,114,114,0
6730,1,86,86,0
6731,1,84,84,0
6732,1,126,126,0
6733,1,104,104,0
6734,1,99,99,0
6735,1,83,83,0
6736,1,87,87,0
6905,1,78,78,0
6906,1,93,93,0
6907,1,90,90,0
6908,1,112,112,0
6909,1,96,96,0
6910,1,104,104,0
6911,1,106,106,0
6912,1,108,108,0
7233,1,94,94,0
7234,1,103,103,0
7235,1,105,105,0
7236,1,89,89,0
7237,1,97,97,0
7238,1,92,92,0
7239,1,111,111,0
7240,1,86,86,0
7889,1,110,110,0
7890,1,98,98,0
7891,1,104,104,0
7892,1,89,89,0
7893,1,85,85,0
7894,1,98,98,0
7895,1,89,89,0
7896,1,94,94,0
13849,1,98,98,0
13850,1,99,99,0
13851,1,94,94,0
13852,1,96,96,0
13853,1,92,92,0
13854,1,95,95,0
13855,1,87,87,0
13856,1,88,88,0
16017,1,82,82,0
16018,1,99,99,0
16019,1,113,113,0
16020,1,88,88,0
16021,1,98,98,0
16022,1,98,98,0
16023,1,104,104,0
16024,1,95,95,0
16057,1,105,105,0
16058,1,96,96,0
16059,1,108,108,0
16060,1,93,93,0
16061,1,91,91,0
16062,1,97,97,0
16063,1,99,99,0
16064,1,102,102,0
16081,1,103,103,0
16082,1,111,111,0
16083,1,87,87,0
16084,1,104,104,0
16085,1,95,95,0
16086,1,113,113,0
16087,1,95,95,0
16088,1,105,105,0
16185,1,108,108,0
16186,1,82,82,0
16187,1,89,89,0
16188,1,82,82,0
16189,1,111,111,0
16190,1,92,92,0
16191,1,96,96,0
16192,1,109,109,0
16377,1,98,98,0
16378,1,107,107,0
16379,1,103,103,0
16380,1,97,97,0
16381,1,96,96,0
16382,1,99,99,0
16383,1,107,107,0
16384,1,89,89,0
16393,1,84,84,0
16394,1,88,88,0
16395,1,88,88,0
16396,1,90,90,0
16397,1,99,99,0
16398,1,98,98,0
16399,1,91,91,0
16400,1,84,84,0
16401,1,84,84,0
16402,1,89,89,0
16403,1,96,96,0
16404,1,91,91,0
16405,1,80,80,0
16406,1,97,97,0
16407,1,97,97,0
16408,1,96,96,0
16441,1,82,82,0
16442,1,87,87,0
16448,1,93,93,0
7193,1,92,92,0
7194,1,102,102,0
7195,1,104,104,0
7196,1,91,91,0
7197,1,81,81,0
7198,1,96,96,0
7199,1,91,91,0
7200,1,106,106,0
7289,1,103,103,0
7290,1,101,101,0
7291,1,90,90,0
7292,1,114,114,0
7293,1,100,100,0
7294,1,104,104,0
7295,1,83,83,0
7296,1,99,99,0
9353,1,99,99,0
9354,1,112,112,0
9355,1,89,89,0
9356,1,101,101,0
9357,1,86,86,0
9358,1,83,83,0
9359,1,107,107,0
9360,1,96,96,0
10177,1,84,84,0
10179,1,83,83,0
10181,1,108,108,0
10281,1,100,100,0
10282,1,90,90,0
10283,1,82,82,0
10284,1,89,89,0
10285,1,107,107,0
10286,1,99,99,0
10287,1,102,102,0
10288,1,86,86,0
10690,1,83,83,0
10692,1,119,119,0
12297,1,87,87,0
12298,1,105,105,0
12299,1,90,90,0
12300,1,87,87,0
12301,1,92,92,0
12302,1,99,99,0
12303,1,99,99,0
12304,1,99,99,0
12809,1,99,99,0
12810,1,89,89,0
12811,1,99,99,0
12812,1,92,92,0
12813,1,90,90,0
12814,1,90,90,0
12815,1,95,95,0
12881,1,94,94,0
12882,1,103,103,0
12883,1,86,86,0
12884,1,88,88,0
12886,1,84,84,0
12887,1,100,100,0
12888,1,94,94,0
14097,1,92,92,0
14098,1,94,94,0
14099,1,96,96,0
14100,1,101,101,0
14101,1,100,100,0
14102,1,104,104,0
14103,1,95,95,0
14104,1,111,111,0
14273,1,102,102,0
14275,1,89,89,0
15275,1,108,108,0
15276,1,103,103,0
15278,1,87,87,0
15279,1,93,93,0
15280,1,79,79,0
577,1,82,82,0
578,1,88,88,0
579,1,103,103,0
580,1,102,102,0
581,1,106,106,0
582,1,100,100,0
583,1,100,100,0
584,1,87,87,0
961,1,93,93,0
962,1,97,97,0
963,1,87,87,0
964,1,109,109,0
965,1,95,95,0
966,1,83,83,0
967,1,100,100,0
968,1,93,93,0
1289,1,98,98,0
1290,1,95,95,0
1291,1,114,114,0
1292,1,86,86,0
1293,1,93,93,0
1294,1,91,91,0
1295,1,107,107,0
1296,1,108,108,0
2297,1,99,99,0
2298,1,99,99,0
2299,1,106,106,0
2300,1,90,90,0
2301,1,115,115,0
2302,1,100,100,0
2303,1,86,86,0
2304,1,103,103,0
3385,1,84,84,0
3386,1,88,88,0
3387,1,108,108,0
3388,1,93,93,0
3389,1,96,96,0
3390,1,86,86,0
3391,1,91,91,0
3392,1,94,94,0
3889,1,101,101,0
3890,1,105,105,0
3891,1,84,84,0
3892,1,99,99,0
3893,1,82,82,0
3894,1,104,104,0
3895,1,105,105,0
3896,1,88,88,0
4441,1,97,97,0
4442,1,89,89,0
4443,1,96,96,0
4444,1,107,107,0
4445,1,95,95,0
4446,1,98,98,0
4447,1,109,109,0
4448,1,89,89,0
4633,1,74,74,0
4634,1,79,79,0
4635,1,89,89,0
4636,1,101,101,0
4637,1,89,89,0
4638,1,100,100,0
4639,1,86,86,0
4640,1,107,107,0
5161,1,89,89,0
5162,1,91,91,0
5163,1,78,78,0
5164,1,107,107,0
5165,1,119,119,0
5166,1,86,86,0
5167,1,97,97,0
5168,1,71,71,0
5697,1,99,99,0
5698,1,102,102,0
5699,1,101,101,0
5700,1,90,90,0
5701,1,106,106,0
5702,1,96,96,0
5703,1,99,99,0
5704,1,91,91,0
5881,1,83,83,0
5882,1,89,89,0
5883,1,98,98,0
5884,1,97,97,0
5885,1,84,84,0
5886,1,96,96,0
5887,1,92,92,0
5888,1,104,104,0
6025,1,93,93,0
6026,1,103,103,0
6027,1,93,93,0
6028,1,99,99,0
6029,1,109,109,0
6030,1,103,103,0
6031,1,85,85,0
6032,1,97,97,0
6457,1,82,82,0
6458,1,104,104,0
6459,1,92,92,0
6460,1,92,92,0
6461,1,91,91,0
6462,1,98,98,0
6463,1,107,107,0
6464,1,105,105,0
6521,1,88,88,0
6522,1,105,105,0
6523,1,98,98,0
6524,1,103,103,0
6525,1,109,109,0
6526,1,99,99,0
6527,1,108,108,0
6528,1,121,121,0
6793,1,108,108,0
6794,1,96,96,0
6795,1,99,99,0
6796,1,96,96,0
6797,1,103,103,0
6798,1,90,90,0
6799,1,91,91,0
6800,1,95,95,0
7169,1,96,96,0
7170,1,98,98,0
7171,1,101,101,0
7172,1,97,97,0
7173,1,111,111,0
7174,1,86,86,0
7175,1,78,78,0
7176,1,85,85,0
7177,1,97,97,0
7178,1,102,102,0
7179,1,108,108,0
7180,1,79,79,0
7181,1,88,88,0
7182,1,101,101,0
7183,1,97,97,0
7184,1,80,80,0
8057,1,91,91,0
8058,1,103,103,0
8059,1,91,91,0
8060,1,100,100,0
8061,1,93,93,0
8062,1,105,105,0
8063,1,115,115,0
8064,1,93,93,0
13537,1,92,92,0
13538,1,87,87,0
13539,1,109,109,0
13540,1,107,107,0
13541,1,96,96,0
13542,1,83,83,0
13543,1,99,99,0
13544,1,74,74,0
14553,1,96,96,0
14554,1,75,75,0
14555,1,99,99,0
14556,1,102,102,0
14557,1,95,95,0
14558,1,106,106,0
14559,1,95,95,0
14560,1,117,117,0
14889,1,97,97,0
14890,1,81,81,0
14891,1,90,90,0
14892,1,90,90,0
14893,1,92,92,0
14894,1,116,116,0
14895,1,105,105,0
14896,1,102,102,0
16249,1,104,104,0
16250,1,94,94,0
16251,1,81,81,0
16252,1,111,111,0
16253,1,79,79,0
16254,1,84,84,0
16256,1,112,112,0
13368,1,101,101,0
13393,1,74,74,0
13394,1,105,105,0
13395,1,107,107,0
13396,1,104,104,0
13397,1,97,97,0
13398,1,98,98,0
13399,1,112,112,0
13400,1,75,75,0
16545,1,95,95,0
16546,1,88,88,0
16547,1,117,117,0
16548,1,91,91,0
16549,1,91,91,0
16550,1,108,108,0
16551,1,102,102,0
16552,1,103,103,0
16905,1,93,93,0
16906,1,96,96,0
16907,1,80,80,0
16908,1,96,96,0
16909,1,98,98,0
16910,1,103,103,0
16911,1,98,98,0
16912,1,98,98,0
17225,1,92,92,0
17226,1,85,85,0
17227,1,104,104,0
17228,1,111,111,0
17229,1,100,100,0
17230,1,98,98,0
17231,1,96,96,0
17232,1,96,96,0
17265,1,95,95,0
17266,1,88,88,0
17267,1,117,117,0
17268,1,87,87,0
17269,1,91,91,0
17270,1,86,86,0
17271,1,94,94,0
17272,1,93,93,0
17425,1,74,74,0
17426,1,75,75,0
17427,1,88,88,0
17428,1,82,82,0
17429,1,94,94,0
17430,1,91,91,0
17431,1,84,84,0
17432,1,97,97,0
18673,1,90,90,0
18674,1,114,114,0
18675,1,86,86,0
18676,1,91,91,0
18677,1,79,79,0
18678,1,91,91,0
18679,1,89,89,0
18680,1,92,92,0
18817,1,74,74,0
18818,1,90,90,0
18819,1,103,103,0
19033,1,89,89,0
19034,1,96,96,0
19035,1,110,110,0
19036,1,86,86,0
19037,1,85,85,0
19038,1,76,76,0
19039,1,91,91,0
19040,1,89,89,0
19057,1,106,106,0
19058,1,75,75,0
19059,1,75,75,0
19060,1,107,107,0
19061,1,93,93,0
19062,1,81,81,0
19063,1,82,82,0
19064,1,101,101,0
2641,1,80,80,0
2642,1,100,100,0
2643,1,101,101,0
2644,1,92,92,0
2645,1,93,93,0
2646,1,103,103,0
2647,1,108,108,0
2648,1,99,99,0
2761,1,114,114,0
2762,1,83,83,0
2763,1,110,110,0
2764,1,101,101,0
2765,1,99,99,0
2766,1,82,82,0
2767,1,115,115,0
2768,1,103,103,0
2817,1,83,83,0
2818,1,96,96,0
2819,1,80,80,0
2820,1,99,99,0
2821,1,107,107,0
2822,1,115,115,0
2823,1,107,107,0
2824,1,107,107,0
3177,1,101,101,0
3178,1,96,96,0
3179,1,97,97,0
3180,1,91,91,0
3181,1,105,105,0
3182,1,92,92,0
3183,1,112,112,0
3184,1,87,87,0
3225,1,103,103,0
3226,1,82,82,0
3227,1,100,100,0
3228,1,97,97,0
3229,1,105,105,0
3230,1,93,93,0
3231,1,96,96,0
3232,1,79,79,0
3625,1,106,106,0
3626,1,80,80,0
3627,1,90,90,0
3628,1,86,86,0
3629,1,106,106,0
3630,1,101,101,0
3631,1,111,111,0
3632,1,106,106,0
3825,1,106,106,0
3826,1,90,90,0
3827,1,95,95,0
3828,1,109,109,0
3829,1,95,95,0
3830,1,102,102,0
3832,1,94,94,0
4137,1,92,92,0
4138,1,106,106,0
4139,1,100,100,0
4140,1,107,107,0
4141,1,102,102,0
4142,1,104,104,0
4143,1,86,86,0
4144,1,98,98,0
4777,1,91,91,0
4778,1,97,97,0
4779,1,101,101,0
4780,1,100,100,0
4781,1,89,89,0
4782,1,80,80,0
4783,1,94,94,0
4784,1,95,95,0
4977,1,103,103,0
4978,1,93,93,0
4979,1,106,106,0
4980,1,106,106,0
4981,1,81,81,0
4982,1,80,80,0
4983,1,82,82,0
4984,1,97,97,0
5809,1,73,73,0
5810,1,103,103,0
5811,1,85,85,0
5812,1,95,95,0
5813,1,108,108,0
5814,1,94,94,0
5815,1,108,108,0
5816,1,91,91,0
5865,1,111,111,0
5866,1,110,110,0
5867,1,98,98,0
5868,1,95,95,0
5869,1,92,92,0
5870,1,94,94,0
5871,1,102,102,0
5872,1,120,120,0
6377,1,84,84,0
6378,1,90,90,0
6379,1,90,90,0
6380,1,98,98,0
6381,1,100,100,0
6742,1,88,88,0
6743,1,84,84,0
6744,1,80,80,0
7041,1,120,120,0
7042,1,95,95,0
7043,1,93,93,0
7044,1,112,112,0
7045,1,109,109,0
7046,1,100,100,0
7047,1,90,90,0
7048,1,103,103,0
7417,1,94,94,0
7418,1,86,86,0
7419,1,108,108,0
7420,1,100,100,0
7422,1,92,92,0
7423,1,98,98,0
7424,1,97,97,0
8305,1,106,106,0
8306,1,99,99,0
8307,1,93,93,0
8308,1,85,85,0
8309,1,78,78,0
8310,1,94,94,0
8311,1,93,93,0
8312,1,95,95,0
12393,1,91,91,0
12394,1,96,96,0
12395,1,99,99,0
12396,1,93,93,0
12397,1,94,94,0
12398,1,96,96,0
12399,1,93,93,0
12400,1,95,95,0
18705,1,89,89,0
18706,1,120,120,0
18707,1,108,108,0
18708,1,96,96,0
18709,1,94,94,0
18710,1,84,84,0
14425,1,99,99,0
14426,1,90,90,0
14427,1,89,89,0
14428,1,88,88,0
14429,1,85,85,0
14430,1,101,101,0
14431,1,99,99,0
14432,1,110,110,0
14945,1,83,83,0
14946,1,97,97,0
14947,1,90,90,0
14948,1,100,100,0
14949,1,98,98,0
14950,1,82,82,0
14951,1,96,96,0
14952,1,98,98,0
18089,1,102,102,0
18091,1,110,110,0
18092,1,83,83,0
18093,1,86,86,0
18094,1,104,104,0
18095,1,100,100,0
18096,1,104,104,0
18931,1,107,107,0
18935,1,96,96,0
18936,1,83,83,0
19121,1,86,86,0
19122,1,96,96,0
19123,1,90,90,0
19124,1,103,103,0
19125,1,90,90,0
19126,1,91,91,0
19127,1,86,86,0
14486,1,108,108,0
14487,1,95,95,0
14488,1,99,99,0
14617,1,101,101,0
14618,1,83,83,0
14619,1,84,84,0
14620,1,83,83,0
14621,1,109,109,0
14622,1,88,88,0
14623,1,118,118,0
14624,1,106,106,0
16129,1,85,85,0
16130,1,94,94,0
16131,1,106,106,0
16132,1,103,103,0
16133,1,103,103,0
16134,1,94,94,0
16135,1,96,96,0
16136,1,84,84,0
19297,1,108,108,0
19298,1,102,102,0
19299,1,86,86,0
19300,1,112,112,0
19301,1,102,102,0
249,1,100,100,0
250,1,113,113,0
251,1,111,111,0
252,1,102,102,0
253,1,97,97,0
254,1,87,87,0
255,1,99,99,0
256,1,90,90,0
969,1,87,87,0
970,1,89,89,0
971,1,94,94,0
972,1,107,107,0
973,1,110,110,0
974,1,110,110,0
975,1,111,111,0
976,1,102,102,0
1585,1,88,88,0
1586,1,87,87,0
1587,1,117,117,0
1588,1,101,101,0
1589,1,109,109,0
1590,1,100,100,0
1591,1,98,98,0
1592,1,100,100,0
2545,1,95,95,0
2546,1,96,96,0
2547,1,107,107,0
2548,1,96,96,0
2549,1,108,108,0
2550,1,102,102,0
2551,1,92,92,0
2552,1,92,92,0
2673,1,93,93,0
2674,1,101,101,0
2675,1,116,116,0
2676,1,110,110,0
2677,1,92,92,0
2678,1,109,109,0
2679,1,107,107,0
2680,1,111,111,0
2873,1,93,93,0
2874,1,101,101,0
2875,1,79,79,0
2876,1,98,98,0
2877,1,93,93,0
2878,1,86,86,0
2879,1,96,96,0
2880,1,82,82,0
3321,1,90,90,0
3322,1,91,91,0
3323,1,86,86,0
3324,1,97,97,0
3325,1,103,103,0
3326,1,97,97,0
3327,1,105,105,0
3328,1,99,99,0
3481,1,107,107,0
3482,1,110,110,0
3483,1,91,91,0
3484,1,102,102,0
3485,1,96,96,0
3486,1,105,105,0
3487,1,95,95,0
3488,1,89,89,0
3905,1,99,99,0
3906,1,77,77,0
3907,1,92,92,0
3908,1,106,106,0
3909,1,105,105,0
3910,1,90,90,0
3911,1,89,89,0
3912,1,101,101,0
4041,1,102,102,0
4042,1,106,106,0
4043,1,96,96,0
4044,1,104,104,0
4045,1,108,108,0
4046,1,107,107,0
4047,1,98,98,0
4048,1,87,87,0
4601,1,93,93,0
4602,1,82,82,0
4603,1,87,87,0
4604,1,97,97,0
4605,1,109,109,0
4606,1,104,104,0
4607,1,90,90,0
4608,1,112,112,0
5057,1,82,82,0
5058,1,96,96,0
5059,1,98,98,0
5060,1,107,107,0
5061,1,94,94,0
5062,1,94,94,0
5063,1,106,106,0
5064,1,97,97,0
5257,1,90,90,0
5258,1,80,80,0
5259,1,83,83,0
5260,1,94,94,0
5261,1,97,97,0
5262,1,94,94,0
5263,1,95,95,0
5264,1,103,103,0
7833,1,108,108,0
7834,1,95,95,0
7835,1,110,110,0
7836,1,109,109,0
7837,1,73,73,0
7838,1,84,84,0
7839,1,88,88,0
7840,1,109,109,0
8041,1,91,91,0
8042,1,100,100,0
8043,1,81,81,0
8044,1,87,87,0
8045,1,85,85,0
8046,1,76,76,0
8047,1,104,104,0
8048,1,112,112,0
12033,1,84,84,0
12034,1,104,104,0
12035,1,90,90,0
12036,1,92,92,0
12037,1,90,90,0
12038,1,97,97,0
12039,1,97,97,0
12040,1,95,95,0
12097,1,98,98,0
12098,1,94,94,0
12099,1,93,93,0
12100,1,79,79,0
12101,1,92,92,0
12102,1,107,107,0
12103,1,80,80,0
12104,1,109,109,0
12233,1,93,93,0
12234,1,88,88,0
12235,1,102,102,0
12236,1,110,110,0
12237,1,105,105,0
12238,1,90,90,0
12239,1,82,82,0
12240,1,84,84,0
12361,1,95,95,0
12362,1,117,117,0
12363,1,94,94,0
12364,1,101,101,0
12365,1,105,105,0
12366,1,94,94,0
12367,1,111,111,0
12368,1,87,87,0
12481,1,112,112,0
12482,1,68,68,0
12483,1,92,92,0
12484,1,78,78,0
12485,1,117,117,0
12486,1,100,100,0
12487,1,94,94,0
12488,1,99,99,0
13009,1,102,102,0
13010,1,105,105,0
13011,1,77,77,0
13012,1,108,108,0
13013,1,90,90,0
13014,1,87,87,0
13015,1,100,100,0
13016,1,110,110,0
14233,1,98,98,0
14234,1,99,99,0
14235,1,81,81,0
14236,1,95,95,0
14237,1,85,85,0
14240,1,106,106,0
2561,1,99,99,0
2562,1,97,97,0
2563,1,99,99,0
2564,1,99,99,0
2565,1,94,94,0
2566,1,107,107,0
2567,1,91,91,0
2568,1,82,82,0
3073,1,97,97,0
3074,1,93,93,0
3075,1,101,101,0
3076,1,113,113,0
3077,1,72,72,0
3078,1,93,93,0
3079,1,84,84,0
3080,1,97,97,0
3193,1,89,89,0
3194,1,102,102,0
3195,1,108,108,0
3196,1,105,105,0
3197,1,94,94,0
3198,1,105,105,0
3199,1,83,83,0
3200,1,98,98,0
4641,1,106,106,0
4642,1,83,83,0
4643,1,94,94,0
4644,1,94,94,0
4646,1,80,80,0
4647,1,117,117,0
4648,1,102,102,0
5225,1,115,115,0
5226,1,94,94,0
5227,1,113,113,0
5228,1,75,75,0
5229,1,100,100,0
5230,1,99,99,0
5231,1,101,101,0
5232,1,92,92,0
5233,1,128,128,0
5234,1,89,89,0
5235,1,98,98,0
5236,1,89,89,0
5237,1,86,86,0
5238,1,109,109,0
5239,1,102,102,0
5240,1,105,105,0
5665,1,98,98,0
5667,1,76,76,0
16521,1,100,100,0
16522,1,90,90,0
16523,1,112,112,0
16524,1,91,91,0
16525,1,94,94,0
16526,1,102,102,0
16527,1,83,83,0
16528,1,72,72,0
17097,1,89,89,0
17098,1,106,106,0
18545,1,92,92,0
18546,1,85,85,0
18547,1,101,101,0
18548,1,94,94,0
18549,1,91,91,0
18550,1,100,100,0
18551,1,112,112,0
18552,1,97,97,0
19105,1,91,91,0
19106,1,99,99,0
19107,1,93,93,0
19108,1,102,102,0
19109,1,100,100,0
19110,1,99,99,0
657,1,100,100,0
658,1,97,97,0
659,1,89,89,0
660,1,98,98,0
661,1,96,96,0
662,1,104,104,0
663,1,98,98,0
664,1,89,89,0
777,1,74,74,0
778,1,101,101,0
779,1,96,96,0
780,1,93,93,0
781,1,107,107,0
782,1,78,78,0
783,1,110,110,0
784,1,94,94,0
2233,1,85,85,0
2234,1,87,87,0
2235,1,102,102,0
2236,1,119,119,0
2237,1,90,90,0
2238,1,94,94,0
2239,1,101,101,0
2240,1,91,91,0
2409,1,112,112,0
2410,1,102,102,0
2411,1,110,110,0
2412,1,90,90,0
2413,1,90,90,0
2414,1,90,90,0
2415,1,108,108,0
2416,1,93,93,0
2737,1,100,100,0
2738,1,107,107,0
2739,1,112,112,0
2740,1,102,102,0
2741,1,93,93,0
2742,1,91,91,0
2743,1,105,105,0
2744,1,103,103,0
2929,1,104,104,0
2930,1,102,102,0
2931,1,106,106,0
2932,1,79,79,0
2933,1,94,94,0
2934,1,92,92,0
3584,1,104,104,0
3705,1,99,99,0
3706,1,95,95,0
3707,1,100,100,0
3708,1,98,98,0
3709,1,106,106,0
3710,1,97,97,0
3711,1,109,109,0
3712,1,100,100,0
4193,1,87,87,0
4194,1,98,98,0
4195,1,99,99,0
4196,1,94,94,0
4197,1,89,89,0
4198,1,97,97,0
4199,1,107,107,0
4200,1,96,96,0
4953,1,92,92,0
4954,1,103,103,0
4955,1,89,89,0
4956,1,108,108,0
4957,1,95,95,0
4958,1,91,91,0
4959,1,102,102,0
4960,1,97,97,0
6329,1,107,107,0
6330,1,105,105,0
6332,1,119,119,0
6333,1,101,101,0
6334,1,102,102,0
6335,1,94,94,0
6336,1,93,93,0
7185,1,86,86,0
7186,1,89,89,0
7187,1,99,99,0
7188,1,97,97,0
7189,1,85,85,0
7190,1,98,98,0
7191,1,88,88,0
8073,1,85,85,0
8080,1,97,97,0
10236,1,106,106,0
10237,1,98,98,0
10239,1,83,83,0
10240,1,112,112,0
12290,1,81,81,0
12292,1,117,117,0
12293,1,98,98,0
12294,1,93,93,0
12295,1,92,92,0
12296,1,112,112,0
14807,1,117,117,0
15193,1,93,93,0
15194,1,91,91,0
15195,1,85,85,0
15196,1,101,101,0
15197,1,84,84,0
15198,1,92,92,0
15199,1,83,83,0
15200,1,107,107,0
16837,1,99,99,0
16978,1,79,79,0
16979,1,98,98,0
16980,1,96,96,0
16981,1,90,90,0
16982,1,98,98,0
16983,1,92,92,0
16984,1,94,94,0
18481,1,91,91,0
18483,1,97,97,0
18484,1,95,95,0
18485,1,102,102,0
18486,1,87,87,0
18487,1,78,78,0
18488,1,101,101,0
18993,1,109,109,0
18994,1,86,86,0
18996,1,100,100,0
18997,1,90,90,0
18998,1,82,82,0
18999,1,97,97,0
19000,1,104,104,0
1025,1,89,89,0
1026,1,110,110,0
1027,1,78,78,0
1028,1,87,87,0
1029,1,90,90,0
1030,1,94,94,0
1031,1,116,116,0
1032,1,99,99,0
4113,1,94,94,0
4114,1,96,96,0
4115,1,85,85,0
4116,1,112,112,0
4117,1,101,101,0
4118,1,85,85,0
4119,1,77,77,0
4120,1,87,87,0
5153,1,74,74,0
5154,1,115,115,0
5155,1,100,100,0
5156,1,101,101,0
5157,1,100,100,0
5158,1,96,96,0
5159,1,96,96,0
5160,1,113,113,0
5169,1,103,103,0
5170,1,98,98,0
5171,1,104,104,0
5172,1,98,98,0
5173,1,95,95,0
5174,1,87,87,0
5175,1,107,107,0
5176,1,105,105,0
6322,1,93,93,0
6324,1,81,81,0
6325,1,92,92,0
6326,1,97,97,0
6327,1,93,93,0
6328,1,100,100,0
7321,1,118,118,0
7322,1,95,95,0
7323,1,96,96,0
7324,1,85,85,0
7325,1,111,111,0
7326,1,87,87,0
7327,1,95,95,0
7328,1,105,105,0
7705,1,112,112,0
7706,1,83,83,0
7707,1,113,113,0
7708,1,112,112,0
7709,1,88,88,0
7710,1,94,94,0
7711,1,99,99,0
7712,1,103,103,0
9425,1,90,90,0
9426,1,112,112,0
9427,1,105,105,0
9428,1,105,105,0
9429,1,93,93,0
9430,1,93,93,0
16065,1,97,97,0
16066,1,107,107,0
16067,1,87,87,0
16068,1,90,90,0
16069,1,93,93,0
16070,1,98,98,0
16071,1,89,89,0
16072,1,93,93,0
16653,1,84,84,0
17617,1,108,108,0
313,1,101,101,0
314,1,101,101,0
315,1,94,94,0
316,1,92,92,0
317,1,95,95,0
318,1,85,85,0
319,1,98,98,0
320,1,93,93,0
1777,1,101,101,0
1778,1,113,113,0
1779,1,92,92,0
1780,1,99,99,0
1781,1,90,90,0
1782,1,92,92,0
1783,1,91,91,0
1784,1,99,99,0
1905,1,104,104,0
1906,1,102,102,0
1907,1,121,121,0
1908,1,95,95,0
1909,1,94,94,0
1910,1,83,83,0
1911,1,82,82,0
1912,1,92,92,0
2689,1,92,92,0
2690,1,88,88,0
2691,1,102,102,0
2692,1,97,97,0
2693,1,117,117,0
2694,1,97,97,0
2695,1,84,84,0
2696,1,87,87,0
3065,1,104,104,0
3066,1,100,100,0
3067,1,96,96,0
3068,1,123,123,0
3069,1,94,94,0
3070,1,97,97,0
3071,1,96,96,0
3072,1,99,99,0
3593,1,107,107,0
3594,1,75,75,0
3595,1,94,94,0
3596,1,110,110,0
3597,1,88,88,0
3598,1,83,83,0
3599,1,96,96,0
3600,1,85,85,0
3969,1,83,83,0
3970,1,87,87,0
3971,1,108,108,0
3972,1,105,105,0
3973,1,86,86,0
3974,1,94,94,0
3975,1,102,102,0
3976,1,87,87,0
4457,1,92,92,0
4458,1,111,111,0
4459,1,90,90,0
4460,1,105,105,0
4461,1,98,98,0
4462,1,95,95,0
4463,1,79,79,0
4464,1,82,82,0
4545,1,83,83,0
4546,1,99,99,0
4547,1,98,98,0
4548,1,96,96,0
4549,1,104,104,0
4550,1,89,89,0
4551,1,106,106,0
4552,1,100,100,0
5609,1,119,119,0
5610,1,84,84,0
5611,1,104,104,0
5612,1,103,103,0
5613,1,95,95,0
5614,1,94,94,0
5615,1,73,73,0
5616,1,70,70,0
5681,1,99,99,0
5682,1,105,105,0
5683,1,77,77,0
5684,1,98,98,0
5685,1,88,88,0
5686,1,106,106,0
5687,1,93,93,0
5688,1,89,89,0
5945,1,103,103,0
5946,1,105,105,0
5947,1,102,102,0
5948,1,109,109,0
5949,1,99,99,0
5950,1,87,87,0
5951,1,85,85,0
5952,1,94,94,0
7497,1,95,95,0
7498,1,89,89,0
7499,1,93,93,0
7500,1,93,93,0
7501,1,90,90,0
7502,1,94,94,0
7503,1,89,89,0
7504,1,79,79,0
7953,1,73,73,0
7954,1,102,102,0
7955,1,102,102,0
7956,1,73,73,0
7957,1,103,103,0
7958,1,90,90,0
7959,1,96,96,0
7960,1,105,105,0
8049,1,94,94,0
8050,1,89,89,0
8051,1,97,97,0
8052,1,91,91,0
8053,1,106,106,0
8054,1,110,110,0
8055,1,102,102,0
8056,1,94,94,0
8537,1,90,90,0
8538,1,105,105,0
8539,1,96,96,0
8540,1,110,110,0
8541,1,93,93,0
8542,1,94,94,0
8543,1,82,82,0
8544,1,104,104,0
11833,1,87,87,0
11834,1,84,84,0
11835,1,97,97,0
11836,1,73,73,0
11837,1,101,101,0
11838,1,86,86,0
11839,1,106,106,0
11840,1,109,109,0
13657,1,99,99,0
13658,1,101,101,0
13659,1,89,89,0
13660,1,107,107,0
13661,1,99,99,0
13662,1,86,86,0
13663,1,89,89,0
13664,1,115,115,0
15529,1,93,93,0
15530,1,109,109,0
15531,1,108,108,0
15532,1,94,94,0
15533,1,103,103,0
15534,1,96,96,0
15535,1,101,101,0
15536,1,94,94,0
16073,1,95,95,0
16074,1,86,86,0
16075,1,85,85,0
16076,1,96,96,0
16077,1,87,87,0
16078,1,95,95,0
16079,1,109,109,0
16080,1,100,100,0
16137,1,87,87,0
16138,1,96,96,0
16139,1,89,89,0
16140,1,94,94,0
16141,1,100,100,0
16142,1,97,97,0
16143,1,114,114,0
16144,1,95,95,0
16473,1,107,107,0
16474,1,96,96,0
16475,1,91,91,0
16476,1,84,84,0
16477,1,106,106,0
16478,1,94,94,0
16479,1,100,100,0
16480,1,102,102,0
16443,1,89,89,0
16444,1,82,82,0
16445,1,101,101,0
16446,1,109,109,0
16447,1,126,126,0
16481,1,89,89,0
16482,1,81,81,0
16483,1,94,94,0
16484,1,100,100,0
16485,1,99,99,0
16486,1,102,102,0
16487,1,116,116,0
16488,1,91,91,0
16513,1,89,89,0
16514,1,93,93,0
16515,1,93,93,0
16516,1,80,80,0
16517,1,110,110,0
16518,1,111,111,0
16519,1,109,109,0
16520,1,86,86,0
16969,1,94,94,0
16970,1,105,105,0
16971,1,83,83,0
16972,1,90,90,0
16973,1,103,103,0
16974,1,89,89,0
16975,1,86,86,0
16976,1,101,101,0
17033,1,111,111,0
17034,1,75,75,0
17035,1,102,102,0
17036,1,95,95,0
17037,1,110,110,0
17038,1,91,91,0
17039,1,99,99,0
17040,1,87,87,0
17489,1,90,90,0
17490,1,103,103,0
17491,1,105,105,0
17492,1,100,100,0
17493,1,87,87,0
17494,1,104,104,0
17495,1,104,104,0
17496,1,120,120,0
17497,1,95,95,0
17498,1,116,116,0
17499,1,87,87,0
17500,1,101,101,0
17501,1,102,102,0
17502,1,105,105,0
17503,1,93,93,0
17504,1,113,113,0
17625,1,93,93,0
17626,1,115,115,0
17627,1,103,103,0
17628,1,87,87,0
17629,1,114,114,0
17630,1,101,101,0
17631,1,106,106,0
17632,1,88,88,0
19164,1,102,102,0
19165,1,95,95,0
19193,1,102,102,0
19194,1,94,94,0
19195,1,108,108,0
19196,1,107,107,0
19197,1,99,99,0
19198,1,100,100,0
19199,1,104,104,0
19200,1,94,94,0
19235,1,99,99,0
329,1,109,109,0
330,1,99,99,0
331,1,106,106,0
332,1,94,94,0
333,1,103,103,0
334,1,100,100,0
335,1,97,97,0
336,1,87,87,0
585,1,97,97,0
586,1,89,89,0
590,1,79,79,0
1417,1,96,96,0
1418,1,99,99,0
1419,1,91,91,0
1420,1,95,95,0
1421,1,99,99,0
1422,1,100,100,0
1423,1,85,85,0
1424,1,111,111,0
1785,1,93,93,0
1786,1,106,106,0
1787,1,105,105,0
1788,1,89,89,0
1789,1,94,94,0
1790,1,95,95,0
1791,1,97,97,0
1792,1,88,88,0
2337,1,97,97,0
2338,1,80,80,0
2339,1,86,86,0
2340,1,94,94,0
2341,1,101,101,0
2342,1,96,96,0
2343,1,86,86,0
2344,1,105,105,0
2889,1,89,89,0
2890,1,107,107,0
2891,1,101,101,0
2892,1,94,94,0
2893,1,94,94,0
2894,1,92,92,0
2895,1,90,90,0
2896,1,88,88,0
3057,1,113,113,0
3058,1,89,89,0
3059,1,101,101,0
3060,1,75,75,0
3061,1,105,105,0
3062,1,99,99,0
3063,1,93,93,0
3064,1,93,93,0
3660,1,81,81,0
3661,1,96,96,0
3663,1,94,94,0
3664,1,102,102,0
3777,1,103,103,0
3778,1,105,105,0
4417,1,100,100,0
4418,1,107,107,0
4419,1,94,94,0
4420,1,98,98,0
4421,1,100,100,0
4422,1,97,97,0
4423,1,86,86,0
4424,1,97,97,0
4513,1,103,103,0
4514,1,96,96,0
4515,1,116,116,0
4516,1,84,84,0
4517,1,79,79,0
4518,1,103,103,0
4519,1,88,88,0
4520,1,106,106,0
6993,1,97,97,0
6994,1,102,102,0
6995,1,95,95,0
6996,1,96,96,0
6997,1,86,86,0
6998,1,100,100,0
6999,1,79,79,0
7000,1,93,93,0
8009,1,111,111,0
8010,1,94,94,0
8011,1,92,92,0
8012,1,88,88,0
8016,1,90,90,0
9137,1,109,109,0
9138,1,85,85,0
9139,1,105,105,0
9140,1,114,114,0
9141,1,98,98,0
9142,1,100,100,0
9144,1,116,116,0
11429,1,119,119,0
12161,1,101,101,0
12162,1,91,91,0
12163,1,98,98,0
12164,1,99,99,0
12165,1,93,93,0
12166,1,97,97,0
12167,1,100,100,0
2720,1,99,99,0
3145,1,90,90,0
3146,1,75,75,0
3147,1,96,96,0
3148,1,98,98,0
3151,1,83,83,0
3929,1,101,101,0
3930,1,84,84,0
3931,1,98,98,0
3932,1,111,111,0
3933,1,94,94,0
3934,1,97,97,0
3935,1,109,109,0
3936,1,97,97,0
5337,1,113,113,0
5338,1,92,92,0
5339,1,104,104,0
5340,1,86,86,0
5341,1,90,90,0
5342,1,100,100,0
5343,1,110,110,0
5344,1,99,99,0
7245,1,101,101,0
7246,1,97,97,0
7248,1,104,104,0
9617,1,84,84,0
9618,1,92,92,0
9619,1,96,96,0
9620,1,76,76,0
9621,1,87,87,0
9622,1,100,100,0
9623,1,105,105,0
9624,1,85,85,0
10041,1,103,103,0
10042,1,88,88,0
10043,1,94,94,0
10044,1,110,110,0
10045,1,117,117,0
10046,1,77,77,0
10047,1,87,87,0
10048,1,88,88,0
10529,1,98,98,0
10530,1,102,102,0
10531,1,100,100,0
10532,1,87,87,0
10533,1,95,95,0
10534,1,111,111,0
10535,1,112,112,0
10536,1,110,110,0
11649,1,89,89,0
11650,1,111,111,0
11651,1,92,92,0
11652,1,113,113,0
11653,1,103,103,0
11654,1,97,97,0
11655,1,97,97,0
11656,1,87,87,0
11665,1,99,99,0
11666,1,96,96,0
11667,1,101,101,0
11668,1,88,88,0
11669,1,105,105,0
11670,1,76,76,0
11671,1,106,106,0
11672,1,108,108,0
16273,1,90,90,0
16274,1,91,91,0
16276,1,92,92,0
16277,1,97,97,0
16279,1,84,84,0
16280,1,108,108,0
18825,1,106,106,0
18826,1,89,89,0
18827,1,94,94,0
18828,1,94,94,0
18829,1,90,90,0
18830,1,92,92,0
18831,1,106,106,0
18832,1,87,87,0
18873,1,103,103,0
18874,1,88,88,0
18875,1,109,109,0
18876,1,81,81,0
18878,1,93,93,0
18879,1,97,97,0
18880,1,106,106,0
19145,1,108,108,0
19146,1,109,109,0
19147,1,87,87,0
19148,1,95,95,0
19149,1,96,96,0
19150,1,107,107,0
19151,1,109,109,0
19152,1,127,127,0
1,1,90,90,0
2,1,85,85,0
3,1,97,97,0
4,1,92,92,0
5,1,84,84,0
6,1,105,105,0
7,1,95,95,0
8,1,112,112,0
129,1,108,108,0
130,1,112,112,0
131,1,106,106,0
132,1,108,108,0
133,1,108,108,0
134,1,86,86,0
135,1,105,105,0
136,1,127,127,0
849,1,95,95,0
850,1,96,96,0
851,1,101,101,0
852,1,97,97,0
853,1,93,93,0
854,1,114,114,0
855,1,111,111,0
856,1,125,125,0
2105,1,84,84,0
2106,1,102,102,0
2107,1,109,109,0
2108,1,100,100,0
2109,1,98,98,0
2110,1,104,104,0
2111,1,88,88,0
2112,1,96,96,0
2137,1,84,84,0
2138,1,85,85,0
2139,1,110,110,0
2140,1,101,101,0
2141,1,91,91,0
2142,1,83,83,0
2143,1,85,85,0
2144,1,96,96,0
2609,1,97,97,0
2610,1,116,116,0
2611,1,107,107,0
2612,1,88,88,0
2613,1,89,89,0
2614,1,105,105,0
2615,1,101,101,0
2616,1,102,102,0
3201,1,92,92,0
3202,1,97,97,0
3203,1,89,89,0
3204,1,93,93,0
3205,1,97,97,0
3206,1,83,83,0
3207,1,94,94,0
3208,1,100,100,0
4033,1,80,80,0
4034,1,87,87,0
4035,1,94,94,0
4036,1,85,85,0
4037,1,112,112,0
4038,1,97,97,0
4039,1,95,95,0
4040,1,104,104,0
4105,1,94,94,0
4106,1,109,109,0
4107,1,107,107,0
4108,1,92,92,0
4109,1,100,100,0
4110,1,100,100,0
4111,1,93,93,0
4112,1,89,89,0
4569,1,103,103,0
4570,1,90,90,0
4571,1,79,79,0
4572,1,102,102,0
4573,1,106,106,0
4574,1,102,102,0
4575,1,99,99,0
4576,1,101,101,0
8001,1,84,84,0
8002,1,90,90,0
8003,1,95,95,0
8004,1,107,107,0
8005,1,83,83,0
8006,1,109,109,0
8007,1,95,95,0
8008,1,123,123,0
8025,1,91,91,0
8026,1,104,104,0
8027,1,97,97,0
8028,1,107,107,0
8029,1,94,94,0
8030,1,87,87,0
8031,1,84,84,0
8032,1,92,92,0
8033,1,91,91,0
8034,1,94,94,0
8035,1,87,87,0
8036,1,116,116,0
8037,1,110,110,0
8038,1,110,110,0
8039,1,84,84,0
8040,1,91,91,0
8553,1,84,84,0
8554,1,88,88,0
8555,1,104,104,0
8556,1,117,117,0
8557,1,112,112,0
8558,1,93,93,0
8559,1,78,78,0
8560,1,104,104,0
11657,1,115,115,0
11658,1,93,93,0
11659,1,89,89,0
11660,1,91,91,0
11661,1,80,80,0
11662,1,97,97,0
11663,1,104,104,0
11664,1,97,97,0
11713,1,94,94,0
11714,1,102,102,0
11715,1,96,96,0
11716,1,90,90,0
11717,1,77,77,0
11718,1,78,78,0
11719,1,99,99,0
11720,1,83,83,0
11769,1,111,111,0
11770,1,85,85,0
11771,1,102,102,0
11772,1,96,96,0
11773,1,101,101,0
11774,1,95,95,0
11775,1,110,110,0
11776,1,102,102,0
11777,1,101,101,0
11778,1,93,93,0
11779,1,106,106,0
11780,1,107,107,0
11781,1,97,97,0
11782,1,104,104,0
11783,1,85,85,0
11784,1,96,96,0
11905,1,95,95,0
11906,1,86,86,0
11907,1,85,85,0
11908,1,93,93,0
11909,1,127,127,0
11910,1,80,80,0
11911,1,90,90,0
11912,1,90,90,0
12041,1,81,81,0
12042,1,101,101,0
12043,1,89,89,0
12044,1,90,90,0
12045,1,103,103,0
12046,1,105,105,0
12047,1,103,103,0
12048,1,89,89,0
12169,1,83,83,0
12170,1,108,108,0
12171,1,95,95,0
12172,1,84,84,0
12173,1,101,101,0
12174,1,102,102,0
12175,1,106,106,0
12176,1,101,101,0
14481,1,87,87,0
14482,1,92,92,0
14483,1,101,101,0
14484,1,92,92,0
14485,1,94,94,0
587,1,102,102,0
588,1,87,87,0
589,1,83,83,0
591,1,110,110,0
592,1,83,83,0
649,1,87,87,0
650,1,85,85,0
651,1,95,95,0
652,1,93,93,0
653,1,113,113,0
654,1,99,99,0
655,1,97,97,0
656,1,102,102,0
2241,1,101,101,0
2242,1,78,78,0
2243,1,112,112,0
2244,1,102,102,0
2245,1,100,100,0
2246,1,94,94,0
2247,1,99,99,0
2248,1,110,110,0
3257,1,100,100,0
3258,1,102,102,0
3259,1,98,98,0
3260,1,110,110,0
3261,1,104,104,0
3262,1,112,112,0
3263,1,89,89,0
3264,1,109,109,0
3657,1,94,94,0
3658,1,104,104,0
3659,1,99,99,0
3662,1,91,91,0
3673,1,99,99,0
3674,1,91,91,0
3675,1,94,94,0
3676,1,99,99,0
3677,1,102,102,0
3678,1,99,99,0
3679,1,110,110,0
3680,1,101,101,0
3713,1,97,97,0
3714,1,106,106,0
3715,1,79,79,0
3716,1,88,88,0
3717,1,95,95,0
3718,1,84,84,0
3719,1,101,101,0
3720,1,88,88,0
3779,1,93,93,0
3780,1,88,88,0
3781,1,91,91,0
3782,1,105,105,0
3783,1,102,102,0
3784,1,100,100,0
5721,1,80,80,0
5722,1,93,93,0
5723,1,94,94,0
5724,1,98,98,0
5725,1,94,94,0
5726,1,88,88,0
5727,1,95,95,0
5728,1,87,87,0
8013,1,102,102,0
8014,1,100,100,0
8015,1,86,86,0
9143,1,105,105,0
11425,1,92,92,0
11426,1,99,99,0
11427,1,98,98,0
11428,1,97,97,0
11430,1,88,88,0
11431,1,80,80,0
11432,1,84,84,0
513,1,75,75,0
514,1,97,97,0
515,1,94,94,0
516,1,88,88,0
517,1,101,101,0
518,1,86,86,0
519,1,85,85,0
520,1,87,87,0
833,1,99,99,0
834,1,102,102,0
835,1,102,102,0
836,1,101,101,0
837,1,91,91,0
838,1,115,115,0
839,1,91,91,0
840,1,111,111,0
1353,1,79,79,0
1354,1,94,94,0
1355,1,93,93,0
1356,1,100,100,0
1357,1,92,92,0
1358,1,113,113,0
1359,1,92,92,0
1360,1,116,116,0
1713,1,97,97,0
1714,1,120,120,0
1715,1,90,90,0
1716,1,114,114,0
1717,1,104,104,0
1718,1,99,99,0
1719,1,104,104,0
1720,1,118,118,0
2425,1,97,97,0
2745,1,111,111,0
2746,1,101,101,0
2747,1,91,91,0
2748,1,104,104,0
2749,1,92,92,0
2750,1,108,108,0
2751,1,99,99,0
2752,1,97,97,0
2833,1,90,90,0
2834,1,95,95,0
2835,1,87,87,0
2836,1,78,78,0
2837,1,80,80,0
2838,1,108,108,0
2839,1,106,106,0
2840,1,94,94,0
2865,1,102,102,0
2866,1,94,94,0
2867,1,105,105,0
2868,1,92,92,0
2869,1,92,92,0
2870,1,103,103,0
2871,1,90,90,0
2872,1,102,102,0
3857,1,100,100,0
3858,1,82,82,0
3859,1,105,105,0
3860,1,96,96,0
3861,1,104,104,0
3862,1,92,92,0
3863,1,91,91,0
3864,1,80,80,0
4185,1,86,86,0
4186,1,92,92,0
4187,1,75,75,0
4188,1,110,110,0
4189,1,92,92,0
4190,1,104,104,0
4191,1,109,109,0
4192,1,107,107,0
4257,1,105,105,0
4258,1,103,103,0
4259,1,89,89,0
4260,1,103,103,0
4261,1,102,102,0
4262,1,89,89,0
4263,1,97,97,0
4264,1,102,102,0
5511,1,109,109,0
6185,1,91,91,0
6186,1,91,91,0
6187,1,94,94,0
6188,1,85,85,0
6189,1,98,98,0
6190,1,91,91,0
6191,1,107,107,0
6192,1,99,99,0
6193,1,95,95,0
6194,1,101,101,0
6195,1,93,93,0
6196,1,108,108,0
6197,1,92,92,0
6198,1,99,99,0
6199,1,102,102,0
6200,1,86,86,0
6273,1,97,97,0
6274,1,100,100,0
6275,1,94,94,0
6276,1,106,106,0
6277,1,85,85,0
6278,1,91,91,0
6279,1,102,102,0
6280,1,106,106,0
6449,1,98,98,0
6450,1,94,94,0
6451,1,91,91,0
6452,1,99,99,0
6453,1,86,86,0
6454,1,90,90,0
6455,1,102,102,0
6456,1,101,101,0
6969,1,98,98,0
6970,1,99,99,0
6971,1,82,82,0
6972,1,106,106,0
6973,1,97,97,0
6974,1,96,96,0
6975,1,98,98,0
6976,1,87,87,0
7433,1,95,95,0
7434,1,104,104,0
7435,1,90,90,0
7436,1,100,100,0
7437,1,88,88,0
7438,1,95,95,0
2713,1,100,100,0
2714,1,99,99,0
2715,1,90,90,0
2716,1,93,93,0
2717,1,101,101,0
2718,1,96,96,0
2719,1,104,104,0
3149,1,88,88,0
3150,1,108,108,0
3152,1,103,103,0
5657,1,94,94,0
5658,1,83,83,0
5659,1,85,85,0
5660,1,83,83,0
5661,1,80,80,0
5662,1,91,91,0
5663,1,85,85,0
5664,1,100,100,0
7241,1,116,116,0
7242,1,109,109,0
7243,1,106,106,0
7244,1,106,106,0
7247,1,94,94,0
8770,1,98,98,0
8771,1,97,97,0
8772,1,84,84,0
8773,1,88,88,0
8774,1,103,103,0
8775,1,99,99,0
8776,1,98,98,0
14345,1,93,93,0
14346,1,89,89,0
14347,1,111,111,0
14348,1,84,84,0
14349,1,109,109,0
14350,1,94,94,0
14351,1,85,85,0
14352,1,102,102,0
14937,1,98,98,0
14938,1,121,121,0
14939,1,93,93,0
14940,1,112,112,0
14942,1,82,82,0
14943,1,98,98,0
14944,1,104,104,0
15985,1,98,98,0
15986,1,89,89,0
15987,1,94,94,0
15988,1,99,99,0
15989,1,97,97,0
15990,1,97,97,0
15991,1,90,90,0
15992,1,93,93,0
16275,1,89,89,0
16465,1,97,97,0
16466,1,92,92,0
16467,1,101,101,0
16468,1,122,122,0
16469,1,115,115,0
16470,1,108,108,0
16471,1,110,110,0
16472,1,100,100,0
16946,1,99,99,0
16947,1,100,100,0
16948,1,96,96,0
16950,1,86,86,0
16951,1,94,94,0
16952,1,114,114,0
2953,1,94,94,0
2954,1,100,100,0
2955,1,95,95,0
2956,1,109,109,0
2957,1,87,87,0
2958,1,101,101,0
2959,1,102,102,0
2960,1,87,87,0
3831,1,106,106,0
4561,1,104,104,0
4562,1,104,104,0
4563,1,84,84,0
4564,1,98,98,0
4565,1,101,101,0
4566,1,82,82,0
4567,1,92,92,0
4568,1,82,82,0
6382,1,80,80,0
6383,1,91,91,0
6384,1,103,103,0
6737,1,76,76,0
6738,1,105,105,0
6739,1,92,92,0
6740,1,95,95,0
6741,1,97,97,0
7421,1,101,101,0
8177,1,100,100,0
8178,1,105,105,0
8179,1,98,98,0
8180,1,86,86,0
8181,1,110,110,0
8182,1,93,93,0
8183,1,102,102,0
8184,1,105,105,0
14238,1,87,87,0
14239,1,90,90,0
14297,1,113,113,0
14298,1,100,100,0
14299,1,112,112,0
14300,1,91,91,0
14301,1,88,88,0
14302,1,103,103,0
14303,1,85,85,0
14304,1,97,97,0
18090,1,96,96,0
18929,1,100,100,0
18930,1,100,100,0
18932,1,99,99,0
18933,1,114,114,0
18934,1,95,95,0
19128,1,104,104,0
3551,1,106,106,0
3552,1,107,107,0
5601,1,93,93,0
5602,1,95,95,0
5603,1,102,102,0
5604,1,90,90,0
5605,1,99,99,0
5606,1,100,100,0
5607,1,91,91,0
5608,1,93,93,0
6835,1,89,89,0
7847,1,92,92,0
10745,1,105,105,0
10746,1,112,112,0
10747,1,84,84,0
10748,1,114,114,0
10749,1,104,104,0
10750,1,75,75,0
10751,1,100,100,0
18418,1,88,88,0
18419,1,120,120,0
18420,1,96,96,0
18421,1,103,103,0
18422,1,105,105,0
18423,1,88,88,0
18424,1,104,104,0
16793,1,112,112,0
16794,1,110,110,0
16795,1,106,106,0
16796,1,98,98,0
16797,1,93,93,0
16798,1,108,108,0
16799,1,95,95,0
16800,1,93,93,0
17873,1,107,107,0
17874,1,94,94,0
17875,1,97,97,0
17876,1,98,98,0
17877,1,116,116,0
17878,1,99,99,0
17879,1,88,88,0
17880,1,94,94,0
18820,1,81,81,0
18821,1,93,93,0
18822,1,81,81,0
18823,1,96,96,0
18824,1,96,96,0
18905,1,99,99,0
18906,1,93,93,0
18907,1,86,86,0
18908,1,94,94,0
18909,1,89,89,0
18910,1,101,101,0
18911,1,96,96,0
18912,1,92,92,0
17257,1,102,102,0
17258,1,93,93,0
17259,1,93,93,0
17260,1,95,95,0
17261,1,90,90,0
17262,1,102,102,0
17263,1,91,91,0
17264,1,100,100,0
17305,1,105,105,0
17306,1,90,90,0
17307,1,87,87,0
17308,1,93,93,0
17309,1,84,84,0
17310,1,95,95,0
17311,1,112,112,0
17312,1,96,96,0
17833,1,107,107,0
17834,1,115,115,0
17835,1,93,93,0
17836,1,107,107,0
17837,1,100,100,0
17838,1,94,94,0
17839,1,118,118,0
17840,1,109,109,0
18729,1,98,98,0
18730,1,108,108,0
18731,1,101,101,0
18732,1,102,102,0
18733,1,89,89,0
18734,1,105,105,0
18735,1,77,77,0
18736,1,96,96,0
19161,1,98,98,0
19162,1,91,91,0
19163,1,84,84,0
19166,1,94,94,0
19167,1,90,90,0
19168,1,112,112,0
19233,1,98,98,0
19234,1,99,99,0
19236,1,87,87,0
19237,1,93,93,0
19238,1,86,86,0
19239,1,110,110,0
19240,1,84,84,0
19249,1,102,102,0
19250,1,106,106,0
19251,1,104,104,0
19252,1,93,93,0
19253,1,107,107,0
19254,1,100,100,0
19255,1,84,84,0
19256,1,95,95,0
17331,1,96,96,0
17332,1,98,98,0
17333,1,91,91,0
17334,1,109,109,0
17335,1,112,112,0
17336,1,80,80,0
5625,1,117,117,0
5626,1,99,99,0
5627,1,110,110,0
5628,1,91,91,0
5629,1,94,94,0
5630,1,92,92,0
5631,1,104,104,0
7439,1,101,101,0
7440,1,90,90,0
7641,1,108,108,0
7642,1,97,97,0
7643,1,83,83,0
7644,1,87,87,0
7645,1,95,95,0
7646,1,77,77,0
7647,1,72,72,0
7648,1,102,102,0
7825,1,96,96,0
7826,1,100,100,0
7827,1,96,96,0
7828,1,109,109,0
7829,1,113,113,0
7830,1,92,92,0
7831,1,110,110,0
7832,1,112,112,0
8729,1,108,108,0
8730,1,97,97,0
8731,1,97,97,0
8732,1,97,97,0
8733,1,97,97,0
8734,1,109,109,0
8735,1,102,102,0
8736,1,88,88,0
11841,1,110,110,0
11842,1,107,107,0
11843,1,103,103,0
11844,1,104,104,0
11845,1,100,100,0
11846,1,92,92,0
11847,1,82,82,0
11848,1,86,86,0
11969,1,97,97,0
11970,1,111,111,0
11971,1,83,83,0
11972,1,105,105,0
11973,1,100,100,0
11974,1,104,104,0
11975,1,98,98,0
11976,1,95,95,0
16145,1,104,104,0
16146,1,88,88,0
16147,1,99,99,0
16148,1,114,114,0
16149,1,98,98,0
16150,1,97,97,0
16151,1,90,90,0
16152,1,90,90,0
16177,1,91,91,0
16178,1,95,95,0
16179,1,89,89,0
16180,1,105,105,0
16181,1,94,94,0
16182,1,112,112,0
16183,1,95,95,0
16184,1,84,84,0
16209,1,109,109,0
16210,1,92,92,0
16211,1,110,110,0
16212,1,109,109,0
16213,1,89,89,0
16214,1,104,104,0
16215,1,98,98,0
16216,1,85,85,0
16321,1,95,95,0
16322,1,94,94,0
16323,1,95,95,0
16324,1,96,96,0
16325,1,94,94,0
16326,1,123,123,0
16327,1,99,99,0
16328,1,102,102,0
16729,1,97,97,0
16730,1,104,104,0
16731,1,96,96,0
16732,1,86,86,0
16733,1,99,99,0
16734,1,100,100,0
16735,1,97,97,0
16736,1,106,106,0
17545,1,108,108,0
17546,1,98,98,0
17547,1,114,114,0
17548,1,85,85,0
17549,1,104,104,0
17550,1,84,84,0
17551,1,78,78,0
17552,1,96,96,0
18601,1,105,105,0
18602,1,94,94,0
18603,1,107,107,0
18604,1,105,105,0
18605,1,94,94,0
18606,1,94,94,0
18607,1,106,106,0
18608,1,101,101,0
18721,1,101,101,0
18722,1,102,102,0
18723,1,81,81,0
18724,1,102,102,0
18725,1,94,94,0
18726,1,95,95,0
18727,1,99,99,0
18728,1,87,87,0
18753,1,103,103,0
18754,1,99,99,0
18755,1,115,115,0
18756,1,112,112,0
18757,1,108,108,0
18758,1,103,103,0
18759,1,109,109,0
18760,1,92,92,0
19185,1,99,99,0
19186,1,93,93,0
19187,1,95,95,0
19188,1,97,97,0
19189,1,96,96,0
19190,1,97,97,0
19191,1,118,118,0
19192,1,82,82,0
8023,1,103,103,0
8024,1,84,84,0
9121,1,102,102,0
9122,1,107,107,0
9123,1,100,100,0
9124,1,86,86,0
9125,1,96,96,0
9126,1,91,91,0
9127,1,110,110,0
9128,1,97,97,0
9489,1,89,89,0
9490,1,110,110,0
9491,1,99,99,0
9492,1,89,89,0
9493,1,110,110,0
9494,1,99,99,0
9495,1,103,103,0
9496,1,100,100,0
9833,1,95,95,0
9834,1,94,94,0
9835,1,93,93,0
9836,1,87,87,0
9837,1,98,98,0
9838,1,94,94,0
9839,1,104,104,0
9840,1,101,101,0
15169,1,78,78,0
15170,1,94,94,0
15171,1,94,94,0
15172,1,99,99,0
15173,1,97,97,0
15174,1,104,104,0
15175,1,101,101,0
15176,1,97,97,0
16049,1,94,94,0
16050,1,101,101,0
16051,1,95,95,0
16052,1,113,113,0
16053,1,101,101,0
16054,1,120,120,0
16055,1,87,87,0
16056,1,110,110,0
16201,1,85,85,0
16202,1,96,96,0
16203,1,107,107,0
16204,1,93,93,0
16205,1,110,110,0
16206,1,87,87,0
16207,1,91,91,0
16208,1,114,114,0
16385,1,95,95,0
16386,1,95,95,0
16387,1,86,86,0
16388,1,101,101,0
16389,1,80,80,0
16390,1,115,115,0
16391,1,86,86,0
16392,1,90,90,0
16457,1,100,100,0
16458,1,105,105,0
16459,1,115,115,0
16460,1,106,106,0
16461,1,90,90,0
16462,1,96,96,0
16463,1,93,93,0
16464,1,88,88,0
17001,1,90,90,0
17002,1,78,78,0
17003,1,92,92,0
17004,1,104,104,0
17005,1,103,103,0
17006,1,110,110,0
17007,1,84,84,0
17008,1,89,89,0
17297,1,92,92,0
17298,1,99,99,0
17299,1,108,108,0
17300,1,103,103,0
17301,1,96,96,0
17302,1,93,93,0
17303,1,99,99,0
17304,1,101,101,0
17321,1,105,105,0
17322,1,93,93,0
17323,1,92,92,0
17324,1,112,112,0
17325,1,95,95,0
17326,1,94,94,0
17327,1,91,91,0
17328,1,80,80,0
17329,1,93,93,0
17330,1,93,93,0
18841,1,88,88,0
18842,1,107,107,0
18843,1,117,117,0
18844,1,97,97,0
18845,1,93,93,0
18846,1,108,108,0
18847,1,87,87,0
18848,1,101,101,0
18969,1,87,87,0
18970,1,86,86,0
18971,1,107,107,0
18972,1,98,98,0
18973,1,105,105,0
18974,1,100,100,0
18975,1,91,91,0
18976,1,87,87,0
19009,1,87,87,0
19010,1,95,95,0
19011,1,110,110,0
19012,1,95,95,0
19013,1,97,97,0
19014,1,91,91,0
19015,1,95,95,0
19016,1,88,88,0
19177,1,106,106,0
19178,1,116,116,0
19179,1,101,101,0
19180,1,96,96,0
19181,1,90,90,0
19182,1,109,109,0
19183,1,101,101,0
19184,1,82,82,0
6505,1,108,108,0
6506,1,95,95,0
6507,1,120,120,0
6508,1,106,106,0
6509,1,89,89,0
6510,1,115,115,0
6511,1,123,123,0
6512,1,108,108,0
8153,1,99,99,0
8154,1,95,95,0
8155,1,84,84,0
8156,1,81,81,0
8157,1,87,87,0
8158,1,104,104,0
8159,1,103,103,0
8160,1,104,104,0
10178,1,80,80,0
10180,1,119,119,0
10689,1,118,118,0
10691,1,86,86,0
10693,1,93,93,0
10694,1,112,112,0
10695,1,93,93,0
10696,1,108,108,0
11468,1,97,97,0
11469,1,91,91,0
12012,1,94,94,0
12013,1,89,89,0
12014,1,100,100,0
12015,1,98,98,0
12016,1,105,105,0
12561,1,103,103,0
12562,1,97,97,0
12563,1,101,101,0
12564,1,112,112,0
12565,1,106,106,0
12566,1,105,105,0
12567,1,94,94,0
12568,1,100,100,0
13225,1,110,110,0
13226,1,97,97,0
13227,1,101,101,0
13228,1,74,74,0
13229,1,98,98,0
13230,1,94,94,0
13231,1,87,87,0
13232,1,101,101,0
13713,1,104,104,0
13714,1,86,86,0
13715,1,92,92,0
13716,1,97,97,0
13717,1,90,90,0
13718,1,90,90,0
13719,1,86,86,0
13720,1,92,92,0
13793,1,100,100,0
13794,1,118,118,0
13795,1,104,104,0
13796,1,101,101,0
13797,1,100,100,0
13798,1,108,108,0
13799,1,90,90,0
13800,1,110,110,0
14278,1,109,109,0
14279,1,104,104,0
14280,1,103,103,0
15273,1,101,101,0
15274,1,111,111,0
12168,1,95,95,0
14049,1,118,118,0
14673,1,91,91,0
14674,1,87,87,0
14675,1,110,110,0
14676,1,89,89,0
14677,1,107,107,0
14678,1,98,98,0
14679,1,91,91,0
14680,1,84,84,0
15842,1,89,89,0
15844,1,94,94,0
15845,1,81,81,0
15846,1,114,114,0
15847,1,102,102,0
15848,1,97,97,0
16769,1,117,117,0
16770,1,88,88,0
16771,1,84,84,0
16772,1,86,86,0
16773,1,102,102,0
16774,1,95,95,0
16775,1,112,112,0
16776,1,101,101,0
16849,1,87,87,0
16850,1,101,101,0
16851,1,117,117,0
16852,1,87,87,0
16853,1,99,99,0
16854,1,87,87,0
16855,1,111,111,0
16856,1,106,106,0
17176,1,81,81,0
17233,1,101,101,0
17234,1,105,105,0
17235,1,97,97,0
17236,1,98,98,0
17237,1,97,97,0
18745,1,90,90,0
18746,1,87,87,0
18747,1,98,98,0
18748,1,97,97,0
18749,1,92,92,0
18750,1,112,112,0
18751,1,92,92,0
18752,1,87,87,0
18778,1,91,91,0
18779,1,100,100,0
18780,1,101,101,0
18781,1,94,94,0
18782,1,81,81,0
18784,1,84,84,0
19281,1,101,101,0
19282,1,107,107,0
17913,1,91,91,0
17914,1,92,92,0
17915,1,96,96,0
17916,1,100,100,0
17917,1,100,100,0
17918,1,88,88,0
17919,1,101,101,0
16329,1,95,95,0
16330,1,96,96,0
16331,1,103,103,0
16332,1,87,87,0
16333,1,96,96,0
16334,1,110,110,0
16335,1,84,84,0
16336,1,99,99,0
17361,1,102,102,0
17362,1,82,82,0
17363,1,98,98,0
17364,1,117,117,0
17365,1,105,105,0
17366,1,87,87,0
17367,1,109,109,0
17368,1,114,114,0
18242,1,89,89,0
18247,1,91,91,0
18248,1,105,105,0
18938,1,115,115,0
18939,1,82,82,0
18940,1,103,103,0
18941,1,99,99,0
18942,1,102,102,0
19100,1,107,107,0
19101,1,101,101,0
19102,1,93,93,0
19103,1,84,84,0
19104,1,109,109,0
19246,1,95,95,0
19247,1,93,93,0
2935,1,105,105,0
2936,1,104,104,0
3577,1,87,87,0
3578,1,92,92,0
3579,1,78,78,0
3580,1,95,95,0
3581,1,95,95,0
3582,1,81,81,0
3583,1,97,97,0
5097,1,85,85,0
5098,1,98,98,0
5099,1,105,105,0
5100,1,106,106,0
5101,1,80,80,0
5102,1,84,84,0
5103,1,92,92,0
5104,1,101,101,0
6331,1,83,83,0
7192,1,80,80,0
8074,1,92,92,0
8075,1,109,109,0
8076,1,103,103,0
8077,1,85,85,0
8078,1,93,93,0
8079,1,112,112,0
10233,1,103,103,0
10234,1,91,91,0
10235,1,96,96,0
10238,1,94,94,0
12289,1,88,88,0
12291,1,96,96,0
14801,1,103,103,0
14802,1,89,89,0
14803,1,101,101,0
14804,1,105,105,0
14805,1,86,86,0
14806,1,94,94,0
14808,1,87,87,0
16833,1,95,95,0
16834,1,83,83,0
16835,1,108,108,0
16836,1,83,83,0
16838,1,85,85,0
16839,1,87,87,0
16840,1,96,96,0
16977,1,96,96,0
18482,1,80,80,0
18995,1,117,117,0
6321,1,103,103,0
6323,1,95,95,0
897,1,98,98,0
898,1,88,88,0
899,1,104,104,0
900,1,118,118,0
901,1,101,101,0
902,1,98,98,0
903,1,98,98,0
904,1,91,91,0
1297,1,88,88,0
1298,1,97,97,0
1299,1,89,89,0
1300,1,93,93,0
1301,1,93,93,0
1302,1,112,112,0
1303,1,95,95,0
1304,1,85,85,0
2881,1,97,97,0
2882,1,96,96,0
2883,1,104,104,0
2884,1,101,101,0
2885,1,92,92,0
2886,1,89,89,0
2887,1,114,114,0
2888,1,120,120,0
2937,1,100,100,0
2938,1,105,105,0
2939,1,103,103,0
2940,1,90,90,0
2941,1,94,94,0
2942,1,90,90,0
2943,1,113,113,0
2944,1,102,102,0
3001,1,99,99,0
3002,1,89,89,0
3003,1,89,89,0
3004,1,102,102,0
3005,1,103,103,0
3006,1,97,97,0
3007,1,110,110,0
3008,1,116,116,0
3985,1,83,83,0
3986,1,106,106,0
3987,1,90,90,0
3988,1,96,96,0
3989,1,101,101,0
3990,1,106,106,0
3991,1,104,104,0
3992,1,98,98,0
4313,1,115,115,0
4314,1,101,101,0
4315,1,85,85,0
4316,1,105,105,0
4317,1,110,110,0
4318,1,89,89,0
4319,1,101,101,0
4320,1,100,100,0
4833,1,99,99,0
4834,1,95,95,0
4835,1,89,89,0
4836,1,82,82,0
4837,1,105,105,0
4838,1,87,87,0
4839,1,95,95,0
4840,1,89,89,0
5937,1,96,96,0
5938,1,81,81,0
5939,1,109,109,0
5940,1,96,96,0
5941,1,90,90,0
5942,1,79,79,0
5943,1,90,90,0
5944,1,98,98,0
9431,1,112,112,0
9432,1,94,94,0
13761,1,110,110,0
13762,1,85,85,0
13763,1,85,85,0
13764,1,104,104,0
13765,1,97,97,0
13766,1,106,106,0
13767,1,84,84,0
13768,1,119,119,0
16257,1,107,107,0
16258,1,97,97,0
16259,1,93,93,0
16260,1,78,78,0
16261,1,99,99,0
16262,1,96,96,0
16263,1,97,97,0
16264,1,111,111,0
16649,1,87,87,0
16650,1,98,98,0
16651,1,104,104,0
16652,1,114,114,0
16654,1,91,91,0
16655,1,104,104,0
16656,1,92,92,0
17618,1,105,105,0
17619,1,92,92,0
17620,1,106,106,0
1041,1,103,103,0
1042,1,101,101,0
1043,1,91,91,0
1044,1,96,96,0
1045,1,108,108,0
1046,1,93,93,0
1047,1,116,116,0
1048,1,111,111,0
3545,1,102,102,0
3546,1,93,93,0
3547,1,97,97,0
3548,1,115,115,0
3549,1,101,101,0
3550,1,111,111,0
4049,1,104,104,0
4050,1,111,111,0
4051,1,83,83,0
4052,1,86,86,0
4053,1,107,107,0
4054,1,91,91,0
4055,1,106,106,0
4056,1,95,95,0
5025,1,97,97,0
5026,1,119,119,0
5027,1,100,100,0
5028,1,96,96,0
5029,1,78,78,0
5030,1,104,104,0
5031,1,83,83,0
5032,1,118,118,0
5449,1,104,104,0
5450,1,95,95,0
5451,1,111,111,0
5452,1,101,101,0
5453,1,99,99,0
5454,1,103,103,0
5455,1,108,108,0
5456,1,89,89,0
5929,1,102,102,0
5930,1,99,99,0
5931,1,83,83,0
5932,1,108,108,0
5933,1,95,95,0
5934,1,104,104,0
5935,1,97,97,0
5936,1,112,112,0
6257,1,104,104,0
6258,1,91,91,0
6259,1,92,92,0
6260,1,109,109,0
6261,1,88,88,0
6262,1,94,94,0
6263,1,94,94,0
6264,1,100,100,0
6385,1,131,131,0
6386,1,108,108,0
6387,1,108,108,0
6388,1,119,119,0
6389,1,99,99,0
6390,1,79,79,0
6391,1,89,89,0
6392,1,110,110,0
6577,1,82,82,0
6578,1,99,99,0
6579,1,87,87,0
6580,1,88,88,0
6581,1,103,103,0
6582,1,96,96,0
6583,1,107,107,0
6584,1,103,103,0
6705,1,96,96,0
6706,1,96,96,0
6707,1,102,102,0
6708,1,103,103,0
6709,1,100,100,0
6710,1,113,113,0
6711,1,102,102,0
6712,1,97,97,0
6769,1,114,114,0
6770,1,103,103,0
6771,1,100,100,0
6772,1,94,94,0
6773,1,92,92,0
6774,1,95,95,0
6775,1,89,89,0
6776,1,83,83,0
6833,1,99,99,0
6834,1,120,120,0
6836,1,87,87,0
6837,1,103,103,0
6838,1,82,82,0
6839,1,90,90,0
6840,1,101,101,0
7369,1,94,94,0
7370,1,90,90,0
7371,1,113,113,0
7372,1,106,106,0
7373,1,95,95,0
7374,1,114,114,0
7375,1,108,108,0
7376,1,96,96,0
7841,1,105,105,0
7842,1,110,110,0
7843,1,117,117,0
7844,1,102,102,0
7845,1,99,99,0
7846,1,80,80,0
7848,1,87,87,0
10752,1,86,86,0
11225,1,86,86,0
11226,1,100,100,0
11227,1,70,70,0
11228,1,119,119,0
11229,1,96,96,0
11230,1,89,89,0
11231,1,120,120,0
11232,1,87,87,0
11521,1,106,106,0
11522,1,90,90,0
11523,1,94,94,0
11524,1,99,99,0
11525,1,107,107,0
11526,1,118,118,0
11527,1,102,102,0
11528,1,85,85,0
13129,1,98,98,0
13130,1,104,104,0
13131,1,111,111,0
13132,1,99,99,0
13133,1,85,85,0
13134,1,102,102,0
13135,1,104,104,0
13136,1,105,105,0
16113,1,110,110,0
16114,1,105,105,0
16115,1,93,93,0
16116,1,96,96,0
16117,1,96,96,0
16118,1,110,110,0
16119,1,86,86,0
16120,1,91,91,0
18417,1,110,110,0
19136,1,103,103,0
2426,1,113,113,0
2427,1,98,98,0
2428,1,82,82,0
2429,1,98,98,0
2430,1,92,92,0
2431,1,97,97,0
2432,1,92,92,0
5081,1,89,89,0
5082,1,95,95,0
5083,1,99,99,0
5084,1,88,88,0
5085,1,85,85,0
5086,1,97,97,0
5087,1,101,101,0
5088,1,90,90,0
5441,1,100,100,0
5442,1,101,101,0
5443,1,95,95,0
5444,1,96,96,0
5445,1,95,95,0
5446,1,100,100,0
5447,1,84,84,0
5448,1,88,88,0
5505,1,97,97,0
5506,1,99,99,0
5507,1,110,110,0
5508,1,93,93,0
5509,1,95,95,0
5510,1,107,107,0
5512,1,103,103,0
6641,1,76,76,0
6642,1,99,99,0
6643,1,111,111,0
6644,1,88,88,0
6645,1,118,118,0
6646,1,102,102,0
6647,1,92,92,0
6648,1,92,92,0
7113,1,86,86,0
7114,1,92,92,0
7115,1,101,101,0
7116,1,83,83,0
7117,1,91,91,0
7118,1,97,97,0
7119,1,109,109,0
7120,1,83,83,0
8769,1,99,99,0
14941,1,95,95,0
16945,1,87,87,0
16949,1,84,84,0
18877,1,98,98,0
8169,1,85,85,0
8170,1,93,93,0
8171,1,81,81,0
8172,1,95,95,0
8173,1,107,107,0
8174,1,78,78,0
8175,1,95,95,0
8176,1,107,107,0
16278,1,104,104,0
921,1,89,89,0
922,1,96,96,0
923,1,81,81,0
924,1,108,108,0
925,1,94,94,0
926,1,87,87,0
927,1,93,93,0
928,1,97,97,0
929,1,86,86,0
930,1,73,73,0
931,1,98,98,0
932,1,106,106,0
933,1,95,95,0
934,1,97,97,0
935,1,89,89,0
936,1,102,102,0
11119,1,97,97,0
11120,1,122,122,0
11857,1,81,81,0
11858,1,104,104,0
11859,1,99,99,0
11860,1,91,91,0
11861,1,86,86,0
11862,1,98,98,0
11863,1,104,104,0
11864,1,106,106,0
12753,1,82,82,0
12754,1,117,117,0
12755,1,93,93,0
12756,1,97,97,0
12757,1,102,102,0
12758,1,83,83,0
12759,1,97,97,0
12760,1,89,89,0
13809,1,94,94,0
13810,1,85,85,0
13811,1,117,117,0
13812,1,100,100,0
13813,1,94,94,0
13814,1,95,95,0
13815,1,82,82,0
13816,1,94,94,0
15602,1,103,103,0
15603,1,96,96,0
15604,1,99,99,0
15605,1,103,103,0
15606,1,105,105,0
18017,1,103,103,0
18018,1,76,76,0
18020,1,113,113,0
18021,1,90,90,0
18022,1,113,113,0
953,1,115,115,0
954,1,88,88,0
955,1,98,98,0
956,1,106,106,0
957,1,93,93,0
958,1,101,101,0
959,1,87,87,0
960,1,97,97,0
2857,1,82,82,0
2858,1,109,109,0
2859,1,97,97,0
2860,1,104,104,0
2861,1,101,101,0
2862,1,106,106,0
2863,1,100,100,0
2864,1,108,108,0
5457,1,92,92,0
5458,1,99,99,0
5459,1,103,103,0
5460,1,96,96,0
5461,1,112,112,0
5462,1,93,93,0
5463,1,91,91,0
5464,1,81,81,0
5833,1,99,99,0
5834,1,107,107,0
5835,1,93,93,0
5836,1,109,109,0
5837,1,100,100,0
5838,1,92,92,0
5839,1,101,101,0
5840,1,93,93,0
6433,1,99,99,0
6434,1,96,96,0
6435,1,105,105,0
6436,1,103,103,0
6437,1,95,95,0
6438,1,89,89,0
6439,1,95,95,0
6440,1,76,76,0
6441,1,104,104,0
6442,1,101,101,0
6443,1,109,109,0
6444,1,97,97,0
6445,1,105,105,0
6446,1,95,95,0
6447,1,101,101,0
11042,1,100,100,0
11043,1,104,104,0
11044,1,92,92,0
11045,1,94,94,0
11046,1,89,89,0
11047,1,83,83,0
11048,1,93,93,0
13289,1,109,109,0
13290,1,85,85,0
13291,1,101,101,0
13292,1,106,106,0
13293,1,106,106,0
13294,1,96,96,0
13295,1,94,94,0
13296,1,97,97,0
15745,1,85,85,0
15746,1,111,111,0
15747,1,100,100,0
15748,1,93,93,0
15749,1,100,100,0
15750,1,89,89,0
15751,1,95,95,0
15752,1,98,98,0
16617,1,97,97,0
16618,1,91,91,0
16619,1,87,87,0
16620,1,86,86,0
16621,1,95,95,0
16622,1,91,91,0
16623,1,74,74,0
16624,1,96,96,0
16689,1,111,111,0
16690,1,104,104,0
16691,1,85,85,0
16692,1,92,92,0
16693,1,113,113,0
16694,1,93,93,0
16695,1,86,86,0
16696,1,102,102,0
16753,1,112,112,0
16754,1,88,88,0
16755,1,85,85,0
16756,1,91,91,0
16757,1,101,101,0
16758,1,106,106,0
16759,1,104,104,0
16760,1,101,101,0
16889,1,81,81,0
16890,1,90,90,0
16891,1,100,100,0
16892,1,96,96,0
16893,1,84,84,0
16894,1,85,85,0
14150,1,104,104,0
14151,1,95,95,0
14152,1,84,84,0
14929,1,97,97,0
14930,1,93,93,0
14931,1,94,94,0
14932,1,88,88,0
14933,1,111,111,0
14934,1,98,98,0
14935,1,100,100,0
14936,1,106,106,0
16953,1,85,85,0
16954,1,106,106,0
16955,1,120,120,0
16956,1,91,91,0
16957,1,131,131,0
16958,1,110,110,0
16959,1,106,106,0
16960,1,101,101,0
17865,1,106,106,0
17866,1,114,114,0
17867,1,99,99,0
17868,1,98,98,0
17869,1,111,111,0
17870,1,82,82,0
17871,1,81,81,0
17872,1,90,90,0
18785,1,94,94,0
18786,1,96,96,0
18787,1,99,99,0
18788,1,93,93,0
18789,1,98,98,0
18790,1,90,90,0
18791,1,88,88,0
18792,1,99,99,0
15607,1,79,79,0
15608,1,101,101,0
18205,1,97,97,0
18206,1,93,93,0
18207,1,88,88,0
2977,1,86,86,0
2978,1,94,94,0
2979,1,96,96,0
2980,1,105,105,0
2981,1,102,102,0
2982,1,92,92,0
2983,1,118,118,0
2984,1,102,102,0
4841,1,103,103,0
4842,1,93,93,0
4843,1,90,90,0
4844,1,85,85,0
4845,1,100,100,0
4846,1,100,100,0
4847,1,84,84,0
4848,1,95,95,0
5401,1,81,81,0
5402,1,88,88,0
5403,1,97,97,0
5404,1,106,106,0
5405,1,93,93,0
5406,1,92,92,0
5407,1,90,90,0
5408,1,114,114,0
6913,1,112,112,0
6914,1,110,110,0
6915,1,96,96,0
6916,1,100,100,0
6917,1,94,94,0
6918,1,99,99,0
6919,1,91,91,0
6920,1,103,103,0
7137,1,99,99,0
7138,1,84,84,0
7139,1,79,79,0
7140,1,90,90,0
7141,1,97,97,0
7142,1,98,98,0
7143,1,85,85,0
7144,1,94,94,0
7465,1,115,115,0
7466,1,82,82,0
7467,1,87,87,0
7468,1,102,102,0
7469,1,81,81,0
7470,1,107,107,0
7471,1,103,103,0
7472,1,80,80,0
7473,1,95,95,0
7474,1,84,84,0
7475,1,96,96,0
7476,1,92,92,0
7477,1,103,103,0
7478,1,116,116,0
7479,1,125,125,0
7480,1,97,97,0
8137,1,95,95,0
8138,1,102,102,0
8139,1,112,112,0
8140,1,103,103,0
8141,1,81,81,0
8142,1,100,100,0
8143,1,120,120,0
8144,1,90,90,0
9113,1,88,88,0
9114,1,100,100,0
9115,1,104,104,0
9116,1,96,96,0
9117,1,98,98,0
9118,1,85,85,0
9119,1,95,95,0
9120,1,93,93,0
12329,1,108,108,0
12330,1,89,89,0
12331,1,98,98,0
12332,1,102,102,0
12333,1,90,90,0
12334,1,97,97,0
12335,1,102,102,0
12336,1,84,84,0
13153,1,103,103,0
13154,1,79,79,0
13155,1,92,92,0
13156,1,100,100,0
13157,1,95,95,0
13158,1,88,88,0
13159,1,100,100,0
13160,1,100,100,0
17809,1,96,96,0
17810,1,100,100,0
17811,1,91,91,0
17812,1,103,103,0
17813,1,96,96,0
17814,1,105,105,0
17815,1,102,102,0
17816,1,97,97,0
18201,1,105,105,0
18203,1,103,103,0
18204,1,94,94,0
18208,1,83,83,0
14289,1,102,102,0
14290,1,85,85,0
14291,1,92,92,0
14292,1,96,96,0
14293,1,86,86,0
14294,1,105,105,0
14295,1,93,93,0
14296,1,94,94,0
14416,1,119,119,0
14672,1,93,93,0
15073,1,106,106,0
15074,1,100,100,0
15075,1,82,82,0
15076,1,78,78,0
15077,1,83,83,0
15078,1,83,83,0
15079,1,109,109,0
15080,1,91,91,0
15673,1,94,94,0
15674,1,84,84,0
15675,1,99,99,0
15676,1,94,94,0
15677,1,89,89,0
15678,1,108,108,0
15679,1,78,78,0
15680,1,96,96,0
19273,1,99,99,0
19274,1,88,88,0
19275,1,87,87,0
19276,1,106,106,0
19277,1,94,94,0
19278,1,109,109,0
19279,1,92,92,0
19280,1,91,91,0
16895,1,99,99,0
17137,1,115,115,0
17138,1,84,84,0
17139,1,101,101,0
17140,1,78,78,0
17141,1,109,109,0
17142,1,85,85,0
17143,1,90,90,0
17144,1,101,101,0
17273,1,109,109,0
17274,1,108,108,0
17275,1,94,94,0
17276,1,99,99,0
17277,1,99,99,0
17278,1,100,100,0
17279,1,82,82,0
17280,1,84,84,0
17401,1,106,106,0
17402,1,87,87,0
17403,1,99,99,0
17404,1,87,87,0
17405,1,96,96,0
17406,1,103,103,0
17407,1,84,84,0
17408,1,87,87,0
17593,1,110,110,0
17594,1,84,84,0
17595,1,94,94,0
17596,1,107,107,0
17597,1,94,94,0
17598,1,92,92,0
17599,1,106,106,0
17600,1,95,95,0
17601,1,89,89,0
17602,1,86,86,0
17603,1,103,103,0
17604,1,92,92,0
17605,1,95,95,0
17606,1,84,84,0
17607,1,98,98,0
17608,1,103,103,0
17657,1,88,88,0
17658,1,89,89,0
17659,1,99,99,0
17660,1,95,95,0
17661,1,101,101,0
17662,1,106,106,0
17663,1,95,95,0
17664,1,99,99,0
17721,1,88,88,0
17722,1,99,99,0
17723,1,80,80,0
17724,1,86,86,0
17725,1,88,88,0
17726,1,74,74,0
17727,1,102,102,0
17728,1,99,99,0
17929,1,116,116,0
17930,1,83,83,0
17931,1,89,89,0
17932,1,97,97,0
17933,1,100,100,0
17934,1,88,88,0
17935,1,103,103,0
17936,1,101,101,0
18129,1,96,96,0
18130,1,103,103,0
18131,1,86,86,0
18132,1,92,92,0
18133,1,101,101,0
18134,1,91,91,0
18135,1,103,103,0
18136,1,99,99,0
353,1,84,84,0
354,1,102,102,0
355,1,89,89,0
356,1,101,101,0
357,1,94,94,0
358,1,84,84,0
359,1,103,103,0
360,1,99,99,0
2769,1,94,94,0
2770,1,81,81,0
2771,1,103,103,0
2772,1,92,92,0
2773,1,94,94,0
2774,1,89,89,0
2775,1,90,90,0
2776,1,82,82,0
3265,1,87,87,0
3266,1,107,107,0
3267,1,101,101,0
3268,1,101,101,0
3269,1,95,95,0
3270,1,114,114,0
3271,1,93,93,0
3272,1,99,99,0
4697,1,89,89,0
4698,1,86,86,0
4699,1,88,88,0
4700,1,100,100,0
4701,1,95,95,0
4702,1,92,92,0
4703,1,100,100,0
4704,1,114,114,0
4889,1,101,101,0
4890,1,85,85,0
4891,1,92,92,0
4892,1,113,113,0
4893,1,117,117,0
4894,1,100,100,0
4895,1,105,105,0
4896,1,99,99,0
6001,1,92,92,0
6002,1,106,106,0
6003,1,82,82,0
6004,1,98,98,0
6005,1,92,92,0
6006,1,79,79,0
6007,1,86,86,0
6008,1,92,92,0
6129,1,101,101,0
6130,1,79,79,0
6131,1,83,83,0
6132,1,90,90,0
6133,1,82,82,0
6134,1,101,101,0
6135,1,97,97,0
6136,1,97,97,0
6137,1,94,94,0
6138,1,107,107,0
6139,1,107,107,0
6140,1,102,102,0
6141,1,105,105,0
6142,1,109,109,0
6143,1,106,106,0
6144,1,79,79,0
6489,1,102,102,0
6490,1,80,80,0
6491,1,91,91,0
6492,1,95,95,0
6493,1,104,104,0
6494,1,100,100,0
6495,1,100,100,0
6496,1,91,91,0
6713,1,87,87,0
6714,1,86,86,0
6715,1,96,96,0
6716,1,79,79,0
6717,1,94,94,0
6718,1,75,75,0
6719,1,110,110,0
6720,1,100,100,0
7513,1,104,104,0
7514,1,99,99,0
7515,1,100,100,0
7516,1,99,99,0
7517,1,85,85,0
7518,1,102,102,0
7519,1,90,90,0
7520,1,97,97,0
7609,1,100,100,0
7610,1,117,117,0
7611,1,91,91,0
7612,1,114,114,0
7613,1,94,94,0
7614,1,100,100,0
7615,1,88,88,0
7616,1,96,96,0
7697,1,114,114,0
7698,1,90,90,0
7699,1,101,101,0
7700,1,77,77,0
7701,1,82,82,0
7702,1,91,91,0
7703,1,100,100,0
7704,1,79,79,0
8745,1,95,95,0
8746,1,112,112,0
8747,1,105,105,0
8748,1,97,97,0
8749,1,88,88,0
8750,1,113,113,0
8751,1,79,79,0
8752,1,97,97,0
9409,1,105,105,0
9410,1,99,99,0
9411,1,93,93,0
9412,1,103,103,0
9413,1,101,101,0
9414,1,101,101,0
9415,1,84,84,0
9416,1,87,87,0
10169,1,110,110,0
10170,1,88,88,0
10171,1,94,94,0
10172,1,88,88,0
10173,1,100,100,0
10174,1,97,97,0
10175,1,96,96,0
10176,1,108,108,0
10633,1,108,108,0
10634,1,114,114,0
10635,1,97,97,0
10636,1,91,91,0
10637,1,108,108,0
10638,1,86,86,0
10639,1,100,100,0
10640,1,94,94,0
11017,1,95,95,0
11018,1,103,103,0
11019,1,90,90,0
11020,1,99,99,0
11021,1,92,92,0
11022,1,106,106,0
11023,1,110,110,0
11024,1,106,106,0
11489,1,98,98,0
11490,1,98,98,0
11491,1,108,108,0
11492,1,95,95,0
11493,1,103,103,0
11494,1,99,99,0
11495,1,96,96,0
11496,1,98,98,0
12201,1,98,98,0
12202,1,89,89,0
12203,1,104,104,0
12204,1,110,110,0
12205,1,82,82,0
12206,1,94,94,0
12207,1,94,94,0
12208,1,105,105,0
12529,1,77,77,0
12530,1,89,89,0
12531,1,85,85,0
12532,1,92,92,0
12533,1,95,95,0
12534,1,98,98,0
12535,1,106,106,0
12536,1,89,89,0
12977,1,119,119,0
12978,1,87,87,0
12979,1,95,95,0
12980,1,89,89,0
12981,1,89,89,0
12982,1,106,106,0
12983,1,103,103,0
8830,1,100,100,0
8831,1,97,97,0
8897,1,99,99,0
8898,1,121,121,0
8899,1,80,80,0
8900,1,100,100,0
8901,1,89,89,0
8902,1,107,107,0
8903,1,122,122,0
8904,1,96,96,0
10449,1,100,100,0
10450,1,92,92,0
10451,1,87,87,0
10452,1,94,94,0
10453,1,82,82,0
10454,1,97,97,0
10455,1,100,100,0
10456,1,93,93,0
13953,1,105,105,0
13954,1,81,81,0
13955,1,116,116,0
13956,1,87,87,0
13957,1,109,109,0
13958,1,94,94,0
13959,1,90,90,0
13960,1,119,119,0
14217,1,77,77,0
14218,1,102,102,0
14219,1,101,101,0
14220,1,97,97,0
14221,1,90,90,0
14222,1,87,87,0
14223,1,107,107,0
14224,1,87,87,0
15001,1,100,100,0
15002,1,112,112,0
15003,1,92,92,0
15004,1,92,92,0
15005,1,88,88,0
15006,1,99,99,0
15007,1,84,84,0
15008,1,100,100,0
12984,1,92,92,0
13321,1,113,113,0
13322,1,82,82,0
13323,1,103,103,0
13324,1,84,84,0
13325,1,106,106,0
13326,1,107,107,0
13327,1,107,107,0
13328,1,93,93,0
14409,1,87,87,0
14410,1,108,108,0
14411,1,104,104,0
14412,1,96,96,0
14413,1,86,86,0
14414,1,103,103,0
14415,1,101,101,0
15377,1,105,105,0
15378,1,94,94,0
15379,1,94,94,0
15380,1,94,94,0
15381,1,86,86,0
15382,1,85,85,0
15383,1,106,106,0
15384,1,81,81,0
15401,1,96,96,0
15402,1,84,84,0
15403,1,92,92,0
15404,1,93,93,0
15405,1,78,78,0
15406,1,105,105,0
15407,1,101,101,0
15408,1,89,89,0
2897,1,101,101,0
2898,1,101,101,0
2899,1,89,89,0
2900,1,91,91,0
2901,1,110,110,0
2902,1,101,101,0
2903,1,91,91,0
2904,1,108,108,0
2921,1,96,96,0
2922,1,102,102,0
2923,1,86,86,0
2924,1,100,100,0
2925,1,96,96,0
2926,1,83,83,0
2927,1,106,106,0
2928,1,102,102,0
5465,1,105,105,0
5466,1,106,106,0
5467,1,99,99,0
5468,1,100,100,0
5469,1,112,112,0
5470,1,103,103,0
5471,1,94,94,0
5472,1,94,94,0
5777,1,104,104,0
5778,1,106,106,0
5779,1,94,94,0
5780,1,91,91,0
5781,1,89,89,0
5782,1,96,96,0
5783,1,104,104,0
5784,1,104,104,0
6473,1,95,95,0
6474,1,117,117,0
6475,1,108,108,0
6476,1,100,100,0
6477,1,109,109,0
6478,1,89,89,0
6479,1,106,106,0
6480,1,91,91,0
8265,1,100,100,0
8266,1,97,97,0
8268,1,89,89,0
8269,1,95,95,0
8270,1,119,119,0
8271,1,96,96,0
8272,1,89,89,0
9441,1,102,102,0
9445,1,93,93,0
9446,1,101,101,0
9447,1,87,87,0
9448,1,101,101,0
9825,1,86,86,0
9826,1,87,87,0
9827,1,111,111,0
9828,1,91,91,0
9829,1,89,89,0
9830,1,99,99,0
9831,1,87,87,0
9832,1,89,89,0
3281,1,99,99,0
3282,1,116,116,0
3283,1,99,99,0
3284,1,96,96,0
3285,1,103,103,0
3286,1,98,98,0
3287,1,107,107,0
3288,1,106,106,0
5361,1,115,115,0
5362,1,85,85,0
5363,1,91,91,0
5364,1,93,93,0
5365,1,91,91,0
5366,1,112,112,0
5367,1,121,121,0
5368,1,115,115,0
5785,1,97,97,0
5786,1,94,94,0
5787,1,94,94,0
5788,1,99,99,0
5789,1,110,110,0
5790,1,93,93,0
5791,1,74,74,0
5792,1,113,113,0
6281,1,96,96,0
6282,1,91,91,0
6283,1,107,107,0
6284,1,96,96,0
6285,1,100,100,0
6286,1,82,82,0
6287,1,88,88,0
6288,1,106,106,0
6369,1,95,95,0
6370,1,110,110,0
6371,1,103,103,0
6372,1,88,88,0
6373,1,107,107,0
6374,1,106,106,0
6375,1,98,98,0
6376,1,109,109,0
7529,1,89,89,0
7530,1,117,117,0
7531,1,88,88,0
7536,1,94,94,0
7607,1,87,87,0
8193,1,94,94,0
8194,1,80,80,0
8195,1,108,108,0
8196,1,94,94,0
8197,1,88,88,0
8198,1,84,84,0
8199,1,99,99,0
8200,1,88,88,0
8313,1,102,102,0
8314,1,97,97,0
8315,1,85,85,0
8316,1,96,96,0
8317,1,102,102,0
8318,1,90,90,0
8319,1,102,102,0
8320,1,89,89,0
8377,1,79,79,0
8378,1,98,98,0
8379,1,100,100,0
8380,1,84,84,0
8381,1,102,102,0
8382,1,90,90,0
8383,1,102,102,0
8384,1,97,97,0
8385,1,83,83,0
8386,1,104,104,0
8387,1,102,102,0
8388,1,87,87,0
8389,1,104,104,0
8390,1,101,101,0
8391,1,95,95,0
8392,1,90,90,0
8441,1,100,100,0
8442,1,100,100,0
8443,1,102,102,0
8444,1,110,110,0
8445,1,79,79,0
8446,1,107,107,0
8447,1,103,103,0
8448,1,89,89,0
8449,1,114,114,0
8450,1,100,100,0
8451,1,113,113,0
8452,1,89,89,0
8453,1,84,84,0
8454,1,87,87,0
8455,1,97,97,0
8456,1,103,103,0
8526,1,108,108,0
10826,1,89,89,0
10827,1,89,89,0
10828,1,83,83,0
10829,1,101,101,0
10830,1,105,105,0
10831,1,93,93,0
10832,1,108,108,0
10889,1,97,97,0
10890,1,111,111,0
10891,1,90,90,0
10895,1,102,102,0
10896,1,96,96,0
11097,1,87,87,0
11098,1,99,99,0
11099,1,103,103,0
11100,1,107,107,0
11101,1,87,87,0
11102,1,96,96,0
11103,1,99,99,0
11104,1,107,107,0
11105,1,109,109,0
11106,1,95,95,0
11107,1,97,97,0
11108,1,109,109,0
11109,1,108,108,0
11110,1,113,113,0
11111,1,104,104,0
11112,1,98,98,0
12833,1,93,93,0
12834,1,90,90,0
12835,1,107,107,0
12836,1,84,84,0
12837,1,93,93,0
12838,1,87,87,0
12839,1,88,88,0
12840,1,87,87,0
14145,1,111,111,0
14146,1,98,98,0
14148,1,97,97,0
14149,1,101,101,0
2537,1,97,97,0
2538,1,96,96,0
2539,1,105,105,0
2540,1,105,105,0
2541,1,99,99,0
2542,1,103,103,0
2543,1,108,108,0
2544,1,105,105,0
7585,1,105,105,0
7586,1,88,88,0
7587,1,98,98,0
7588,1,100,100,0
7589,1,104,104,0
7590,1,99,99,0
7591,1,92,92,0
7592,1,77,77,0
8065,1,96,96,0
8066,1,97,97,0
8067,1,103,103,0
8068,1,110,110,0
8069,1,94,94,0
8070,1,119,119,0
8071,1,90,90,0
8072,1,99,99,0
8267,1,82,82,0
9442,1,105,105,0
9443,1,104,104,0
9444,1,90,90,0
7532,1,109,109,0
7533,1,86,86,0
7534,1,106,106,0
7535,1,93,93,0
7601,1,97,97,0
7602,1,96,96,0
7603,1,90,90,0
7604,1,106,106,0
7605,1,92,92,0
7606,1,93,93,0
7608,1,91,91,0
8121,1,92,92,0
8521,1,110,110,0
8522,1,87,87,0
8523,1,96,96,0
8524,1,94,94,0
8525,1,104,104,0
8527,1,94,94,0
8528,1,81,81,0
10825,1,97,97,0
10894,1,84,84,0
14147,1,89,89,0
8122,1,98,98,0
8123,1,99,99,0
8124,1,98,98,0
8125,1,87,87,0
8126,1,104,104,0
8127,1,104,104,0
8128,1,94,94,0
10697,1,101,101,0
10698,1,98,98,0
10699,1,102,102,0
10700,1,104,104,0
10701,1,101,101,0
10702,1,108,108,0
10703,1,97,97,0
10704,1,91,91,0
10892,1,87,87,0
10893,1,115,115,0
41,1,90,90,0
42,1,97,97,0
43,1,96,96,0
44,1,103,103,0
45,1,88,88,0
46,1,96,96,0
47,1,106,106,0
48,1,99,99,0
1569,1,85,85,0
1570,1,91,91,0
1571,1,96,96,0
1572,1,101,101,0
1573,1,92,92,0
1574,1,79,79,0
1575,1,112,112,0
1576,1,95,95,0
1697,1,90,90,0
1698,1,99,99,0
1699,1,107,107,0
1700,1,81,81,0
1701,1,106,106,0
1702,1,97,97,0
1703,1,90,90,0
1704,1,121,121,0
1769,1,94,94,0
1770,1,106,106,0
1771,1,99,99,0
1772,1,104,104,0
1773,1,76,76,0
1774,1,104,104,0
1775,1,85,85,0
1776,1,97,97,0
1961,1,93,93,0
1962,1,85,85,0
1963,1,85,85,0
1964,1,79,79,0
1965,1,88,88,0
1966,1,98,98,0
1967,1,104,104,0
1968,1,115,115,0
2489,1,102,102,0
2490,1,106,106,0
2491,1,98,98,0
2492,1,84,84,0
2493,1,98,98,0
2494,1,109,109,0
2495,1,108,108,0
2496,1,86,86,0
3961,1,93,93,0
3962,1,99,99,0
3963,1,86,86,0
3964,1,100,100,0
3965,1,76,76,0
3966,1,82,82,0
3967,1,102,102,0
3968,1,96,96,0
3977,1,88,88,0
3978,1,92,92,0
3979,1,99,99,0
3980,1,108,108,0
3981,1,111,111,0
3982,1,108,108,0
3983,1,94,94,0
3984,1,83,83,0
4089,1,109,109,0
4090,1,93,93,0
4091,1,90,90,0
4092,1,82,82,0
4093,1,103,103,0
4094,1,98,98,0
4095,1,102,102,0
4096,1,83,83,0
4265,1,105,105,0
4266,1,96,96,0
4267,1,94,94,0
4268,1,91,91,0
4269,1,82,82,0
4270,1,126,126,0
4271,1,104,104,0
4272,1,105,105,0
5177,1,94,94,0
5178,1,108,108,0
5179,1,99,99,0
5180,1,113,113,0
5181,1,87,87,0
5182,1,110,110,0
5183,1,100,100,0
5184,1,94,94,0
5345,1,97,97,0
5346,1,101,101,0
5347,1,119,119,0
5348,1,105,105,0
5349,1,118,118,0
5350,1,83,83,0
5351,1,106,106,0
5352,1,102,102,0
6649,1,102,102,0
6650,1,109,109,0
6651,1,110,110,0
6652,1,82,82,0
6653,1,106,106,0
6654,1,95,95,0
6655,1,108,108,0
6656,1,102,102,0
6801,1,92,92,0
6802,1,106,106,0
6803,1,99,99,0
6804,1,98,98,0
6805,1,99,99,0
6806,1,102,102,0
6807,1,102,102,0
6808,1,102,102,0
9289,1,81,81,0
9290,1,84,84,0
9291,1,91,91,0
9292,1,86,86,0
9293,1,105,105,0
9294,1,104,104,0
9295,1,93,93,0
9296,1,122,122,0
10761,1,91,91,0
10762,1,93,93,0
10763,1,88,88,0
10764,1,86,86,0
10765,1,90,90,0
10766,1,108,108,0
10767,1,98,98,0
10768,1,94,94,0
11537,1,113,113,0
11538,1,117,117,0
11539,1,95,95,0
11540,1,97,97,0
11541,1,100,100,0
11542,1,96,96,0
11543,1,102,102,0
11544,1,88,88,0
11553,1,83,83,0
11554,1,112,112,0
11555,1,100,100,0
11556,1,99,99,0
11557,1,96,96,0
11558,1,93,93,0
11559,1,97,97,0
11560,1,91,91,0
13465,1,83,83,0
13466,1,112,112,0
13467,1,104,104,0
13468,1,95,95,0
13469,1,86,86,0
13470,1,97,97,0
13471,1,87,87,0
13472,1,91,91,0
13649,1,99,99,0
13650,1,88,88,0
13651,1,95,95,0
13652,1,92,92,0
13653,1,87,87,0
13654,1,94,94,0
13655,1,101,101,0
13656,1,91,91,0
14241,1,82,82,0
14242,1,91,91,0
14243,1,86,86,0
14244,1,77,77,0
14245,1,112,112,0
14246,1,89,89,0
14247,1,82,82,0
14248,1,101,101,0
14265,1,103,103,0
14266,1,85,85,0
14267,1,94,94,0
14268,1,108,108,0
14269,1,98,98,0
14272,1,102,102,0
3289,1,85,85,0
3290,1,109,109,0
3729,1,101,101,0
3730,1,97,97,0
3731,1,93,93,0
3732,1,96,96,0
3733,1,92,92,0
3734,1,102,102,0
3735,1,103,103,0
3736,1,104,104,0
3737,1,106,106,0
3738,1,85,85,0
3739,1,77,77,0
3740,1,94,94,0
3741,1,118,118,0
3742,1,84,84,0
3743,1,96,96,0
3744,1,102,102,0
3769,1,104,104,0
3770,1,112,112,0
3771,1,94,94,0
3772,1,101,101,0
3773,1,92,92,0
3774,1,93,93,0
3775,1,76,76,0
3776,1,94,94,0
4129,1,102,102,0
4130,1,89,89,0
4131,1,101,101,0
4132,1,102,102,0
4133,1,97,97,0
4134,1,82,82,0
4135,1,100,100,0
4136,1,109,109,0
4145,1,82,82,0
4146,1,106,106,0
4147,1,90,90,0
4148,1,96,96,0
4149,1,102,102,0
4150,1,89,89,0
4151,1,85,85,0
4152,1,87,87,0
4721,1,85,85,0
4722,1,80,80,0
4723,1,96,96,0
4724,1,101,101,0
4725,1,95,95,0
4726,1,85,85,0
4727,1,83,83,0
4728,1,95,95,0
4793,1,82,82,0
4794,1,109,109,0
4795,1,103,103,0
4796,1,105,105,0
4797,1,98,98,0
4798,1,97,97,0
4799,1,104,104,0
4800,1,98,98,0
6963,1,87,87,0
7810,1,92,92,0
7811,1,82,82,0
7812,1,102,102,0
7813,1,104,104,0
7814,1,104,104,0
7815,1,99,99,0
7816,1,102,102,0
7897,1,88,88,0
7898,1,89,89,0
7899,1,82,82,0
11297,1,96,96,0
11298,1,99,99,0
11299,1,102,102,0
11300,1,115,115,0
11304,1,107,107,0
49,1,106,106,0
50,1,113,113,0
51,1,81,81,0
52,1,107,107,0
53,1,98,98,0
54,1,82,82,0
55,1,102,102,0
56,1,91,91,0
113,1,86,86,0
115,1,99,99,0
116,1,103,103,0
117,1,98,98,0
118,1,100,100,0
119,1,97,97,0
120,1,93,93,0
169,1,109,109,0
170,1,99,99,0
171,1,107,107,0
172,1,105,105,0
173,1,86,86,0
174,1,105,105,0
175,1,93,93,0
176,1,98,98,0
305,1,90,90,0
306,1,104,104,0
307,1,77,77,0
308,1,94,94,0
309,1,107,107,0
310,1,87,87,0
311,1,88,88,0
312,1,100,100,0
633,1,92,92,0
634,1,101,101,0
635,1,98,98,0
636,1,90,90,0
637,1,101,101,0
638,1,94,94,0
639,1,89,89,0
640,1,90,90,0
825,1,110,110,0
826,1,108,108,0
827,1,92,92,0
828,1,100,100,0
829,1,104,104,0
830,1,100,100,0
831,1,82,82,0
832,1,97,97,0
8473,1,94,94,0
8474,1,111,111,0
8475,1,92,92,0
8476,1,110,110,0
8477,1,96,96,0
8478,1,92,92,0
8479,1,93,93,0
8480,1,101,101,0
9257,1,94,94,0
9258,1,98,98,0
9259,1,84,84,0
9260,1,115,115,0
9261,1,85,85,0
9262,1,82,82,0
9263,1,97,97,0
9264,1,89,89,0
9841,1,85,85,0
9842,1,82,82,0
9843,1,116,116,0
9844,1,94,94,0
9845,1,101,101,0
9846,1,100,100,0
9847,1,103,103,0
9848,1,84,84,0
10457,1,90,90,0
10458,1,101,101,0
10459,1,91,91,0
10460,1,93,93,0
10461,1,104,104,0
10462,1,93,93,0
10463,1,105,105,0
10464,1,100,100,0
11497,1,94,94,0
11498,1,92,92,0
11499,1,101,101,0
11500,1,116,116,0
11501,1,80,80,0
11502,1,84,84,0
11503,1,99,99,0
11504,1,84,84,0
13025,1,112,112,0
13026,1,107,107,0
13027,1,83,83,0
13028,1,91,91,0
13029,1,100,100,0
13030,1,90,90,0
13031,1,110,110,0
13032,1,93,93,0
14113,1,92,92,0
14114,1,87,87,0
14115,1,97,97,0
14116,1,113,113,0
14117,1,101,101,0
14118,1,105,105,0
14119,1,87,87,0
14120,1,107,107,0
14763,1,96,96,0
14764,1,95,95,0
14765,1,89,89,0
14766,1,90,90,0
14767,1,105,105,0
14768,1,94,94,0
15689,1,82,82,0
15690,1,91,91,0
15691,1,88,88,0
15692,1,97,97,0
15693,1,105,105,0
15694,1,104,104,0
15695,1,107,107,0
15696,1,78,78,0
15897,1,90,90,0
15898,1,108,108,0
15899,1,87,87,0
15900,1,85,85,0
15901,1,92,92,0
15902,1,105,105,0
15903,1,95,95,0
15904,1,89,89,0
15961,1,100,100,0
15962,1,88,88,0
15963,1,89,89,0
15964,1,84,84,0
15965,1,84,84,0
15966,1,95,95,0
15967,1,94,94,0
15968,1,97,97,0
17377,1,90,90,0
17378,1,103,103,0
17379,1,97,97,0
17384,1,89,89,0
13513,1,96,96,0
13514,1,99,99,0
13515,1,87,87,0
13516,1,103,103,0
13517,1,94,94,0
13518,1,96,96,0
13519,1,123,123,0
13520,1,100,100,0
17985,1,103,103,0
17986,1,86,86,0
17987,1,97,97,0
17988,1,99,99,0
17989,1,103,103,0
17990,1,108,108,0
17991,1,92,92,0
17992,1,111,111,0
18177,1,113,113,0
18178,1,93,93,0
18179,1,100,100,0
18180,1,99,99,0
18181,1,84,84,0
18182,1,81,81,0
18183,1,104,104,0
18184,1,93,93,0
18633,1,102,102,0
18634,1,102,102,0
18635,1,97,97,0
18636,1,98,98,0
18637,1,89,89,0
18638,1,85,85,0
18639,1,75,75,0
14465,1,100,100,0
14466,1,85,85,0
14467,1,92,92,0
14468,1,102,102,0
14469,1,87,87,0
14470,1,88,88,0
14471,1,103,103,0
14472,1,101,101,0
15521,1,107,107,0
15522,1,85,85,0
15523,1,114,114,0
15524,1,94,94,0
15525,1,89,89,0
15526,1,83,83,0
15528,1,85,85,0
18318,1,96,96,0
18690,1,94,94,0
18691,1,106,106,0
18692,1,85,85,0
18693,1,103,103,0
18694,1,90,90,0
18696,1,102,102,0
18961,1,102,102,0
18962,1,99,99,0
18964,1,100,100,0
18965,1,97,97,0
18966,1,80,80,0
18967,1,102,102,0
18968,1,93,93,0
177,1,100,100,0
178,1,99,99,0
179,1,97,97,0
180,1,81,81,0
181,1,103,103,0
182,1,87,87,0
183,1,90,90,0
184,1,86,86,0
233,1,105,105,0
234,1,102,102,0
235,1,89,89,0
236,1,86,86,0
237,1,93,93,0
238,1,97,97,0
239,1,92,92,0
240,1,90,90,0
241,1,91,91,0
242,1,98,98,0
243,1,106,106,0
244,1,85,85,0
245,1,87,87,0
246,1,109,109,0
247,1,110,110,0
248,1,101,101,0
561,1,92,92,0
562,1,112,112,0
563,1,81,81,0
564,1,102,102,0
565,1,106,106,0
566,1,105,105,0
567,1,84,84,0
568,1,94,94,0
7017,1,99,99,0
7018,1,97,97,0
7019,1,109,109,0
7020,1,83,83,0
7021,1,111,111,0
7022,1,101,101,0
7023,1,96,96,0
7024,1,101,101,0
8273,1,107,107,0
8274,1,103,103,0
8275,1,93,93,0
8276,1,99,99,0
8277,1,98,98,0
8278,1,113,113,0
8279,1,104,104,0
8280,1,89,89,0
8609,1,89,89,0
8610,1,80,80,0
8611,1,105,105,0
8612,1,98,98,0
8613,1,78,78,0
8614,1,100,100,0
8615,1,99,99,0
8616,1,118,118,0
9321,1,97,97,0
9322,1,96,96,0
9323,1,100,100,0
9324,1,89,89,0
9325,1,105,105,0
9326,1,103,103,0
9327,1,108,108,0
9328,1,98,98,0
9609,1,97,97,0
9610,1,100,100,0
9611,1,103,103,0
9612,1,110,110,0
9613,1,95,95,0
9614,1,104,104,0
9615,1,84,84,0
9616,1,99,99,0
9937,1,99,99,0
9938,1,106,106,0
9939,1,90,90,0
9940,1,95,95,0
9941,1,95,95,0
9942,1,92,92,0
9943,1,105,105,0
9944,1,104,104,0
10025,1,93,93,0
10026,1,98,98,0
10027,1,72,72,0
10028,1,94,94,0
10029,1,81,81,0
10030,1,118,118,0
10031,1,105,105,0
10032,1,80,80,0
10057,1,99,99,0
10058,1,72,72,0
10059,1,79,79,0
10060,1,89,89,0
10061,1,86,86,0
10062,1,101,101,0
10063,1,109,109,0
10064,1,106,106,0
10201,1,90,90,0
10202,1,96,96,0
10203,1,87,87,0
10204,1,87,87,0
10205,1,99,99,0
10206,1,89,89,0
10207,1,96,96,0
10208,1,78,78,0
10849,1,86,86,0
10850,1,83,83,0
10851,1,95,95,0
10852,1,107,107,0
10853,1,102,102,0
10854,1,104,104,0
10855,1,99,99,0
10856,1,91,91,0
11753,1,105,105,0
11754,1,115,115,0
11755,1,90,90,0
11756,1,90,90,0
11757,1,95,95,0
11758,1,90,90,0
11759,1,99,99,0
11760,1,98,98,0
12025,1,81,81,0
12026,1,84,84,0
12027,1,87,87,0
12028,1,109,109,0
12029,1,107,107,0
12030,1,89,89,0
12031,1,103,103,0
12032,1,96,96,0
12089,1,79,79,0
12090,1,103,103,0
12091,1,95,95,0
12092,1,93,93,0
12093,1,99,99,0
12094,1,88,88,0
12095,1,109,109,0
12096,1,109,109,0
12425,1,100,100,0
12426,1,101,101,0
12427,1,97,97,0
12428,1,94,94,0
12429,1,97,97,0
12430,1,100,100,0
12431,1,99,99,0
12432,1,97,97,0
12905,1,88,88,0
12906,1,84,84,0
12907,1,96,96,0
12908,1,91,91,0
12909,1,95,95,0
12910,1,101,101,0
12911,1,84,84,0
12912,1,96,96,0
14121,1,84,84,0
14122,1,97,97,0
14123,1,84,84,0
14124,1,104,104,0
14125,1,100,100,0
14126,1,93,93,0
14127,1,101,101,0
14128,1,98,98,0
14753,1,86,86,0
14754,1,89,89,0
14755,1,91,91,0
14756,1,108,108,0
14757,1,90,90,0
14758,1,102,102,0
14759,1,86,86,0
14760,1,107,107,0
15161,1,90,90,0
15162,1,89,89,0
15163,1,86,86,0
15164,1,101,101,0
15165,1,92,92,0
15166,1,107,107,0
15168,1,112,112,0
225,1,83,83,0
226,1,92,92,0
227,1,95,95,0
228,1,85,85,0
229,1,105,105,0
230,1,84,84,0
231,1,84,84,0
232,1,95,95,0
1108,1,102,102,0
1109,1,87,87,0
1110,1,124,124,0
1111,1,93,93,0
1112,1,98,98,0
1233,1,101,101,0
1234,1,95,95,0
1235,1,105,105,0
1236,1,105,105,0
1237,1,83,83,0
1238,1,108,108,0
1239,1,94,94,0
1240,1,91,91,0
2048,1,100,100,0
3129,1,88,88,0
3130,1,95,95,0
3131,1,88,88,0
3132,1,92,92,0
3133,1,93,93,0
3134,1,91,91,0
3135,1,111,111,0
3136,1,97,97,0
11345,1,104,104,0
11346,1,89,89,0
11347,1,106,106,0
11348,1,110,110,0
11350,1,99,99,0
11351,1,111,111,0
11352,1,104,104,0
15065,1,95,95,0
15066,1,86,86,0
15067,1,97,97,0
15068,1,104,104,0
15069,1,93,93,0
15070,1,111,111,0
15071,1,83,83,0
15072,1,105,105,0
15105,1,104,104,0
15106,1,102,102,0
15107,1,79,79,0
15108,1,86,86,0
15109,1,92,92,0
15110,1,104,104,0
15111,1,99,99,0
15112,1,105,105,0
15153,1,93,93,0
15154,1,96,96,0
15155,1,100,100,0
15156,1,101,101,0
15157,1,91,91,0
15158,1,94,94,0
15159,1,88,88,0
15353,1,93,93,0
15360,1,91,91,0
15497,1,102,102,0
15498,1,91,91,0
15499,1,89,89,0
15500,1,84,84,0
15501,1,81,81,0
15502,1,92,92,0
15503,1,92,92,0
15504,1,88,88,0
15837,1,92,92,0
15849,1,95,95,0
15865,1,96,96,0
15869,1,73,73,0
15870,1,107,107,0
1505,1,95,95,0
1506,1,99,99,0
1507,1,106,106,0
1508,1,101,101,0
1509,1,97,97,0
1510,1,94,94,0
1511,1,99,99,0
1512,1,82,82,0
1969,1,86,86,0
1970,1,100,100,0
1971,1,104,104,0
1972,1,81,81,0
1973,1,92,92,0
1974,1,86,86,0
1975,1,92,92,0
1976,1,96,96,0
3953,1,102,102,0
3954,1,94,94,0
3955,1,104,104,0
3956,1,101,101,0
3957,1,87,87,0
3958,1,108,108,0
3959,1,100,100,0
3960,1,106,106,0
6033,1,100,100,0
6034,1,96,96,0
6035,1,95,95,0
6036,1,108,108,0
6037,1,112,112,0
6038,1,108,108,0
6039,1,102,102,0
6040,1,76,76,0
11545,1,86,86,0
11546,1,104,104,0
11547,1,93,93,0
11548,1,94,94,0
11549,1,91,91,0
11550,1,94,94,0
11551,1,104,104,0
11552,1,82,82,0
11601,1,107,107,0
11602,1,73,73,0
11603,1,85,85,0
11604,1,112,112,0
11605,1,99,99,0
11606,1,78,78,0
11607,1,80,80,0
11608,1,81,81,0
11609,1,101,101,0
11610,1,105,105,0
11611,1,101,101,0
11612,1,83,83,0
11613,1,112,112,0
11614,1,100,100,0
11615,1,114,114,0
11616,1,91,91,0
11673,1,84,84,0
11674,1,101,101,0
11675,1,104,104,0
11676,1,103,103,0
11677,1,77,77,0
11678,1,98,98,0
11679,1,96,96,0
11680,1,87,87,0
11745,1,97,97,0
11746,1,106,106,0
11748,1,94,94,0
11750,1,93,93,0
11751,1,101,101,0
12785,1,110,110,0
12786,1,91,91,0
12787,1,110,110,0
12788,1,108,108,0
12789,1,108,108,0
12790,1,107,107,0
12791,1,115,115,0
12792,1,110,110,0
13177,1,92,92,0
13178,1,103,103,0
13179,1,98,98,0
13180,1,102,102,0
13181,1,83,83,0
13182,1,105,105,0
13183,1,90,90,0
13184,1,90,90,0
14137,1,99,99,0
14138,1,85,85,0
14139,1,91,91,0
14140,1,89,89,0
14141,1,80,80,0
14142,1,104,104,0
14143,1,87,87,0
14144,1,90,90,0
14201,1,96,96,0
14202,1,78,78,0
14203,1,91,91,0
14204,1,98,98,0
14205,1,98,98,0
14206,1,89,89,0
14207,1,92,92,0
14208,1,81,81,0
14407,1,81,81,0
3913,1,103,103,0
3914,1,94,94,0
3915,1,100,100,0
3916,1,88,88,0
3917,1,105,105,0
3918,1,102,102,0
3919,1,103,103,0
3920,1,90,90,0
6121,1,91,91,0
6122,1,88,88,0
6123,1,85,85,0
6124,1,91,91,0
6125,1,93,93,0
6126,1,93,93,0
6127,1,83,83,0
6128,1,101,101,0
6561,1,91,91,0
6562,1,101,101,0
6563,1,101,101,0
6564,1,94,94,0
6565,1,97,97,0
6566,1,94,94,0
6567,1,73,73,0
6568,1,76,76,0
7545,1,95,95,0
7546,1,89,89,0
7547,1,96,96,0
7548,1,91,91,0
7549,1,108,108,0
7550,1,95,95,0
7551,1,85,85,0
7552,1,93,93,0
8185,1,107,107,0
8191,1,83,83,0
8215,1,105,105,0
11089,1,96,96,0
11090,1,96,96,0
11091,1,102,102,0
11093,1,110,110,0
11094,1,96,96,0
11095,1,75,75,0
11096,1,94,94,0
14705,1,91,91,0
14706,1,104,104,0
14707,1,112,112,0
14708,1,105,105,0
14709,1,79,79,0
14710,1,82,82,0
14711,1,98,98,0
14712,1,107,107,0
15097,1,90,90,0
15098,1,93,93,0
15099,1,96,96,0
15100,1,86,86,0
15101,1,103,103,0
15102,1,113,113,0
15103,1,84,84,0
15104,1,109,109,0
15697,1,100,100,0
15698,1,84,84,0
15699,1,94,94,0
15700,1,79,79,0
15742,1,91,91,0
15744,1,93,93,0
15984,1,94,94,0
16337,1,83,83,0
16338,1,116,116,0
16339,1,102,102,0
16340,1,94,94,0
16341,1,109,109,0
16342,1,93,93,0
16343,1,105,105,0
16344,1,91,91,0
17457,1,105,105,0
17458,1,92,92,0
17459,1,87,87,0
17460,1,100,100,0
17461,1,94,94,0
17462,1,92,92,0
17753,1,101,101,0
17754,1,97,97,0
17755,1,84,84,0
17756,1,101,101,0
17757,1,96,96,0
17758,1,100,100,0
17759,1,97,97,0
17760,1,88,88,0
17761,1,112,112,0
17762,1,118,118,0
17763,1,87,87,0
17764,1,108,108,0
17765,1,89,89,0
18574,1,104,104,0
18575,1,109,109,0
18576,1,108,108,0
