20325,1,653,653,0
20355,1,646,646,0
20459,1,654,654,0
21237,1,688,688,0
21502,1,668,668,0
50053,1,650,650,0
50111,1,718,718,0
60006,1,649,649,0
20371,1,691,691,0
21091,1,680,680,0
21098,1,785,785,0
21116,1,695,695,0
21127,1,699,699,0
21147,1,686,686,0
21158,1,738,738,0
21170,1,691,691,0
20718,1,732,732,0
21002,1,642,642,0
21104,1,618,618,0
21142,1,646,646,0
21168,1,680,680,0
21202,1,684,684,0
21207,1,646,646,0
21489,1,914,914,0
21044,1,702,702,0
21074,1,641,641,0
21081,1,769,769,0
21086,1,692,692,0
21093,1,732,732,0
21106,1,942,942,0
21130,1,746,746,0
21153,1,818,818,0
21178,1,658,658,0
21180,1,697,697,0
21459,1,661,661,0
21190,1,674,674,0
21192,1,760,760,0
62700,1,679,679,0
21605,1,691,691,0
60915,1,649,649,0
61149,1,685,685,0
61497,1,691,691,0
62904,1,674,674,0
60083,1,679,679,0
60158,1,671,671,0
60806,1,626,626,0
60828,1,620,620,0
61532,1,660,660,0
62807,1,648,648,0
21046,1,775,775,0
21064,1,667,667,0
21144,1,980,980,0
21195,1,963,963,0
21198,1,855,855,0
61126,1,666,666,0
62703,1,697,697,0
21123,1,668,668,0
21470,1,674,674,0
60129,1,900,900,0
60171,1,684,684,0
60196,1,780,780,0
60318,1,648,648,0
60410,1,770,770,0
60427,1,621,621,0
60837,1,705,705,0
61467,1,691,691,0
62390,1,739,739,0
39497,1,704,704,0
63780,1,633,633,0
39512,1,680,680,0
39656,1,816,816,0
39733,1,764,764,0
39763,1,714,714,0
39981,1,642,642,0
63798,1,715,715,0
68102,1,893,893,0
68312,1,982,982,0
68315,1,676,676,0
68290,1,678,678,0
68295,1,655,655,0
68296,1,659,659,0
68307,1,747,747,0
68322,1,645,645,0
157,1,687,687,0
170,1,657,657,0
700,1,668,668,0
39491,1,713,713,0
39523,1,785,785,0
39539,1,724,724,0
39619,1,676,676,0
39640,1,651,651,0
163,1,859,859,0
207,1,672,672,0
219,1,956,956,0
247,1,670,670,0
285,1,645,645,0
397,1,641,641,0
17595,1,678,678,0
164,1,750,750,0
336,1,784,784,0
392,1,651,651,0
408,1,689,689,0
412,1,783,783,0
430,1,679,679,0
461,1,715,715,0
821,1,655,655,0
685,1,667,667,0
686,1,935,935,0
984,1,657,657,0
1000,1,696,696,0
39804,1,962,962,0
68309,1,708,708,0
68320,1,700,700,0
795,1,774,774,0
856,1,625,625,0
859,1,650,650,0
860,1,741,741,0
872,1,782,782,0
877,1,710,710,0
886,1,682,682,0
63842,1,682,682,0
992,1,667,667,0
17188,1,645,645,0
17199,1,689,689,0
17250,1,630,630,0
63424,1,666,666,0
63722,1,712,712,0
63725,1,663,663,0
63729,1,646,646,0
39241,1,702,702,0
39243,1,648,648,0
39284,1,671,671,0
63724,1,822,822,0
63735,1,664,664,0
63747,1,886,886,0
63764,1,892,892,0
39263,1,638,638,0
39270,1,853,853,0
39273,1,957,957,0
39327,1,701,701,0
39352,1,667,667,0
39493,1,662,662,0
39494,1,677,677,0
68076,1,689,689,0
68078,1,657,657,0
68275,1,874,874,0
68430,1,719,719,0
68441,1,664,664,0
68125,1,678,678,0
68182,1,672,672,0
68189,1,709,709,0
68231,1,710,710,0
68239,1,680,680,0
68245,1,666,666,0
68247,1,679,679,0
68262,1,670,670,0
51218,1,854,854,0
52282,1,836,836,0
52590,1,703,703,0
40631,1,913,913,0
40651,1,667,667,0
51196,1,867,867,0
65098,1,673,673,0
65157,1,663,663,0
65517,1,878,878,0
66315,1,1000,1000,0
24904,1,661,661,0
41333,1,737,737,0
51426,1,638,638,0
52795,1,657,657,0
51465,1,828,828,0
51474,1,681,681,0
65171,1,660,660,0
65567,1,883,883,0
67188,1,1011,1011,0
64001,1,700,700,0
64009,1,966,966,0
64020,1,737,737,0
64053,1,913,913,0
64097,1,880,880,0
64114,1,642,642,0
64137,1,709,709,0
64002,1,669,669,0
64007,1,672,672,0
64008,1,849,849,0
64017,1,746,746,0
64018,1,666,666,0
64019,1,677,677,0
64030,1,680,680,0
64031,1,650,650,0
64013,1,653,653,0
64021,1,645,645,0
64074,1,967,967,0
64105,1,742,742,0
64129,1,918,918,0
64135,1,659,659,0
64503,1,697,697,0
64046,1,649,649,0
64054,1,689,689,0
64056,1,699,699,0
64058,1,672,672,0
64061,1,704,704,0
64062,1,684,684,0
64065,1,635,635,0
64081,1,686,686,0
64072,1,648,648,0
64092,1,710,710,0
64095,1,692,692,0
64133,1,669,669,0
64134,1,650,650,0
64140,1,705,705,0
64142,1,662,662,0
64512,1,677,677,0
64093,1,667,667,0
64096,1,607,607,0
64098,1,727,727,0
64101,1,621,621,0
64103,1,674,674,0
64110,1,666,666,0
64122,1,690,690,0
64123,1,681,681,0
64127,1,656,656,0
64128,1,710,710,0
64136,1,697,697,0
64508,1,669,669,0
64509,1,695,695,0
64511,1,685,685,0
64513,1,662,662,0
64514,1,656,656,0
64138,1,685,685,0
64510,1,679,679,0
64529,1,634,634,0
64566,1,912,912,0
64578,1,675,675,0
64579,1,922,922,0
64767,1,663,663,0
64141,1,963,963,0
64143,1,951,951,0
64153,1,695,695,0
64154,1,676,676,0
64156,1,740,740,0
64158,1,676,676,0
64159,1,677,677,0
64160,1,827,827,0
64161,1,801,801,0
64162,1,660,660,0
64163,1,644,644,0
64164,1,745,745,0
64165,1,673,673,0
64170,1,677,677,0
64172,1,735,735,0
64173,1,651,651,0
64174,1,673,673,0
64244,1,650,650,0
64713,1,652,652,0
64723,1,823,823,0
64731,1,852,852,0
64841,1,680,680,0
64858,1,681,681,0
64897,1,689,689,0
64945,1,700,700,0
64265,1,659,659,0
64269,1,686,686,0
64271,1,769,769,0
64272,1,815,815,0
64275,1,837,837,0
64276,1,678,678,0
64277,1,649,649,0
64279,1,730,730,0
64280,1,679,679,0
64281,1,657,657,0
64287,1,733,733,0
64288,1,662,662,0
64289,1,698,698,0
64290,1,651,651,0
64292,1,712,712,0
64293,1,675,675,0
64294,1,850,850,0
64296,1,655,655,0
64297,1,682,682,0
64298,1,680,680,0
64300,1,608,608,0
64301,1,632,632,0
64304,1,651,651,0
64305,1,699,699,0
64306,1,703,703,0
64307,1,806,806,0
64309,1,687,687,0
64310,1,649,649,0
64515,1,673,673,0
64517,1,745,745,0
64520,1,676,676,0
64522,1,667,667,0
64523,1,677,677,0
64524,1,694,694,0
64533,1,683,683,0
64535,1,715,715,0
64516,1,653,653,0
64526,1,639,639,0
64532,1,662,662,0
64546,1,672,672,0
64570,1,682,682,0
64575,1,667,667,0
64795,1,815,815,0
64936,1,808,808,0
64537,1,643,643,0
64540,1,665,665,0
64542,1,626,626,0
64548,1,644,644,0
64549,1,675,675,0
64556,1,658,658,0
64573,1,639,639,0
64728,1,629,629,0
64544,1,799,799,0
64557,1,748,748,0
64959,1,737,737,0
64784,1,662,662,0
64798,1,661,661,0
64816,1,672,672,0
64831,1,651,651,0
64847,1,644,644,0
64962,1,630,630,0
64899,1,662,662,0
64973,1,735,735,0
22292,1,682,682,0
22440,1,682,682,0
22543,1,652,652,0
35205,1,689,689,0
35583,1,674,674,0
35608,1,650,650,0
35869,1,652,652,0
38317,1,669,669,0
22781,1,969,969,0
36109,1,674,674,0
36163,1,663,663,0
36758,1,655,655,0
37900,1,709,709,0
72331,1,661,661,0
72775,1,679,679,0
73728,1,691,691,0
36765,1,656,656,0
36909,1,936,936,0
37020,1,690,690,0
49688,1,696,696,0
72961,1,655,655,0
73001,1,653,653,0
74600,1,723,723,0
37008,1,847,847,0
38133,1,663,663,0
38237,1,880,880,0
38303,1,693,693,0
38349,1,702,702,0
74355,1,671,671,0
74588,1,664,664,0
37879,1,942,942,0
38266,1,655,655,0
38405,1,651,651,0
38479,1,811,811,0
38504,1,989,989,0
38543,1,833,833,0
38553,1,656,656,0
38593,1,761,761,0
38667,1,697,697,0
38682,1,652,652,0
38719,1,661,661,0
73729,1,691,691,0
73860,1,895,895,0
74511,1,692,692,0
74220,1,685,685,0
74670,1,664,664,0
74857,1,657,657,0
74779,1,651,651,0
22642,1,693,693,0
35157,1,660,660,0
35467,1,840,840,0
35581,1,668,668,0
36045,1,855,855,0
36207,1,663,663,0
36430,1,1027,1027,0
38079,1,680,680,0
38435,1,646,646,0
38548,1,696,696,0
21374,1,931,931,0
50783,1,712,712,0
61489,1,677,677,0
61990,1,664,664,0
39881,1,700,700,0
22155,1,642,642,0
35175,1,661,661,0
36249,1,662,662,0
37133,1,996,996,0
49380,1,723,723,0
49823,1,667,667,0
49992,1,660,660,0
74627,1,690,690,0
35974,1,869,869,0
37247,1,742,742,0
37274,1,673,673,0
37321,1,739,739,0
37389,1,676,676,0
37416,1,689,689,0
37458,1,672,672,0
36269,1,646,646,0
37505,1,878,878,0
37522,1,674,674,0
37751,1,669,669,0
37789,1,718,718,0
37851,1,656,656,0
37853,1,652,652,0
37861,1,648,648,0
36979,1,641,641,0
37374,1,898,898,0
37737,1,688,688,0
37960,1,701,701,0
49259,1,687,687,0
49757,1,645,645,0
49808,1,649,649,0
37594,1,873,873,0
38118,1,653,653,0
38155,1,743,743,0
38165,1,647,647,0
37873,1,658,658,0
37888,1,715,715,0
37903,1,719,719,0
37906,1,681,681,0
38014,1,684,684,0
38051,1,721,721,0
38235,1,670,670,0
38341,1,709,709,0
38378,1,643,643,0
38395,1,856,856,0
38400,1,668,668,0
38407,1,671,671,0
38427,1,867,867,0
38443,1,605,605,0
38505,1,765,765,0
38513,1,664,664,0
38615,1,659,659,0
38628,1,699,699,0
38635,1,649,649,0
38727,1,676,676,0
38754,1,688,688,0
38782,1,665,665,0
38786,1,708,708,0
38795,1,674,674,0
38678,1,905,905,0
49183,1,862,862,0
49193,1,672,672,0
49203,1,677,677,0
49414,1,655,655,0
73022,1,709,709,0
73090,1,656,656,0
38880,1,630,630,0
38891,1,662,662,0
38947,1,658,658,0
49182,1,691,691,0
49213,1,709,709,0
49582,1,582,582,0
49587,1,648,648,0
72137,1,633,633,0
49603,1,634,634,0
72435,1,662,662,0
73105,1,654,654,0
73325,1,633,633,0
73425,1,592,592,0
73494,1,706,706,0
73559,1,774,774,0
73621,1,715,715,0
73626,1,670,670,0
73164,1,633,633,0
73233,1,652,652,0
73700,1,699,699,0
22071,1,665,665,0
37779,1,848,848,0
37910,1,1037,1037,0
38140,1,995,995,0
38578,1,953,953,0
49574,1,724,724,0
35146,1,698,698,0
35339,1,663,663,0
35489,1,770,770,0
35565,1,705,705,0
35665,1,667,667,0
35687,1,684,684,0
35690,1,632,632,0
36396,1,696,696,0
35355,1,902,902,0
36881,1,704,704,0
36944,1,692,692,0
37399,1,734,734,0
37503,1,820,820,0
37608,1,665,665,0
72096,1,698,698,0
36434,1,649,649,0
36448,1,642,642,0
37042,1,652,652,0
37083,1,671,671,0
37266,1,655,655,0
37271,1,677,677,0
37438,1,651,651,0
73622,1,651,651,0
37148,1,659,659,0
37316,1,648,648,0
37542,1,645,645,0
37552,1,634,634,0
38227,1,654,654,0
72079,1,652,652,0
72272,1,673,673,0
72388,1,738,738,0
73720,1,741,741,0
74620,1,687,687,0
73799,1,656,656,0
73999,1,652,652,0
74085,1,962,962,0
74789,1,666,666,0
74674,1,659,659,0
49321,1,667,667,0
49732,1,820,820,0
20115,1,681,681,0
20358,1,679,679,0
20543,1,705,705,0
20614,1,688,688,0
20638,1,754,754,0
20642,1,672,672,0
20657,1,641,641,0
20686,1,667,667,0
20340,1,713,713,0
50170,1,918,918,0
50177,1,681,681,0
60929,1,618,618,0
60978,1,680,680,0
62071,1,779,779,0
62191,1,665,665,0
62337,1,698,698,0
20350,1,656,656,0
50057,1,681,681,0
50147,1,660,660,0
50769,1,689,689,0
50835,1,851,851,0
50862,1,670,670,0
61192,1,698,698,0
62299,1,694,694,0
20645,1,729,729,0
20661,1,660,660,0
20844,1,689,689,0
20864,1,657,657,0
21043,1,666,666,0
21277,1,694,694,0
21805,1,665,665,0
21847,1,708,708,0
21654,1,671,671,0
50079,1,714,714,0
50774,1,792,792,0
21691,1,973,973,0
21795,1,1007,1007,0
21889,1,775,775,0
50056,1,645,645,0
50068,1,817,817,0
50378,1,719,719,0
21951,1,615,615,0
50017,1,650,650,0
50799,1,639,639,0
50808,1,684,684,0
50826,1,678,678,0
50849,1,661,661,0
50887,1,629,629,0
60771,1,846,846,0
60818,1,704,704,0
61575,1,884,884,0
62412,1,656,656,0
61180,1,629,629,0
61190,1,683,683,0
61208,1,688,688,0
61183,1,682,682,0
61191,1,822,822,0
61202,1,731,731,0
61558,1,650,650,0
62417,1,642,642,0
62824,1,998,998,0
62975,1,663,663,0
20170,1,687,687,0
20202,1,654,654,0
20228,1,709,709,0
20256,1,678,678,0
20364,1,706,706,0
20369,1,658,658,0
20525,1,709,709,0
20572,1,676,676,0
20513,1,751,751,0
20605,1,687,687,0
20611,1,811,811,0
20654,1,919,919,0
20674,1,683,683,0
50446,1,686,686,0
60039,1,678,678,0
21213,1,668,668,0
21520,1,874,874,0
21613,1,1002,1002,0
21643,1,684,684,0
21668,1,935,935,0
50775,1,668,668,0
50782,1,624,624,0
21362,1,663,663,0
21569,1,833,833,0
50811,1,637,637,0
50818,1,701,701,0
50890,1,686,686,0
50893,1,692,692,0
50900,1,606,606,0
60190,1,655,655,0
21584,1,938,938,0
50781,1,654,654,0
50867,1,715,715,0
50898,1,733,733,0
50899,1,769,769,0
60195,1,741,741,0
61177,1,644,644,0
60141,1,941,941,0
60173,1,690,690,0
60188,1,923,923,0
60325,1,959,959,0
60705,1,689,689,0
60797,1,697,697,0
60804,1,666,666,0
60868,1,713,713,0
60883,1,646,646,0
60930,1,685,685,0
60999,1,695,695,0
61056,1,662,662,0
61165,1,644,644,0
61274,1,658,658,0
61541,1,623,623,0
60912,1,685,685,0
61673,1,1000,1000,0
62646,1,696,696,0
66,1,636,636,0
72,1,846,846,0
39924,1,681,681,0
63015,1,676,676,0
63627,1,663,663,0
63639,1,669,669,0
63647,1,693,693,0
63650,1,611,611,0
196,1,688,688,0
39371,1,680,680,0
39372,1,643,643,0
39628,1,777,777,0
63020,1,756,756,0
63523,1,659,659,0
63648,1,927,927,0
766,1,668,668,0
999,1,859,859,0
39896,1,645,645,0
39898,1,693,693,0
39902,1,728,728,0
39904,1,668,668,0
39907,1,709,709,0
39910,1,633,633,0
39070,1,682,682,0
63014,1,681,681,0
63016,1,974,974,0
63019,1,623,623,0
63022,1,732,732,0
63947,1,674,674,0
63960,1,967,967,0
39918,1,924,924,0
39934,1,942,942,0
39935,1,971,971,0
39936,1,819,819,0
39937,1,798,798,0
39938,1,769,769,0
63649,1,960,960,0
68368,1,925,925,0
17009,1,987,987,0
17015,1,641,641,0
68933,1,957,957,0
20079,1,649,649,0
20839,1,742,742,0
21842,1,638,638,0
60061,1,649,649,0
60152,1,662,662,0
60745,1,636,636,0
60748,1,665,665,0
60834,1,655,655,0
20106,1,644,644,0
21749,1,899,899,0
21814,1,688,688,0
50535,1,664,664,0
50732,1,971,971,0
60567,1,658,658,0
60790,1,684,684,0
20705,1,724,724,0
20707,1,641,641,0
20716,1,699,699,0
20755,1,912,912,0
20916,1,662,662,0
20957,1,713,713,0
21251,1,671,671,0
21361,1,641,641,0
21003,1,647,647,0
21034,1,657,657,0
21484,1,680,680,0
21517,1,685,685,0
21579,1,811,811,0
21588,1,641,641,0
21603,1,690,690,0
21634,1,697,697,0
61555,1,892,892,0
61760,1,641,641,0
22846,1,635,635,0
35024,1,686,686,0
35043,1,657,657,0
35538,1,848,848,0
35682,1,665,665,0
37712,1,644,644,0
38263,1,629,629,0
38862,1,637,637,0
35729,1,838,838,0
36001,1,909,909,0
36114,1,695,695,0
36243,1,799,799,0
36324,1,721,721,0
36745,1,674,674,0
38281,1,640,640,0
74370,1,861,861,0
3176,1,649,649,0
8043,1,657,657,0
8867,1,705,705,0
56572,1,793,793,0
16275,1,809,809,0
23837,1,648,648,0
23839,1,682,682,0
26465,1,810,810,0
26483,1,674,674,0
33086,1,696,696,0
28212,1,804,804,0
31105,1,658,658,0
31116,1,662,662,0
31117,1,788,788,0
31499,1,657,657,0
31502,1,633,633,0
34204,1,690,690,0
44077,1,673,673,0
47240,1,963,963,0
32071,1,693,693,0
32193,1,623,623,0
32342,1,650,650,0
32346,1,629,629,0
32347,1,638,638,0
32354,1,671,671,0
33120,1,751,751,0
33655,1,685,685,0
44095,1,947,947,0
44512,1,674,674,0
44532,1,684,684,0
44784,1,667,667,0
45637,1,668,668,0
45648,1,716,716,0
45651,1,619,619,0
45669,1,754,754,0
46077,1,812,812,0
58009,1,694,694,0
58570,1,687,687,0
58578,1,646,646,0
58592,1,659,659,0
57349,1,640,640,0
57672,1,716,716,0
57686,1,655,655,0
59732,1,665,665,0
59209,1,727,727,0
3057,1,671,671,0
3060,1,654,654,0
3823,1,647,647,0
8045,1,659,659,0
16119,1,686,686,0
16121,1,679,679,0
16126,1,664,664,0
23027,1,620,620,0
6198,1,697,697,0
6208,1,726,726,0
6221,1,718,718,0
6333,1,630,630,0
6348,1,662,662,0
14398,1,704,704,0
14473,1,659,659,0
7406,1,689,689,0
7418,1,698,698,0
48125,1,756,756,0
54259,1,678,678,0
54950,1,685,685,0
54951,1,676,676,0
54960,1,788,788,0
27147,1,854,854,0
28091,1,664,664,0
28094,1,682,682,0
28095,1,841,841,0
33178,1,730,730,0
33183,1,744,744,0
33649,1,677,677,0
29660,1,727,727,0
29672,1,649,649,0
29680,1,667,667,0
29684,1,697,697,0
29699,1,684,684,0
29715,1,667,667,0
29726,1,918,918,0
30741,1,640,640,0
30743,1,653,653,0
30748,1,706,706,0
30783,1,637,637,0
30808,1,656,656,0
30823,1,682,682,0
32344,1,680,680,0
31118,1,859,859,0
32898,1,705,705,0
34128,1,925,925,0
34129,1,640,640,0
34145,1,672,672,0
34315,1,682,682,0
55209,1,928,928,0
55229,1,724,724,0
55454,1,635,635,0
59790,1,850,850,0
59961,1,664,664,0
15445,1,656,656,0
23717,1,708,708,0
29342,1,920,920,0
29647,1,656,656,0
29656,1,890,890,0
29658,1,670,670,0
29659,1,686,686,0
23782,1,832,832,0
23829,1,797,797,0
26796,1,674,674,0
26808,1,679,679,0
30856,1,724,724,0
31474,1,667,667,0
31476,1,640,640,0
31479,1,688,688,0
26160,1,776,776,0
31080,1,744,744,0
31508,1,860,860,0
44134,1,642,642,0
44136,1,785,785,0
44137,1,650,650,0
45620,1,744,744,0
26693,1,681,681,0
26718,1,728,728,0
26812,1,683,683,0
26864,1,766,766,0
26874,1,650,650,0
31047,1,654,654,0
31062,1,695,695,0
31063,1,782,782,0
26757,1,667,667,0
26760,1,703,703,0
26793,1,626,626,0
31046,1,975,975,0
31064,1,679,679,0
31070,1,732,732,0
31074,1,713,713,0
43176,1,655,655,0
43178,1,679,679,0
43307,1,779,779,0
46080,1,931,931,0
46880,1,675,675,0
58095,1,729,729,0
59187,1,699,699,0
43281,1,668,668,0
43517,1,685,685,0
43524,1,659,659,0
45739,1,687,687,0
46043,1,913,913,0
46067,1,685,685,0
46076,1,824,824,0
1033,1,650,650,0
1037,1,644,644,0
7591,1,665,665,0
7641,1,672,672,0
7650,1,652,652,0
46629,1,687,687,0
53310,1,679,679,0
56257,1,686,686,0
1049,1,655,655,0
1053,1,674,674,0
1055,1,656,656,0
1057,1,954,954,0
1061,1,703,703,0
1110,1,670,670,0
16212,1,651,651,0
16218,1,689,689,0
1291,1,948,948,0
1760,1,676,676,0
1767,1,666,666,0
1782,1,703,703,0
3042,1,715,715,0
3088,1,630,630,0
3091,1,683,683,0
3139,1,701,701,0
2971,1,903,903,0
4186,1,739,739,0
4188,1,666,666,0
6185,1,681,681,0
6186,1,704,704,0
6189,1,671,671,0
6193,1,708,708,0
6194,1,681,681,0
3682,1,666,666,0
3683,1,682,682,0
4730,1,675,675,0
8269,1,680,680,0
8287,1,727,727,0
16317,1,683,683,0
16321,1,708,708,0
16742,1,854,854,0
7006,1,734,734,0
15105,1,722,722,0
15130,1,681,681,0
23786,1,683,683,0
23804,1,620,620,0
23820,1,634,634,0
23824,1,668,668,0
23832,1,667,667,0
7512,1,1017,1017,0
7531,1,699,699,0
7558,1,698,698,0
46659,1,644,644,0
46707,1,680,680,0
48734,1,687,687,0
57643,1,676,676,0
12219,1,859,859,0
26162,1,675,675,0
26164,1,690,690,0
30987,1,696,696,0
31409,1,671,671,0
31410,1,705,705,0
31416,1,690,690,0
31500,1,752,752,0
12371,1,723,723,0
12488,1,678,678,0
12959,1,816,816,0
15574,1,677,677,0
15580,1,665,665,0
15721,1,816,816,0
32185,1,651,651,0
32186,1,642,642,0
12566,1,645,645,0
12569,1,973,973,0
12571,1,791,791,0
15144,1,800,800,0
15156,1,661,661,0
29701,1,1011,1011,0
32059,1,642,642,0
15047,1,701,701,0
23791,1,706,706,0
26455,1,699,699,0
26505,1,674,674,0
30023,1,924,924,0
30049,1,643,643,0
30068,1,665,665,0
30425,1,629,629,0
2956,1,668,668,0
19028,1,622,622,0
19082,1,856,856,0
19139,1,652,652,0
19161,1,708,708,0
19231,1,834,834,0
19307,1,696,696,0
52022,1,685,685,0
66915,1,675,675,0
24302,1,638,638,0
24307,1,781,781,0
40090,1,940,940,0
40627,1,646,646,0
40809,1,942,942,0
65217,1,680,680,0
65260,1,653,653,0
24466,1,613,613,0
24612,1,680,680,0
40881,1,647,647,0
41368,1,605,605,0
52492,1,649,649,0
52739,1,717,717,0
76512,1,943,943,0
76606,1,651,651,0
65247,1,774,774,0
65267,1,740,740,0
65356,1,982,982,0
65418,1,634,634,0
65422,1,820,820,0
65429,1,711,711,0
65438,1,617,617,0
65276,1,674,674,0
65397,1,686,686,0
65434,1,750,750,0
65446,1,675,675,0
67794,1,674,674,0
67795,1,708,708,0
65426,1,944,944,0
66390,1,670,670,0
67005,1,663,663,0
65459,1,699,699,0
65487,1,855,855,0
65499,1,673,673,0
66989,1,699,699,0
76036,1,678,678,0
18924,1,658,658,0
40601,1,651,651,0
41211,1,676,676,0
41800,1,737,737,0
52551,1,676,676,0
52728,1,635,635,0
52733,1,654,654,0
65254,1,685,685,0
19423,1,713,713,0
19759,1,662,662,0
40470,1,640,640,0
40565,1,678,678,0
40609,1,682,682,0
51536,1,843,843,0
52414,1,650,650,0
65143,1,657,657,0
40172,1,856,856,0
40322,1,639,639,0
40770,1,757,757,0
40854,1,636,636,0
51311,1,818,818,0
51754,1,620,620,0
51766,1,791,791,0
40270,1,628,628,0
40995,1,671,671,0
51283,1,623,623,0
51430,1,674,674,0
51707,1,661,661,0
52611,1,805,805,0
52862,1,681,681,0
65749,1,660,660,0
51923,1,712,712,0
52002,1,942,942,0
52007,1,957,957,0
65476,1,723,723,0
67167,1,645,645,0
67198,1,699,699,0
65867,1,688,688,0
66258,1,688,688,0
67301,1,654,654,0
67691,1,725,725,0
76164,1,727,727,0
726,1,648,648,0
39100,1,889,889,0
39311,1,673,673,0
39451,1,975,975,0
39463,1,817,817,0
39541,1,701,701,0
39645,1,734,734,0
985,1,671,671,0
990,1,623,623,0
991,1,666,666,0
39581,1,935,935,0
39809,1,950,950,0
39841,1,872,872,0
39882,1,982,982,0
995,1,687,687,0
39030,1,952,952,0
39049,1,666,666,0
39051,1,685,685,0
63520,1,631,631,0
63663,1,667,667,0
63739,1,665,665,0
39595,1,701,701,0
39598,1,727,727,0
39811,1,899,899,0
39819,1,667,667,0
39827,1,690,690,0
39906,1,648,648,0
39969,1,692,692,0
39976,1,618,618,0
39808,1,751,751,0
39813,1,629,629,0
39817,1,774,774,0
39818,1,725,725,0
39820,1,709,709,0
39821,1,656,656,0
39824,1,685,685,0
39829,1,641,641,0
39810,1,743,743,0
39812,1,670,670,0
39822,1,653,653,0
39823,1,693,693,0
39890,1,699,699,0
68364,1,788,788,0
68365,1,939,939,0
39814,1,741,741,0
39815,1,638,638,0
39816,1,668,668,0
39825,1,846,846,0
39826,1,703,703,0
39828,1,810,810,0
39833,1,662,662,0
39830,1,665,665,0
39831,1,715,715,0
39832,1,663,663,0
39834,1,677,677,0
39835,1,679,679,0
39837,1,670,670,0
39838,1,678,678,0
39839,1,717,717,0
39836,1,805,805,0
39840,1,820,820,0
39970,1,677,677,0
63003,1,681,681,0
39845,1,646,646,0
39846,1,682,682,0
63151,1,950,950,0
63183,1,693,693,0
68370,1,695,695,0
63373,1,699,699,0
63622,1,652,652,0
63656,1,672,672,0
63685,1,754,754,0
68310,1,864,864,0
68316,1,637,637,0
68318,1,669,669,0
63777,1,986,986,0
63834,1,685,685,0
63812,1,906,906,0
68105,1,919,919,0
68321,1,790,790,0
185,1,693,693,0
199,1,664,664,0
235,1,651,651,0
317,1,688,688,0
334,1,740,740,0
455,1,615,615,0
790,1,689,689,0
39690,1,788,788,0
787,1,756,756,0
17007,1,788,788,0
17491,1,684,684,0
17820,1,643,643,0
68046,1,673,673,0
68072,1,903,903,0
68110,1,677,677,0
68115,1,646,646,0
68119,1,745,745,0
68149,1,657,657,0
68803,1,673,673,0
68372,1,669,669,0
17246,1,910,910,0
39085,1,726,726,0
39150,1,692,692,0
39360,1,653,653,0
63749,1,707,707,0
63761,1,898,898,0
63771,1,653,653,0
17282,1,792,792,0
17711,1,671,671,0
39264,1,633,633,0
38371,1,662,662,0
38418,1,680,680,0
38445,1,704,704,0
38465,1,660,660,0
38450,1,663,663,0
49795,1,649,649,0
72617,1,702,702,0
74356,1,811,811,0
73122,1,668,668,0
73137,1,661,661,0
73142,1,667,667,0
73152,1,654,654,0
73174,1,676,676,0
73189,1,662,662,0
73166,1,690,690,0
73210,1,768,768,0
73222,1,665,665,0
73235,1,689,689,0
73196,1,706,706,0
73201,1,641,641,0
73218,1,677,677,0
73221,1,819,819,0
73226,1,814,814,0
73466,1,774,774,0
73498,1,705,705,0
73508,1,652,652,0
73518,1,665,665,0
73540,1,690,690,0
73470,1,663,663,0
73475,1,710,710,0
73487,1,664,664,0
73502,1,736,736,0
73539,1,651,651,0
73514,1,673,673,0
73531,1,657,657,0
73536,1,730,730,0
73556,1,816,816,0
73565,1,877,877,0
73516,1,686,686,0
73533,1,689,689,0
73613,1,663,663,0
73645,1,687,687,0
73573,1,718,718,0
73578,1,753,753,0
49136,1,664,664,0
49173,1,962,962,0
49200,1,972,972,0
49247,1,771,771,0
49309,1,747,747,0
49319,1,949,949,0
49257,1,618,618,0
49262,1,680,680,0
49267,1,680,680,0
49324,1,657,657,0
49396,1,739,739,0
49408,1,702,702,0
49419,1,1002,1002,0
49426,1,882,882,0
49429,1,677,677,0
49435,1,657,657,0
49445,1,657,657,0
49573,1,654,654,0
49578,1,676,676,0
49593,1,697,697,0
49615,1,695,695,0
49635,1,630,630,0
49640,1,661,661,0
73003,1,958,958,0
73018,1,713,713,0
73039,1,904,904,0
73045,1,648,648,0
73054,1,672,672,0
73066,1,926,926,0
73079,1,655,655,0
73237,1,812,812,0
73247,1,730,730,0
73262,1,653,653,0
73277,1,688,688,0
73331,1,665,665,0
73341,1,633,633,0
73346,1,684,684,0
73436,1,1013,1013,0
73465,1,651,651,0
73562,1,653,653,0
73566,1,657,657,0
73568,1,739,739,0
73683,1,683,683,0
73710,1,668,668,0
73747,1,837,837,0
73764,1,806,806,0
73915,1,634,634,0
74876,1,682,682,0
73784,1,860,860,0
74276,1,660,660,0
74572,1,685,685,0
74801,1,912,912,0
74919,1,915,915,0
38048,1,652,652,0
73037,1,645,645,0
73041,1,658,658,0
73044,1,892,892,0
73047,1,644,644,0
73062,1,685,685,0
73083,1,633,633,0
73084,1,687,687,0
49460,1,647,647,0
49464,1,983,983,0
49482,1,652,652,0
49501,1,942,942,0
49505,1,644,644,0
49512,1,644,644,0
49529,1,662,662,0
73011,1,680,680,0
73051,1,712,712,0
73073,1,653,653,0
73078,1,628,628,0
73093,1,650,650,0
73119,1,819,819,0
73157,1,665,665,0
73183,1,704,704,0
73029,1,643,643,0
73036,1,665,665,0
73056,1,659,659,0
73076,1,705,705,0
73077,1,659,659,0
73091,1,657,657,0
73097,1,671,671,0
73124,1,657,657,0
73104,1,715,715,0
73111,1,841,841,0
73114,1,706,706,0
73116,1,870,870,0
73121,1,770,770,0
73153,1,670,670,0
73158,1,690,690,0
73200,1,637,637,0
73203,1,698,698,0
73208,1,672,672,0
73214,1,657,657,0
73219,1,672,672,0
73224,1,639,639,0
73229,1,692,692,0
73310,1,661,661,0
73244,1,794,794,0
73248,1,685,685,0
73279,1,708,708,0
73285,1,614,614,0
73291,1,729,729,0
73317,1,640,640,0
73348,1,846,846,0
73357,1,698,698,0
22040,1,840,840,0
22408,1,746,746,0
35203,1,686,686,0
35418,1,678,678,0
36155,1,867,867,0
37517,1,619,619,0
37996,1,648,648,0
35572,1,786,786,0
35757,1,763,763,0
36127,1,763,763,0
36157,1,634,634,0
36174,1,736,736,0
37002,1,826,826,0
37173,1,691,691,0
36006,1,669,669,0
72145,1,773,773,0
72303,1,925,925,0
72365,1,665,665,0
72397,1,693,693,0
73469,1,621,621,0
73639,1,680,680,0
73649,1,657,657,0
38182,1,777,777,0
38360,1,633,633,0
38458,1,642,642,0
38617,1,658,658,0
38622,1,658,658,0
38641,1,672,672,0
38681,1,697,697,0
38687,1,676,676,0
72056,1,767,767,0
72217,1,727,727,0
73256,1,706,706,0
73369,1,900,900,0
73380,1,687,687,0
73392,1,640,640,0
73393,1,762,762,0
73448,1,613,613,0
73473,1,621,621,0
73478,1,653,653,0
73488,1,659,659,0
73509,1,861,861,0
73530,1,644,644,0
73535,1,667,667,0
73542,1,644,644,0
37753,1,699,699,0
37954,1,970,970,0
38028,1,666,666,0
38033,1,699,699,0
38075,1,633,633,0
38095,1,668,668,0
38142,1,667,667,0
38319,1,676,676,0
37774,1,673,673,0
37935,1,647,647,0
37963,1,652,652,0
37998,1,739,739,0
38024,1,643,643,0
38025,1,718,718,0
38059,1,707,707,0
38066,1,674,674,0
38707,1,652,652,0
38716,1,647,647,0
38773,1,661,661,0
38789,1,675,675,0
38802,1,816,816,0
38894,1,686,686,0
38898,1,663,663,0
38915,1,651,651,0
38953,1,780,780,0
49189,1,679,679,0
49199,1,698,698,0
49534,1,627,627,0
49559,1,699,699,0
49562,1,864,864,0
49599,1,660,660,0
49601,1,755,755,0
49600,1,696,696,0
49602,1,676,676,0
49605,1,780,780,0
49607,1,665,665,0
49610,1,647,647,0
49620,1,829,829,0
49625,1,693,693,0
73407,1,720,720,0
73417,1,678,678,0
73474,1,688,688,0
73485,1,772,772,0
73506,1,703,703,0
73507,1,854,854,0
73512,1,913,913,0
22012,1,673,673,0
22024,1,740,740,0
22044,1,661,661,0
22061,1,664,664,0
37939,1,690,690,0
38324,1,720,720,0
38356,1,668,668,0
38361,1,654,654,0
22025,1,668,668,0
35849,1,704,704,0
35937,1,995,995,0
36757,1,784,784,0
37444,1,717,717,0
38130,1,950,950,0
38097,1,880,880,0
38134,1,892,892,0
38297,1,889,889,0
38147,1,666,666,0
38204,1,697,697,0
38236,1,654,654,0
38241,1,684,684,0
38246,1,687,687,0
38283,1,715,715,0
38288,1,629,629,0
38315,1,656,656,0
38340,1,686,686,0
49111,1,678,678,0
49121,1,642,642,0
49188,1,633,633,0
49205,1,644,644,0
49210,1,685,685,0
49215,1,679,679,0
49225,1,644,644,0
49356,1,708,708,0
49392,1,655,655,0
49412,1,711,711,0
49491,1,643,643,0
49531,1,622,622,0
49533,1,630,630,0
49541,1,641,641,0
49546,1,680,680,0
49387,1,645,645,0
49406,1,670,670,0
49417,1,654,654,0
49424,1,641,641,0
49439,1,671,671,0
49454,1,749,749,0
49461,1,667,667,0
49511,1,693,693,0
74341,1,660,660,0
74460,1,751,751,0
74769,1,693,693,0
74461,1,716,716,0
37816,1,867,867,0
37859,1,686,686,0
38115,1,750,750,0
38239,1,643,643,0
38255,1,791,791,0
38769,1,689,689,0
38776,1,672,672,0
49440,1,855,855,0
49455,1,894,894,0
49552,1,654,654,0
49628,1,704,704,0
73028,1,656,656,0
73033,1,699,699,0
73075,1,672,672,0
73127,1,842,842,0
73128,1,640,640,0
73130,1,765,765,0
73138,1,700,700,0
73144,1,652,652,0
73180,1,656,656,0
73184,1,809,809,0
73216,1,649,649,0
73172,1,672,672,0
73249,1,662,662,0
73315,1,656,656,0
73377,1,649,649,0
73382,1,685,685,0
73404,1,691,691,0
73424,1,667,667,0
73446,1,662,662,0
73234,1,953,953,0
73259,1,961,961,0
73290,1,856,856,0
73312,1,670,670,0
73322,1,852,852,0
73342,1,640,640,0
73421,1,719,719,0
73358,1,665,665,0
73385,1,652,652,0
73395,1,694,694,0
73415,1,675,675,0
73432,1,716,716,0
73442,1,652,652,0
73462,1,639,639,0
73467,1,643,643,0
3685,1,659,659,0
3686,1,667,667,0
8303,1,671,671,0
8305,1,688,688,0
8306,1,644,644,0
16049,1,671,671,0
16050,1,783,783,0
27019,1,647,647,0
5352,1,715,715,0
5888,1,677,677,0
5899,1,665,665,0
5900,1,865,865,0
8304,1,650,650,0
15676,1,675,675,0
29565,1,912,912,0
27020,1,682,682,0
27021,1,700,700,0
27022,1,775,775,0
27073,1,662,662,0
27081,1,671,671,0
29349,1,664,664,0
33223,1,621,621,0
33228,1,683,683,0
33229,1,642,642,0
33582,1,639,639,0
33583,1,654,654,0
29538,1,664,664,0
29540,1,699,699,0
29591,1,644,644,0
29620,1,735,735,0
29646,1,651,651,0
30926,1,641,641,0
30927,1,706,706,0
30937,1,871,871,0
30939,1,765,765,0
32675,1,940,940,0
32866,1,639,639,0
32067,1,645,645,0
32690,1,671,671,0
32708,1,642,642,0
32716,1,667,667,0
32719,1,669,669,0
32703,1,691,691,0
32722,1,779,779,0
33590,1,658,658,0
34251,1,661,661,0
34253,1,634,634,0
12251,1,747,747,0
26421,1,696,696,0
26430,1,690,690,0
33093,1,677,677,0
33095,1,648,648,0
32099,1,947,947,0
32101,1,735,735,0
33085,1,614,614,0
33091,1,831,831,0
32877,1,771,771,0
34250,1,731,731,0
34252,1,989,989,0
34261,1,719,719,0
32995,1,665,665,0
45506,1,675,675,0
46605,1,662,662,0
44471,1,674,674,0
44656,1,651,651,0
44661,1,662,662,0
44686,1,792,792,0
44665,1,677,677,0
44897,1,688,688,0
44906,1,665,665,0
44687,1,896,896,0
44793,1,675,675,0
44904,1,620,620,0
44905,1,694,694,0
44908,1,685,685,0
47022,1,642,642,0
48474,1,717,717,0
48475,1,700,700,0
58545,1,711,711,0
58664,1,687,687,0
57281,1,664,664,0
57389,1,616,616,0
57471,1,682,682,0
58804,1,652,652,0
59027,1,652,652,0
59707,1,697,697,0
59708,1,666,666,0
59727,1,671,671,0
59744,1,669,669,0
59749,1,660,660,0
59866,1,656,656,0
59867,1,622,622,0
59868,1,682,682,0
6925,1,676,676,0
6926,1,659,659,0
6927,1,693,693,0
6928,1,945,945,0
13780,1,735,735,0
13783,1,762,762,0
13793,1,731,731,0
9242,1,793,793,0
9243,1,821,821,0
9244,1,680,680,0
9246,1,680,680,0
13797,1,685,685,0
13798,1,675,675,0
13801,1,701,701,0
13803,1,664,664,0
13804,1,663,663,0
13807,1,816,816,0
13809,1,638,638,0
13811,1,678,678,0
15704,1,669,669,0
15706,1,754,754,0
15708,1,664,664,0
15709,1,647,647,0
23590,1,666,666,0
23718,1,683,683,0
32876,1,673,673,0
32890,1,665,665,0
32896,1,680,680,0
33052,1,1007,1007,0
33098,1,837,837,0
43097,1,652,652,0
43099,1,679,679,0
43107,1,694,694,0
43112,1,665,665,0
48669,1,629,629,0
55479,1,677,677,0
55489,1,664,664,0
55504,1,768,768,0
59025,1,776,776,0
59034,1,665,665,0
56504,1,944,944,0
57299,1,923,923,0
57425,1,694,694,0
56506,1,658,658,0
58822,1,723,723,0
3594,1,774,774,0
3595,1,686,686,0
8325,1,693,693,0
8328,1,620,620,0
8329,1,658,658,0
8340,1,699,699,0
8341,1,667,667,0
9234,1,739,739,0
9235,1,654,654,0
9236,1,690,690,0
9237,1,831,831,0
9238,1,638,638,0
9239,1,672,672,0
9241,1,774,774,0
13779,1,887,887,0
14565,1,669,669,0
14566,1,682,682,0
14567,1,681,681,0
14568,1,659,659,0
13812,1,688,688,0
13813,1,693,693,0
13814,1,637,637,0
13874,1,667,667,0
14123,1,664,664,0
14230,1,780,780,0
26547,1,803,803,0
55021,1,888,888,0
57519,1,847,847,0
30864,1,700,700,0
31946,1,655,655,0
31952,1,653,653,0
31953,1,692,692,0
31955,1,647,647,0
31971,1,689,689,0
31969,1,706,706,0
31970,1,662,662,0
31974,1,628,628,0
31975,1,684,684,0
31976,1,818,818,0
31977,1,682,682,0
31980,1,733,733,0
58693,1,658,658,0
58802,1,616,616,0
58803,1,760,760,0
58806,1,726,726,0
58807,1,726,726,0
58808,1,651,651,0
7119,1,627,627,0
7124,1,862,862,0
7130,1,681,681,0
7150,1,764,764,0
7158,1,636,636,0
7159,1,645,645,0
7160,1,818,818,0
7389,1,665,665,0
26540,1,694,694,0
34788,1,815,815,0
44504,1,633,633,0
46004,1,664,664,0
46024,1,702,702,0
7540,1,837,837,0
56497,1,644,644,0
56498,1,667,667,0
56499,1,641,641,0
56500,1,680,680,0
56502,1,665,665,0
56503,1,686,686,0
56505,1,686,686,0
7681,1,665,665,0
7949,1,669,669,0
7950,1,882,882,0
13043,1,852,852,0
54744,1,674,674,0
55019,1,841,841,0
55039,1,664,664,0
32437,1,671,671,0
43854,1,668,668,0
45805,1,777,777,0
45815,1,664,664,0
48267,1,688,688,0
48276,1,680,680,0
54575,1,700,700,0
54742,1,674,674,0
47812,1,694,694,0
48244,1,791,791,0
48260,1,661,661,0
48269,1,906,906,0
48272,1,689,689,0
48275,1,646,646,0
48278,1,629,629,0
54083,1,838,838,0
54561,1,788,788,0
54743,1,656,656,0
54811,1,834,834,0
54880,1,657,657,0
54986,1,696,696,0
54282,1,686,686,0
57924,1,655,655,0
57938,1,893,893,0
55055,1,656,656,0
55100,1,994,994,0
55279,1,684,684,0
55307,1,912,912,0
55350,1,653,653,0
55487,1,692,692,0
55488,1,667,667,0
5260,1,879,879,0
5263,1,665,665,0
5285,1,631,631,0
5287,1,668,668,0
5288,1,646,646,0
5289,1,697,697,0
5290,1,654,654,0
5291,1,681,681,0
5308,1,664,664,0
5309,1,707,707,0
5310,1,681,681,0
5314,1,696,696,0
5321,1,908,908,0
5323,1,620,620,0
5324,1,703,703,0
5326,1,662,662,0
5312,1,681,681,0
5313,1,652,652,0
5320,1,747,747,0
5325,1,661,661,0
5327,1,685,685,0
5335,1,657,657,0
5341,1,667,667,0
5345,1,640,640,0
5322,1,833,833,0
5882,1,930,930,0
5885,1,657,657,0
5891,1,682,682,0
5902,1,702,702,0
5917,1,836,836,0
8196,1,628,628,0
5336,1,698,698,0
5337,1,660,660,0
5338,1,618,618,0
5342,1,670,670,0
5343,1,688,688,0
5347,1,644,644,0
5348,1,673,673,0
5354,1,837,837,0
5356,1,674,674,0
5868,1,662,662,0
5886,1,702,702,0
5889,1,788,788,0
5892,1,698,698,0
5894,1,672,672,0
5918,1,656,656,0
5925,1,611,611,0
7014,1,670,670,0
12028,1,689,689,0
12100,1,704,704,0
12101,1,662,662,0
12102,1,674,674,0
12103,1,671,671,0
12104,1,697,697,0
12105,1,694,694,0
9240,1,633,633,0
12049,1,631,631,0
23703,1,673,673,0
23704,1,659,659,0
23705,1,663,663,0
23706,1,687,687,0
29553,1,680,680,0
29572,1,979,979,0
12050,1,680,680,0
15282,1,948,948,0
15286,1,747,747,0
15290,1,859,859,0
15330,1,677,677,0
15343,1,714,714,0
15547,1,967,967,0
12051,1,661,661,0
12053,1,660,660,0
12099,1,658,658,0
12246,1,665,665,0
15257,1,644,644,0
15265,1,627,627,0
15275,1,663,663,0
15294,1,661,661,0
12068,1,769,769,0
12305,1,658,658,0
12322,1,628,628,0
12779,1,959,959,0
12782,1,822,822,0
12805,1,685,685,0
12962,1,662,662,0
12080,1,612,612,0
12081,1,656,656,0
12083,1,665,665,0
12086,1,662,662,0
12088,1,684,684,0
12097,1,701,701,0
12238,1,667,667,0
12239,1,671,671,0
12082,1,715,715,0
12085,1,678,678,0
12087,1,631,631,0
12093,1,681,681,0
12094,1,785,785,0
12095,1,621,621,0
12096,1,638,638,0
12098,1,663,663,0
12241,1,604,604,0
12248,1,696,696,0
12778,1,715,715,0
12785,1,666,666,0
12786,1,705,705,0
12794,1,648,648,0
12808,1,666,666,0
12809,1,803,803,0
12242,1,641,641,0
12243,1,693,693,0
12244,1,688,688,0
12304,1,711,711,0
12784,1,655,655,0
12788,1,663,663,0
12789,1,779,779,0
12790,1,652,652,0
12276,1,704,704,0
12277,1,819,819,0
12292,1,688,688,0
12981,1,755,755,0
13000,1,764,764,0
15104,1,694,694,0
15109,1,698,698,0
12279,1,712,712,0
12283,1,655,655,0
12852,1,657,657,0
12963,1,994,994,0
12964,1,676,676,0
12977,1,751,751,0
12978,1,662,662,0
12781,1,654,654,0
12783,1,843,843,0
12787,1,785,785,0
12791,1,795,795,0
12795,1,701,701,0
12807,1,667,667,0
12817,1,683,683,0
12853,1,634,634,0
15356,1,696,696,0
15461,1,663,663,0
15544,1,686,686,0
23707,1,708,708,0
29377,1,915,915,0
29522,1,659,659,0
29580,1,764,764,0
12973,1,723,723,0
15116,1,719,719,0
15322,1,740,740,0
23768,1,642,642,0
26427,1,936,936,0
26737,1,798,798,0
26738,1,667,667,0
12975,1,665,665,0
12980,1,685,685,0
12984,1,673,673,0
12987,1,669,669,0
12988,1,739,739,0
12998,1,712,712,0
15176,1,882,882,0
12982,1,672,672,0
12983,1,627,627,0
12985,1,803,803,0
12986,1,750,750,0
12989,1,662,662,0
12995,1,647,647,0
12996,1,664,664,0
12999,1,669,669,0
13871,1,703,703,0
14424,1,699,699,0
57926,1,734,734,0
57933,1,659,659,0
57942,1,663,663,0
57943,1,686,686,0
57945,1,626,626,0
14430,1,1016,1016,0
15112,1,641,641,0
15114,1,675,675,0
15120,1,863,863,0
26638,1,655,655,0
26640,1,641,641,0
26678,1,700,700,0
26682,1,664,664,0
26683,1,671,671,0
15119,1,660,660,0
15208,1,653,653,0
15508,1,633,633,0
15519,1,674,674,0
15667,1,794,794,0
15668,1,960,960,0
15705,1,953,953,0
15183,1,777,777,0
15204,1,730,730,0
15510,1,641,641,0
15666,1,710,710,0
15672,1,788,788,0
15674,1,686,686,0
15675,1,949,949,0
15546,1,665,665,0
15549,1,779,779,0
29364,1,778,778,0
29366,1,840,840,0
29410,1,666,666,0
29521,1,691,691,0
29537,1,749,749,0
15548,1,768,768,0
29369,1,818,818,0
29378,1,694,694,0
29534,1,687,687,0
29541,1,719,719,0
29542,1,709,709,0
29574,1,670,670,0
15696,1,910,910,0
15697,1,851,851,0
15699,1,607,607,0
15703,1,641,641,0
15707,1,948,948,0
15710,1,661,661,0
15712,1,654,654,0
26644,1,956,956,0
26650,1,967,967,0
26675,1,806,806,0
26702,1,771,771,0
26704,1,668,668,0
30938,1,811,811,0
34205,1,719,719,0
27492,1,887,887,0
27493,1,665,665,0
32618,1,790,790,0
32633,1,915,915,0
32643,1,648,648,0
32666,1,681,681,0
32673,1,678,678,0
32679,1,692,692,0
32681,1,761,761,0
34983,1,666,666,0
44667,1,871,871,0
44796,1,776,776,0
44844,1,953,953,0
47222,1,650,650,0
47367,1,667,667,0
43812,1,685,685,0
43814,1,664,664,0
43930,1,675,675,0
43999,1,701,701,0
44945,1,676,676,0
58103,1,688,688,0
58363,1,675,675,0
58368,1,619,619,0
1441,1,652,652,0
1450,1,704,704,0
1461,1,729,729,0
1475,1,667,667,0
1480,1,712,712,0
6017,1,669,669,0
16074,1,781,781,0
27482,1,663,663,0
4280,1,637,637,0
10425,1,867,867,0
13765,1,694,694,0
13781,1,659,659,0
13782,1,845,845,0
13784,1,683,683,0
13787,1,958,958,0
5286,1,759,759,0
5311,1,701,701,0
5318,1,656,656,0
5319,1,662,662,0
5333,1,848,848,0
5339,1,683,683,0
5340,1,667,667,0
5353,1,675,675,0
5358,1,607,607,0
5880,1,698,698,0
5881,1,747,747,0
5883,1,651,651,0
5884,1,896,896,0
5887,1,675,675,0
5893,1,661,661,0
5915,1,703,703,0
5919,1,938,938,0
5920,1,938,938,0
5921,1,639,639,0
5922,1,635,635,0
5923,1,679,679,0
7964,1,620,620,0
13707,1,633,633,0
13788,1,660,660,0
13792,1,646,646,0
13800,1,673,673,0
13805,1,649,649,0
13808,1,968,968,0
13815,1,897,897,0
13866,1,675,675,0
27483,1,750,750,0
27484,1,647,647,0
27486,1,643,643,0
27487,1,656,656,0
27488,1,763,763,0
27489,1,658,658,0
27490,1,664,664,0
27491,1,854,854,0
7088,1,658,658,0
7108,1,723,723,0
12154,1,712,712,0
12234,1,683,683,0
26773,1,809,809,0
30844,1,826,826,0
30847,1,645,645,0
7091,1,659,659,0
7104,1,937,937,0
7105,1,655,655,0
7107,1,640,640,0
12155,1,635,635,0
12165,1,650,650,0
12200,1,650,650,0
12201,1,886,886,0
7106,1,672,672,0
31482,1,673,673,0
31948,1,623,623,0
34785,1,670,670,0
34787,1,716,716,0
34986,1,635,635,0
44446,1,719,719,0
44447,1,999,999,0
7114,1,670,670,0
7142,1,621,621,0
7153,1,710,710,0
26186,1,682,682,0
26190,1,708,708,0
26191,1,670,670,0
26399,1,690,690,0
34954,1,693,693,0
7148,1,797,797,0
7149,1,898,898,0
7178,1,661,661,0
42845,1,801,801,0
42846,1,649,649,0
43367,1,674,674,0
43405,1,661,661,0
7183,1,881,881,0
7184,1,631,631,0
7190,1,684,684,0
7223,1,657,657,0
7236,1,681,681,0
7250,1,665,665,0
7336,1,663,663,0
7385,1,749,749,0
7221,1,639,639,0
7362,1,677,677,0
7363,1,695,695,0
7386,1,799,799,0
7387,1,656,656,0
7388,1,926,926,0
7390,1,781,781,0
7478,1,829,829,0
7480,1,675,675,0
7481,1,655,655,0
7482,1,658,658,0
7483,1,629,629,0
7484,1,694,694,0
7485,1,684,684,0
54012,1,690,690,0
7487,1,675,675,0
7495,1,673,673,0
7523,1,675,675,0
7526,1,692,692,0
7527,1,666,666,0
15402,1,690,690,0
42735,1,851,851,0
42736,1,676,676,0
7524,1,692,692,0
12092,1,816,816,0
42737,1,748,748,0
43780,1,666,666,0
46725,1,643,643,0
46734,1,692,692,0
46956,1,685,685,0
55865,1,681,681,0
12084,1,650,650,0
12089,1,696,696,0
12090,1,874,874,0
12091,1,674,674,0
12240,1,986,986,0
12245,1,677,677,0
12780,1,679,679,0
12106,1,640,640,0
12107,1,635,635,0
12108,1,840,840,0
12109,1,680,680,0
12110,1,712,712,0
12111,1,629,629,0
12236,1,852,852,0
12249,1,643,643,0
12250,1,910,910,0
12288,1,661,661,0
12289,1,665,665,0
12293,1,844,844,0
12294,1,713,713,0
12708,1,648,648,0
12958,1,667,667,0
12792,1,714,714,0
12793,1,787,787,0
12806,1,683,683,0
12854,1,688,688,0
12859,1,766,766,0
15266,1,942,942,0
15669,1,676,676,0
12818,1,870,870,0
12820,1,706,706,0
12821,1,668,668,0
12822,1,638,638,0
12968,1,661,661,0
12971,1,662,662,0
15189,1,687,687,0
15206,1,719,719,0
13028,1,874,874,0
13042,1,636,636,0
13402,1,661,661,0
13410,1,681,681,0
13411,1,996,996,0
13605,1,841,841,0
13606,1,738,738,0
15507,1,643,643,0
15670,1,918,918,0
15671,1,677,677,0
15673,1,664,664,0
15693,1,651,651,0
15694,1,675,675,0
15698,1,660,660,0
15700,1,720,720,0
15596,1,681,681,0
26724,1,678,678,0
30039,1,676,676,0
31339,1,670,670,0
32432,1,629,629,0
32447,1,692,692,0
32499,1,727,727,0
32528,1,695,695,0
15711,1,840,840,0
26420,1,666,666,0
26424,1,685,685,0
26425,1,659,659,0
26426,1,674,674,0
26428,1,673,673,0
26429,1,759,759,0
32098,1,693,693,0
26422,1,654,654,0
26423,1,827,827,0
26642,1,784,784,0
26643,1,666,666,0
26652,1,667,667,0
26681,1,870,870,0
26736,1,698,698,0
26765,1,684,684,0
26766,1,684,684,0
26767,1,685,685,0
26768,1,675,675,0
26769,1,935,935,0
26770,1,680,680,0
26772,1,798,798,0
29720,1,685,685,0
32542,1,1026,1026,0
32554,1,813,813,0
42540,1,657,657,0
42541,1,659,659,0
43054,1,683,683,0
43096,1,689,689,0
30845,1,773,773,0
30846,1,706,706,0
30849,1,653,653,0
30851,1,712,712,0
30852,1,673,673,0
30853,1,684,684,0
30861,1,676,676,0
30863,1,629,629,0
31367,1,681,681,0
31370,1,752,752,0
31371,1,971,971,0
31390,1,686,686,0
31419,1,732,732,0
31423,1,680,680,0
31424,1,755,755,0
31383,1,729,729,0
31947,1,710,710,0
31949,1,691,691,0
31950,1,801,801,0
31951,1,670,670,0
31954,1,964,964,0
31956,1,724,724,0
31480,1,893,893,0
31481,1,669,669,0
31973,1,742,742,0
34207,1,657,657,0
44445,1,629,629,0
44455,1,698,698,0
44469,1,671,671,0
44470,1,640,640,0
32046,1,658,658,0
32066,1,664,664,0
32068,1,700,700,0
32102,1,658,658,0
32104,1,641,641,0
32105,1,639,639,0
32106,1,696,696,0
32107,1,686,686,0
32100,1,858,858,0
32210,1,818,818,0
32362,1,888,888,0
32366,1,903,903,0
32367,1,679,679,0
32680,1,904,904,0
32692,1,615,615,0
32159,1,687,687,0
32168,1,670,670,0
32170,1,613,613,0
32209,1,653,653,0
32245,1,681,681,0
32278,1,662,662,0
32280,1,669,669,0
32364,1,622,622,0
32853,1,772,772,0
32867,1,694,694,0
32868,1,679,679,0
32869,1,660,660,0
32870,1,764,764,0
32871,1,651,651,0
32872,1,638,638,0
32875,1,779,779,0
34206,1,685,685,0
34208,1,686,686,0
34209,1,621,621,0
34245,1,699,699,0
34246,1,647,647,0
34247,1,638,638,0
34248,1,683,683,0
34249,1,838,838,0
34692,1,724,724,0
47074,1,703,703,0
47349,1,688,688,0
47560,1,874,874,0
57953,1,789,789,0
57954,1,684,684,0
57955,1,633,633,0
57956,1,650,650,0
42770,1,659,659,0
45430,1,922,922,0
48277,1,719,719,0
54741,1,932,932,0
59270,1,1000,1000,0
59695,1,695,695,0
59699,1,675,675,0
42847,1,675,675,0
43055,1,636,636,0
43100,1,685,685,0
43105,1,691,691,0
43108,1,693,693,0
43109,1,852,852,0
43111,1,676,676,0
43116,1,645,645,0
43117,1,704,704,0
44101,1,712,712,0
44785,1,654,654,0
46603,1,667,667,0
46604,1,896,896,0
46606,1,724,724,0
46608,1,924,924,0
43365,1,686,686,0
43366,1,689,689,0
43443,1,663,663,0
43444,1,707,707,0
43448,1,1000,1000,0
43464,1,643,643,0
45405,1,658,658,0
45425,1,713,713,0
43447,1,664,664,0
43449,1,656,656,0
43949,1,865,865,0
44808,1,791,791,0
44938,1,645,645,0
45954,1,696,696,0
46005,1,680,680,0
46022,1,761,761,0
44657,1,641,641,0
44658,1,654,654,0
44659,1,669,669,0
44660,1,701,701,0
44662,1,714,714,0
44663,1,655,655,0
44664,1,674,674,0
44666,1,687,687,0
44795,1,703,703,0
44807,1,926,926,0
44843,1,669,669,0
44856,1,673,673,0
44907,1,814,814,0
44909,1,934,934,0
44910,1,625,625,0
45404,1,686,686,0
46438,1,888,888,0
48231,1,699,699,0
48232,1,695,695,0
48264,1,688,688,0
48265,1,719,719,0
48271,1,668,668,0
48273,1,670,670,0
45422,1,665,665,0
48635,1,781,781,0
54143,1,617,617,0
54208,1,844,844,0
54209,1,657,657,0
54254,1,654,654,0
54255,1,710,710,0
54586,1,766,766,0
45428,1,771,771,0
45754,1,660,660,0
45797,1,635,635,0
45807,1,673,673,0
45808,1,649,649,0
45817,1,651,651,0
45818,1,628,628,0
45971,1,637,637,0
46607,1,771,771,0
46614,1,663,663,0
48462,1,690,690,0
48463,1,695,695,0
48464,1,688,688,0
48465,1,766,766,0
48469,1,669,669,0
48472,1,676,676,0
46613,1,831,831,0
46615,1,657,657,0
46617,1,690,690,0
48466,1,647,647,0
48467,1,707,707,0
48468,1,670,670,0
48471,1,689,689,0
48473,1,663,663,0
48282,1,909,909,0
48283,1,617,617,0
48572,1,653,653,0
48638,1,656,656,0
48665,1,844,844,0
48666,1,996,996,0
59164,1,687,687,0
48670,1,673,673,0
54001,1,661,661,0
54060,1,669,669,0
58805,1,900,900,0
59151,1,648,648,0
59178,1,670,670,0
59701,1,691,691,0
59702,1,652,652,0
54137,1,645,645,0
54138,1,653,653,0
54207,1,657,657,0
54241,1,739,739,0
54554,1,938,938,0
54633,1,703,703,0
54754,1,676,676,0
54829,1,696,696,0
54920,1,636,636,0
54981,1,652,652,0
54989,1,658,658,0
54991,1,663,663,0
55372,1,678,678,0
55381,1,759,759,0
55387,1,997,997,0
55446,1,662,662,0
54987,1,634,634,0
54988,1,661,661,0
54990,1,698,698,0
55059,1,615,615,0
55077,1,670,670,0
55199,1,655,655,0
55289,1,670,670,0
55306,1,640,640,0
55914,1,645,645,0
55984,1,663,663,0
57021,1,780,780,0
57022,1,694,694,0
59026,1,993,993,0
59046,1,661,661,0
59146,1,673,673,0
58364,1,657,657,0
58510,1,669,669,0
58513,1,638,638,0
58515,1,708,708,0
58516,1,910,910,0
58517,1,672,672,0
58521,1,678,678,0
58531,1,705,705,0
58511,1,666,666,0
58512,1,737,737,0
58559,1,666,666,0
58564,1,664,664,0
58633,1,909,909,0
58663,1,670,670,0
58687,1,657,657,0
58689,1,649,649,0
58540,1,672,672,0
58554,1,688,688,0
58634,1,650,650,0
58665,1,875,875,0
58666,1,688,688,0
58681,1,883,883,0
58686,1,653,653,0
58692,1,647,647,0
14492,1,933,933,0
16994,1,704,704,0
16995,1,672,672,0
16996,1,685,685,0
16997,1,847,847,0
16998,1,792,792,0
16999,1,662,662,0
23001,1,675,675,0
23002,1,664,664,0
23003,1,643,643,0
23004,1,670,670,0
23005,1,668,668,0
23006,1,620,620,0
23008,1,661,661,0
23012,1,644,644,0
23014,1,718,718,0
23017,1,664,664,0
23018,1,694,694,0
23019,1,689,689,0
23020,1,694,694,0
23021,1,701,701,0
23022,1,672,672,0
23023,1,651,651,0
23024,1,746,746,0
23025,1,675,675,0
23026,1,672,672,0
23028,1,708,708,0
23029,1,751,751,0
23030,1,689,689,0
23032,1,652,652,0
23060,1,684,684,0
23061,1,659,659,0
28076,1,944,944,0
28098,1,932,932,0
28099,1,690,690,0
28100,1,666,666,0
28101,1,661,661,0
28102,1,715,715,0
28103,1,665,665,0
28925,1,842,842,0
28926,1,652,652,0
28927,1,668,668,0
28928,1,640,640,0
28930,1,653,653,0
28931,1,674,674,0
28932,1,683,683,0
28448,1,640,640,0
28449,1,657,657,0
28450,1,670,670,0
28452,1,685,685,0
28454,1,679,679,0
28455,1,648,648,0
28456,1,697,697,0
55257,1,647,647,0
28959,1,662,662,0
28960,1,661,661,0
28968,1,641,641,0
28969,1,865,865,0
28970,1,699,699,0
28971,1,666,666,0
28977,1,656,656,0
28978,1,683,683,0
28979,1,681,681,0
28981,1,705,705,0
28983,1,655,655,0
28984,1,714,714,0
28985,1,657,657,0
28986,1,728,728,0
28988,1,667,667,0
28990,1,677,677,0
28991,1,661,661,0
28993,1,687,687,0
28994,1,702,702,0
28997,1,644,644,0
28998,1,639,639,0
28999,1,674,674,0
29000,1,709,709,0
33984,1,657,657,0
57180,1,665,665,0
57188,1,810,810,0
57196,1,645,645,0
6594,1,654,654,0
13786,1,721,721,0
13789,1,928,928,0
13914,1,656,656,0
13929,1,793,793,0
28363,1,874,874,0
28391,1,983,983,0
8342,1,994,994,0
10426,1,680,680,0
13785,1,707,707,0
13791,1,627,627,0
13794,1,665,665,0
13795,1,687,687,0
13799,1,665,665,0
13806,1,692,692,0
14127,1,693,693,0
14834,1,1004,1004,0
33598,1,642,642,0
33620,1,670,670,0
33631,1,663,663,0
33632,1,674,674,0
33635,1,854,854,0
28104,1,674,674,0
28105,1,932,932,0
28106,1,689,689,0
28107,1,665,665,0
28108,1,692,692,0
28109,1,657,657,0
28110,1,663,663,0
28111,1,655,655,0
28112,1,640,640,0
28113,1,626,626,0
28114,1,659,659,0
28115,1,674,674,0
28116,1,653,653,0
28117,1,667,667,0
28118,1,659,659,0
28119,1,733,733,0
28120,1,691,691,0
28133,1,743,743,0
28134,1,643,643,0
28135,1,655,655,0
28136,1,716,716,0
28137,1,679,679,0
28138,1,663,663,0
28139,1,662,662,0
28140,1,638,638,0
28141,1,642,642,0
28142,1,722,722,0
28143,1,641,641,0
28144,1,712,712,0
28145,1,662,662,0
28146,1,883,883,0
28147,1,688,688,0
28148,1,671,671,0
28149,1,795,795,0
28150,1,692,692,0
28151,1,654,654,0
28152,1,737,737,0
28153,1,936,936,0
28155,1,973,973,0
28156,1,650,650,0
28157,1,656,656,0
28158,1,668,668,0
28159,1,748,748,0
28161,1,629,629,0
28162,1,634,634,0
28164,1,654,654,0
28183,1,673,673,0
28184,1,697,697,0
28187,1,670,670,0
28188,1,659,659,0
28189,1,655,655,0
28190,1,678,678,0
28191,1,685,685,0
28192,1,710,710,0
28193,1,640,640,0
28392,1,794,794,0
28393,1,634,634,0
28394,1,728,728,0
28395,1,613,613,0
47765,1,905,905,0
13268,1,825,825,0
16993,1,811,811,0
17000,1,921,921,0
23007,1,762,762,0
23009,1,894,894,0
23010,1,792,792,0
23011,1,705,705,0
23013,1,971,971,0
23015,1,687,687,0
23016,1,705,705,0
23031,1,653,653,0
23033,1,696,696,0
23034,1,672,672,0
28929,1,697,697,0
28937,1,627,627,0
28154,1,871,871,0
28160,1,932,932,0
28163,1,676,676,0
28165,1,670,670,0
28166,1,857,857,0
28167,1,923,923,0
28185,1,943,943,0
28186,1,665,665,0
28451,1,687,687,0
28453,1,857,857,0
28933,1,652,652,0
28934,1,818,818,0
28935,1,624,624,0
28936,1,641,641,0
28939,1,684,684,0
28940,1,699,699,0
28941,1,688,688,0
28948,1,681,681,0
28938,1,892,892,0
28949,1,658,658,0
28956,1,822,822,0
28961,1,615,615,0
28962,1,961,961,0
28963,1,920,920,0
28964,1,727,727,0
28950,1,685,685,0
28951,1,712,712,0
28952,1,679,679,0
28953,1,650,650,0
28954,1,889,889,0
28955,1,666,666,0
28957,1,674,674,0
28958,1,724,724,0
28965,1,830,830,0
28966,1,698,698,0
28972,1,691,691,0
28973,1,931,931,0
28974,1,819,819,0
28975,1,879,879,0
28976,1,966,966,0
28980,1,633,633,0
28982,1,692,692,0
28987,1,989,989,0
28989,1,706,706,0
28992,1,765,765,0
28995,1,659,659,0
28996,1,663,663,0
56775,1,749,749,0
7391,1,711,711,0
7462,1,677,677,0
7467,1,834,834,0
7472,1,738,738,0
7473,1,701,701,0
7474,1,684,684,0
7475,1,697,697,0
7476,1,702,702,0
42331,1,714,714,0
42350,1,707,707,0
42352,1,835,835,0
42447,1,677,677,0
53774,1,654,654,0
55818,1,765,765,0
55824,1,761,761,0
55986,1,916,916,0
57142,1,698,698,0
57153,1,624,624,0
57154,1,905,905,0
57177,1,642,642,0
56283,1,713,713,0
56292,1,658,658,0
56293,1,680,680,0
56306,1,878,878,0
56313,1,776,776,0
56316,1,667,667,0
56318,1,667,667,0
56319,1,708,708,0
56352,1,682,682,0
56353,1,676,676,0
56355,1,678,678,0
56367,1,644,644,0
56368,1,657,657,0
56370,1,675,675,0
56410,1,711,711,0
56411,1,651,651,0
56684,1,640,640,0
56685,1,700,700,0
56686,1,709,709,0
56792,1,690,690,0
56794,1,672,672,0
56795,1,645,645,0
56801,1,714,714,0
56805,1,645,645,0
43360,1,699,699,0
43361,1,683,683,0
43363,1,723,723,0
43811,1,651,651,0
43813,1,685,685,0
43815,1,674,674,0
43971,1,670,670,0
44000,1,833,833,0
48274,1,679,679,0
48279,1,656,656,0
48476,1,1014,1014,0
48606,1,703,703,0
48664,1,833,833,0
48667,1,678,678,0
48668,1,698,698,0
53679,1,943,943,0
53682,1,667,667,0
53683,1,718,718,0
53745,1,663,663,0
56314,1,651,651,0
56315,1,667,667,0
56317,1,821,821,0
56320,1,672,672,0
56322,1,666,666,0
56323,1,686,686,0
56328,1,698,698,0
56329,1,814,814,0
56349,1,653,653,0
56350,1,657,657,0
56351,1,680,680,0
56423,1,661,661,0
56426,1,752,752,0
56430,1,680,680,0
56432,1,688,688,0
56435,1,670,670,0
56436,1,818,818,0
56570,1,785,785,0
56424,1,711,711,0
56425,1,703,703,0
56427,1,673,673,0
56428,1,874,874,0
56429,1,639,639,0
56431,1,684,684,0
56433,1,672,672,0
56571,1,863,863,0
56641,1,681,681,0
56648,1,690,690,0
56678,1,709,709,0
56679,1,699,699,0
56680,1,679,679,0
56682,1,654,654,0
56683,1,633,633,0
56811,1,649,649,0
56813,1,699,699,0
56815,1,681,681,0
56830,1,669,669,0
56852,1,647,647,0
56854,1,666,666,0
56986,1,636,636,0
56988,1,729,729,0
56844,1,664,664,0
56847,1,794,794,0
56985,1,772,772,0
56987,1,674,674,0
56989,1,853,853,0
56990,1,682,682,0
28071,1,668,668,0
42308,1,867,867,0
42309,1,684,684,0
42310,1,683,683,0
42315,1,918,918,0
42322,1,678,678,0
42324,1,653,653,0
28096,1,816,816,0
28967,1,649,649,0
42314,1,657,657,0
42325,1,676,676,0
42328,1,792,792,0
42329,1,805,805,0
42330,1,813,813,0
42327,1,666,666,0
42332,1,646,646,0
42364,1,612,612,0
42372,1,690,690,0
42395,1,653,653,0
42398,1,686,686,0
42400,1,714,714,0
42419,1,691,691,0
42424,1,663,663,0
42446,1,673,673,0
42448,1,695,695,0
42449,1,671,671,0
42450,1,726,726,0
42451,1,869,869,0
53684,1,656,656,0
53685,1,674,674,0
56321,1,652,652,0
56324,1,925,925,0
56325,1,798,798,0
56326,1,670,670,0
56327,1,738,738,0
56330,1,657,657,0
56343,1,697,697,0
56345,1,897,897,0
56347,1,682,682,0
56348,1,876,876,0
56354,1,781,781,0
56366,1,695,695,0
56408,1,859,859,0
56409,1,674,674,0
56677,1,812,812,0
56681,1,870,870,0
56793,1,734,734,0
56817,1,647,647,0
56826,1,667,667,0
56828,1,734,734,0
56839,1,968,968,0
20010,1,668,668,0
20955,1,666,666,0
21346,1,784,784,0
21639,1,660,660,0
21819,1,652,652,0
50015,1,672,672,0
50022,1,621,621,0
60812,1,633,633,0
20279,1,621,621,0
21072,1,836,836,0
21724,1,678,678,0
50040,1,674,674,0
50619,1,663,663,0
60856,1,699,699,0
62340,1,800,800,0
62850,1,674,674,0
50349,1,687,687,0
50717,1,702,702,0
60354,1,703,703,0
60504,1,646,646,0
60516,1,655,655,0
60695,1,772,772,0
61383,1,694,694,0
62180,1,681,681,0
60817,1,672,672,0
60886,1,677,677,0
62196,1,669,669,0
62351,1,741,741,0
62865,1,802,802,0
21485,1,692,692,0
60206,1,624,624,0
18387,1,610,610,0
19945,1,645,645,0
24476,1,675,675,0
40649,1,615,615,0
52260,1,660,660,0
65163,1,713,713,0
65191,1,657,657,0
65285,1,768,768,0
18724,1,678,678,0
24642,1,715,715,0
24780,1,695,695,0
41175,1,658,658,0
52519,1,786,786,0
65269,1,849,849,0
65522,1,912,912,0
24639,1,741,741,0
24800,1,706,706,0
40267,1,858,858,0
51152,1,653,653,0
51385,1,681,681,0
65702,1,661,661,0
67632,1,824,824,0
65667,1,659,659,0
67611,1,671,671,0
76517,1,772,772,0
67343,1,674,674,0
67826,1,745,745,0
18002,1,757,757,0
18555,1,743,743,0
18592,1,736,736,0
18781,1,647,647,0
18786,1,676,676,0
19490,1,840,840,0
19496,1,655,655,0
18086,1,734,734,0
18250,1,645,645,0
19941,1,674,674,0
40004,1,705,705,0
40491,1,660,660,0
41411,1,622,622,0
41534,1,645,645,0
41629,1,687,687,0
19479,1,664,664,0
19486,1,679,679,0
19497,1,677,677,0
19502,1,671,671,0
19503,1,638,638,0
19510,1,695,695,0
19515,1,628,628,0
19516,1,672,672,0
19517,1,779,779,0
19519,1,710,710,0
19543,1,656,656,0
19569,1,765,765,0
19762,1,657,657,0
40528,1,676,676,0
41613,1,637,637,0
41759,1,658,658,0
41784,1,672,672,0
41785,1,639,639,0
41989,1,813,813,0
41712,1,650,650,0
41848,1,710,710,0
41878,1,900,900,0
52311,1,652,652,0
66094,1,658,658,0
67393,1,699,699,0
66694,1,633,633,0
66762,1,667,667,0
66746,1,651,651,0
66788,1,797,797,0
66810,1,686,686,0
66851,1,706,706,0
76093,1,682,682,0
67022,1,700,700,0
67633,1,674,674,0
76112,1,658,658,0
76209,1,975,975,0
76234,1,881,881,0
76256,1,835,835,0
76608,1,649,649,0
76646,1,677,677,0
76589,1,667,667,0
18081,1,724,724,0
52056,1,678,678,0
52237,1,646,646,0
65231,1,650,650,0
65817,1,809,809,0
65859,1,682,682,0
66443,1,682,682,0
66659,1,809,809,0
18099,1,671,671,0
18196,1,731,731,0
18290,1,943,943,0
40382,1,876,876,0
40723,1,655,655,0
41746,1,687,687,0
65194,1,668,668,0
18393,1,726,726,0
19042,1,952,952,0
19125,1,667,667,0
19174,1,657,657,0
19245,1,668,668,0
19258,1,666,666,0
19268,1,891,891,0
18513,1,613,613,0
18575,1,666,666,0
18692,1,959,959,0
18776,1,958,958,0
18785,1,667,667,0
18795,1,926,926,0
24840,1,680,680,0
19474,1,666,666,0
52279,1,954,954,0
65320,1,832,832,0
65436,1,645,645,0
65700,1,639,639,0
65860,1,660,660,0
66077,1,737,737,0
41801,1,655,655,0
51717,1,647,647,0
66621,1,665,665,0
66643,1,635,635,0
66689,1,674,674,0
66704,1,709,709,0
66717,1,709,709,0
66736,1,705,705,0
51346,1,962,962,0
51361,1,697,697,0
51408,1,667,667,0
66166,1,662,662,0
66649,1,958,958,0
66667,1,660,660,0
66738,1,880,880,0
66742,1,708,708,0
66764,1,638,638,0
76079,1,669,669,0
18061,1,680,680,0
19165,1,709,709,0
19170,1,716,716,0
19209,1,818,818,0
19232,1,756,756,0
19310,1,643,643,0
40051,1,671,671,0
40691,1,670,670,0
18886,1,657,657,0
24521,1,702,702,0
40287,1,667,667,0
41383,1,875,875,0
51307,1,646,646,0
52582,1,678,678,0
52608,1,678,678,0
52851,1,684,684,0
19031,1,700,700,0
19043,1,919,919,0
19137,1,669,669,0
19147,1,653,653,0
65367,1,651,651,0
66505,1,672,672,0
66714,1,722,722,0
67605,1,652,652,0
40873,1,792,792,0
41165,1,633,633,0
41171,1,659,659,0
51019,1,698,698,0
51059,1,674,674,0
51143,1,666,666,0
51165,1,949,949,0
51341,1,636,636,0
40971,1,649,649,0
41291,1,695,695,0
51054,1,678,678,0
51126,1,690,690,0
51368,1,658,658,0
51393,1,665,665,0
51691,1,646,646,0
52939,1,719,719,0
65572,1,636,636,0
67065,1,692,692,0
67967,1,696,696,0
67759,1,774,774,0
18600,1,675,675,0
19405,1,716,716,0
19412,1,882,882,0
19416,1,826,826,0
19450,1,693,693,0
19781,1,652,652,0
65375,1,652,652,0
19402,1,645,645,0
19419,1,665,665,0
19996,1,761,761,0
24969,1,722,722,0
65767,1,774,774,0
65775,1,694,694,0
65792,1,647,647,0
66058,1,674,674,0
19709,1,887,887,0
24042,1,636,636,0
24054,1,650,650,0
24118,1,674,674,0
40542,1,670,670,0
52754,1,657,657,0
67036,1,680,680,0
67250,1,625,625,0
24323,1,648,648,0
40370,1,705,705,0
41394,1,937,937,0
51007,1,913,913,0
51169,1,818,818,0
65587,1,671,671,0
67008,1,690,690,0
40692,1,652,652,0
52746,1,808,808,0
65664,1,705,705,0
66301,1,704,704,0
66325,1,651,651,0
67258,1,791,791,0
67424,1,681,681,0
67483,1,670,670,0
65763,1,673,673,0
65795,1,698,698,0
65797,1,688,688,0
66359,1,884,884,0
66251,1,683,683,0
66402,1,1010,1010,0
67491,1,625,625,0
67517,1,658,658,0
67532,1,669,669,0
67549,1,677,677,0
67582,1,790,790,0
67015,1,641,641,0
67096,1,632,632,0
67277,1,687,687,0
67475,1,699,699,0
67695,1,696,696,0
67502,1,698,698,0
67504,1,677,677,0
67740,1,630,630,0
18035,1,681,681,0
18038,1,673,673,0
18056,1,724,724,0
40485,1,702,702,0
40991,1,1019,1019,0
52518,1,751,751,0
65540,1,698,698,0
18831,1,948,948,0
18988,1,673,673,0
24617,1,669,669,0
40840,1,660,660,0
51207,1,740,740,0
52079,1,655,655,0
65521,1,636,636,0
51389,1,660,660,0
52331,1,735,735,0
67631,1,662,662,0
67655,1,656,656,0
67725,1,665,665,0
67828,1,641,641,0
67859,1,655,655,0
67862,1,669,669,0
51506,1,888,888,0
52087,1,647,647,0
66001,1,901,901,0
67553,1,711,711,0
67627,1,666,666,0
67636,1,693,693,0
67671,1,678,678,0
65882,1,866,866,0
66357,1,642,642,0
67679,1,953,953,0
67687,1,677,677,0
67694,1,669,669,0
67837,1,695,695,0
67849,1,947,947,0
67866,1,669,669,0
67692,1,634,634,0
67726,1,885,885,0
67851,1,657,657,0
67882,1,767,767,0
67913,1,697,697,0
67925,1,641,641,0
67938,1,673,673,0
67970,1,724,724,0
67758,1,983,983,0
67945,1,646,646,0
67974,1,665,665,0
67997,1,644,644,0
67875,1,693,693,0
67886,1,689,689,0
67956,1,748,748,0
67961,1,698,698,0
67931,1,807,807,0
67934,1,677,677,0
