150 [10, 20, 30, 40, 50, 60, 70, 80]
175 [10, 20, 30, 40, 50, 60, 70, 80]
200 [10, 20, 30, 40, 50, 60, 70, 80]
225 [10, 20, 30, 40, 50, 60, 70, 80]
250 [10, 20, 30, 40, 50, 60, 70, 80]
275 [10, 20, 30, 40, 50, 60, 70, 80]
300 [10, 20, 30, 40, 50, 60, 70, 80]
325 [10, 20, 30, 40, 50, 60, 70, 80]
350 [10, 20, 30, 40, 50, 60, 70, 80]
375 [10, 20, 30, 40, 50, 60, 70, 80]
400 [10, 20, 30, 40, 50, 60, 70, 80]
425 [10, 20, 30, 40, 50, 60, 70, 80]
450 [10, 20, 30, 40, 50, 60, 70, 80]
475 [10, 20, 30, 40, 50, 60, 70, 80]
500 [10, 20, 30, 40, 50, 60, 70, 80]
526 [10, 21, 31, 41, 51, 61, 71, 81]
550 [10, 20, 30, 40, 50, 60, 70, 80]
576 [10, 20, 30, 40, 50, 60, 71, 81]
600 [10, 20, 30, 40, 50, 60, 70, 80]
626 [10, 20, 30, 40, 50, 60, 70, 80]
650 [10, 20, 30, 40, 50, 60, 70, 80]
676 [10, 20, 30, 40, 50, 60, 70, 80]
700 [10, 20, 30, 40, 50, 60, 70, 80]
726 [10, 20, 30, 40, 50, 60, 70, 80]
750 [10, 20, 30, 40, 50, 60, 70, 80]
776 [10, 20, 30, 40, 50, 60, 70, 80]
800 [10, 20, 30, 40, 50, 60, 70, 80]
826 [10, 20, 30, 40, 50, 60, 70, 80]
850 [10, 20, 30, 40, 50, 60, 70, 80]
876 [10, 20, 30, 40, 50, 60, 70, 80]
900 [10, 20, 30, 40, 50, 60, 70, 80]
926 [10, 20, 30, 40, 50, 60, 70, 80]
950 [10, 20, 30, 40, 50, 60, 70, 80]
976 [10, 20, 30, 40, 50, 60, 70, 80]
1000 [10, 20, 30, 40, 50, 60, 70, 80]
1024 [8, 18, 28, 38, 48, 58, 68, 78]
1052 [12, 20, 32, 42, 52, 62, 72, 82]
1076 [12, 20, 32, 40, 52, 60, 70, 80]
1100 [8, 20, 28, 40, 48, 60, 68, 80]
Smoothing Mp axis--------------------------
MPsmooth  1100 8 0 9999
found snaps: [-1, -1] [-1, -1] [-1, -1]
found snaps: [-1, -1] [-1, -1] [-1, -1]
found snaps: [-1, -1] [-1, -1] [-1, -1]
found snaps: [-1, -1] [-1, -1] [-1, -1]
found snaps: [-1, -1] [-1, -1] [-1, -1]
found snaps: [-1, -1] [-1, -1] [-1, -1]
found snaps: [-1, -1] [-1, -1] [-1, -1]
found snaps: [-1, -1] [-1, -1] [-1, -1]
found snaps: [-1, -1] [-1, -1] [-1, -1]
found snaps: [-1, -1] [-1, -1] [-1, -1]
found snaps: [-1, -1] [-1, -1] [-1, -1]
found snaps: [-1, -1] [-1, -1] [-1, -1]
found snaps: [-1, -1] [-1, -1] [-1, -1]
found snaps: [-1, -1] [-1, -1] [-1, -1]
found snaps: [-1, -1] [-1, -1] [-1, -1]
found snaps: [-1, -1] [-1, -1] [-1, -1]
found snaps: [-1, -1] [-1, -1] [-1, -1]
found snaps: [-1, -1] [-1, -1] [-1, -1]
found snaps: [-1, -1] [-1, -1] [-1, -1]
found snaps: [-1, -1] [-1, -1] [-1, -1]
found snaps: [-1, -1] [-1, -1] [-1, -1]
found snaps: [-1, -1] [-1, -1] [-1, -1]
found snaps: [-1, -1] [-1, -1] [-1, -1]
found snaps: [-1, -1] [-1, -1] [-1, -1]
found snaps: [-1, -1] [-1, -1] [-1, -1]
found snaps: [-1, -1] [-1, -1] [-1, -1]
found snaps: [-1, -1] [-1, -1] [-1, -1]
found snaps: [-1, -1] [-1, -1] [-1, -1]
found snaps: [-1, -1] [-1, -1] [-1, -1]
found snaps: [-1, -1] [-1, -1] [-1, -1]
found snaps: [-1, -1] [-1, -1] [-1, -1]
found snaps: [-1, -1] [-1, -1] [-1, -1]
found snaps: [-1, -1] [-1, -1] [-1, -1]
found snaps: [-1, -1] [-1, -1] [1024, 8]
found snaps: [-1, -1] [1024, 8] [-1, -1]
found snaps: [1024, 8] [-1, -1] [-1, -1]
found snaps: [-1, -1] [-1, -1] [1100, 8]
MPsmooth  1100 10 0 9999
found snaps: [150, 10] [175, 10] [200, 10]
found snaps: [175, 10] [200, 10] [225, 10]
found snaps: [200, 10] [225, 10] [250, 10]
found snaps: [225, 10] [250, 10] [275, 10]
found snaps: [250, 10] [275, 10] [300, 10]
found snaps: [275, 10] [300, 10] [325, 10]
found snaps: [300, 10] [325, 10] [350, 10]
found snaps: [325, 10] [350, 10] [375, 10]
found snaps: [350, 10] [375, 10] [400, 10]
found snaps: [375, 10] [400, 10] [425, 10]
found snaps: [400, 10] [425, 10] [450, 10]
found snaps: [425, 10] [450, 10] [475, 10]
found snaps: [450, 10] [475, 10] [500, 10]
found non-monotic obs
4500440.0 4750465.0 5000490.0
0.20180462125229612 0.36256828966168525 0.3024254225793159
adjusted to: 0.252115021915806
found snaps: [475, 10] [500, 10] [526, 10]
found snaps: [500, 10] [526, 10] [550, 10]
found snaps: [526, 10] [550, 10] [576, 10]
found snaps: [550, 10] [576, 10] [600, 10]
found snaps: [576, 10] [600, 10] [626, 10]
found snaps: [600, 10] [626, 10] [650, 10]
found snaps: [626, 10] [650, 10] [676, 10]
found snaps: [650, 10] [676, 10] [700, 10]
found snaps: [676, 10] [700, 10] [726, 10]
found non-monotic obs
6760666.0 7000690.0 7260716.0
1.503126925945622 1.6800663198375896 1.664538998715305
adjusted to: 1.5838329623304634
found snaps: [700, 10] [726, 10] [750, 10]
found snaps: [726, 10] [750, 10] [776, 10]
found snaps: [750, 10] [776, 10] [800, 10]
found snaps: [776, 10] [800, 10] [826, 10]
found snaps: [800, 10] [826, 10] [850, 10]
found snaps: [826, 10] [850, 10] [876, 10]
found snaps: [850, 10] [876, 10] [900, 10]
found snaps: [876, 10] [900, 10] [926, 10]
found snaps: [900, 10] [926, 10] [950, 10]
found snaps: [926, 10] [950, 10] [976, 10]
found non-monotic obs
9260916.0 9500940.0 9760966.0
6.311681687915804 8.019918393588359 6.25889713915757
adjusted to: 6.285289413536687
found snaps: [950, 10] [976, 10] [1000, 10]
found non-monotic obs
9500940.0 9760966.0 10000990.0
6.285289413536687 6.25889713915757 13.422504366630436
adjusted to: 9.853896890083561
found snaps: [976, 10] [1000, 10] [-1, -1]
found snaps: [1000, 10] [-1, -1] [-1, -1]
found snaps: [-1, -1] [-1, -1] [-1, -1]
found snaps: [-1, -1] [-1, -1] [-1, -1]
MPsmooth  1100 12 0 9999
found snaps: [-1, -1] [-1, -1] [-1, -1]
found snaps: [-1, -1] [-1, -1] [-1, -1]
found snaps: [-1, -1] [-1, -1] [-1, -1]
found snaps: [-1, -1] [-1, -1] [-1, -1]
found snaps: [-1, -1] [-1, -1] [-1, -1]
found snaps: [-1, -1] [-1, -1] [-1, -1]
found snaps: [-1, -1] [-1, -1] [-1, -1]
found snaps: [-1, -1] [-1, -1] [-1, -1]
found snaps: [-1, -1] [-1, -1] [-1, -1]
found snaps: [-1, -1] [-1, -1] [-1, -1]
found snaps: [-1, -1] [-1, -1] [-1, -1]
found snaps: [-1, -1] [-1, -1] [-1, -1]
found snaps: [-1, -1] [-1, -1] [-1, -1]
found snaps: [-1, -1] [-1, -1] [-1, -1]
found snaps: [-1, -1] [-1, -1] [-1, -1]
found snaps: [-1, -1] [-1, -1] [-1, -1]
found snaps: [-1, -1] [-1, -1] [-1, -1]
found snaps: [-1, -1] [-1, -1] [-1, -1]
found snaps: [-1, -1] [-1, -1] [-1, -1]
found snaps: [-1, -1] [-1, -1] [-1, -1]
found snaps: [-1, -1] [-1, -1] [-1, -1]
found snaps: [-1, -1] [-1, -1] [-1, -1]
found snaps: [-1, -1] [-1, -1] [-1, -1]
found snaps: [-1, -1] [-1, -1] [-1, -1]
found snaps: [-1, -1] [-1, -1] [-1, -1]
found snaps: [-1, -1] [-1, -1] [-1, -1]
found snaps: [-1, -1] [-1, -1] [-1, -1]
found snaps: [-1, -1] [-1, -1] [-1, -1]
found snaps: [-1, -1] [-1, -1] [-1, -1]
found snaps: [-1, -1] [-1, -1] [-1, -1]
found snaps: [-1, -1] [-1, -1] [-1, -1]
found snaps: [-1, -1] [-1, -1] [-1, -1]
found snaps: [-1, -1] [-1, -1] [-1, -1]
found snaps: [-1, -1] [-1, -1] [-1, -1]
found snaps: [-1, -1] [-1, -1] [1052, 12]
found snaps: [-1, -1] [1052, 12] [1076, 12]
found snaps: [1052, 12] [1076, 12] [-1, -1]
MPsmooth  1100 18 0 9999
found snaps: [-1, -1] [-1, -1] [-1, -1]
found snaps: [-1, -1] [-1, -1] [-1, -1]
found snaps: [-1, -1] [-1, -1] [-1, -1]
found snaps: [-1, -1] [-1, -1] [-1, -1]
found snaps: [-1, -1] [-1, -1] [-1, -1]
found snaps: [-1, -1] [-1, -1] [-1, -1]
found snaps: [-1, -1] [-1, -1] [-1, -1]
found snaps: [-1, -1] [-1, -1] [-1, -1]
found snaps: [-1, -1] [-1, -1] [-1, -1]
found snaps: [-1, -1] [-1, -1] [-1, -1]
found snaps: [-1, -1] [-1, -1] [-1, -1]
found snaps: [-1, -1] [-1, -1] [-1, -1]
found snaps: [-1, -1] [-1, -1] [-1, -1]
found snaps: [-1, -1] [-1, -1] [-1, -1]
found snaps: [-1, -1] [-1, -1] [-1, -1]
found snaps: [-1, -1] [-1, -1] [-1, -1]
found snaps: [-1, -1] [-1, -1] [-1, -1]
found snaps: [-1, -1] [-1, -1] [-1, -1]
found snaps: [-1, -1] [-1, -1] [-1, -1]
found snaps: [-1, -1] [-1, -1] [-1, -1]
found snaps: [-1, -1] [-1, -1] [-1, -1]
found snaps: [-1, -1] [-1, -1] [-1, -1]
found snaps: [-1, -1] [-1, -1] [-1, -1]
found snaps: [-1, -1] [-1, -1] [-1, -1]
found snaps: [-1, -1] [-1, -1] [-1, -1]
found snaps: [-1, -1] [-1, -1] [-1, -1]
found snaps: [-1, -1] [-1, -1] [-1, -1]
found snaps: [-1, -1] [-1, -1] [-1, -1]
found snaps: [-1, -1] [-1, -1] [-1, -1]
found snaps: [-1, -1] [-1, -1] [-1, -1]
found snaps: [-1, -1] [-1, -1] [-1, -1]
found snaps: [-1, -1] [-1, -1] [-1, -1]
found snaps: [-1, -1] [-1, -1] [-1, -1]
found snaps: [-1, -1] [-1, -1] [1024, 18]
found snaps: [-1, -1] [1024, 18] [-1, -1]
found snaps: [1024, 18] [-1, -1] [-1, -1]
found snaps: [-1, -1] [-1, -1] [-1, -1]
MPsmooth  1100 20 0 9999
found snaps: [150, 20] [175, 20] [200, 20]
found non-monotic obs
1500130.0 1750155.0 2000180.0
0.023510100798259232 0.015423701897676126 0.02289725693904787
adjusted to: 0.02320367886865355
found snaps: [175, 20] [200, 20] [225, 20]
found non-monotic obs
1750155.0 2000180.0 2250205.0
0.02320367886865355 0.02289725693904787 0.022921719600134467
adjusted to: 0.02306269923439401
found snaps: [200, 20] [225, 20] [250, 20]
found non-monotic obs
2000180.0 2250205.0 2500230.0
0.02306269923439401 0.022921719600134467 0.02691771973435353
adjusted to: 0.02499020948437377
found snaps: [225, 20] [250, 20] [275, 20]
found snaps: [250, 20] [275, 20] [300, 20]
found non-monotic obs
2500230.0 2750255.0 3000280.0
0.02691771973435353 0.030235818861380156 0.028422951619992396
adjusted to: 0.02767033567717296
found snaps: [275, 20] [300, 20] [325, 20]
found snaps: [300, 20] [325, 20] [350, 20]
found snaps: [325, 20] [350, 20] [375, 20]
found snaps: [350, 20] [375, 20] [400, 20]
found snaps: [375, 20] [400, 20] [425, 20]
found snaps: [400, 20] [425, 20] [450, 20]
found snaps: [425, 20] [450, 20] [475, 20]
found snaps: [450, 20] [475, 20] [500, 20]
found snaps: [475, 20] [500, 20] [526, 21]
found non-monotic obs
4750455.0 5000480.0 5260505.0
0.17387512309073994 0.26835933789519917 0.25189151069106114
adjusted to: 0.21288331689090054
found snaps: [500, 20] [526, 21] [550, 20]
found snaps: [526, 21] [550, 20] [576, 20]
found snaps: [550, 20] [576, 20] [600, 20]
found snaps: [576, 20] [600, 20] [626, 20]
found snaps: [600, 20] [626, 20] [650, 20]
found snaps: [626, 20] [650, 20] [676, 20]
found snaps: [650, 20] [676, 20] [700, 20]
found non-monotic obs
6500630.0 6760656.0 7000680.0
0.7149127851786782 1.050184038335986 0.995936463251084
adjusted to: 0.8554246242148811
found snaps: [676, 20] [700, 20] [726, 20]
found snaps: [700, 20] [726, 20] [750, 20]
found snaps: [726, 20] [750, 20] [776, 20]
found snaps: [750, 20] [776, 20] [800, 20]
found snaps: [776, 20] [800, 20] [826, 20]
found non-monotic obs
7760756.0 8000780.0 8260806.0
2.583944591849245 2.965781389117089 2.699053133282114
adjusted to: 2.6414988625656797
found snaps: [800, 20] [826, 20] [850, 20]
found snaps: [826, 20] [850, 20] [876, 20]
found snaps: [850, 20] [876, 20] [900, 20]
found snaps: [876, 20] [900, 20] [926, 20]
found snaps: [900, 20] [926, 20] [950, 20]
found non-monotic obs
9000880.0 9260906.0 9500930.0
5.163635022878617 8.952123452929396 8.016341347119887
adjusted to: 6.589988184999252
found snaps: [926, 20] [950, 20] [976, 20]
found snaps: [950, 20] [976, 20] [1000, 20]
found snaps: [976, 20] [1000, 20] [-1, -1]
found snaps: [1000, 20] [-1, -1] [1052, 20]
found snaps: [-1, -1] [1052, 20] [1076, 20]
found snaps: [1052, 20] [1076, 20] [1100, 20]
MPsmooth  1100 21 0 9999
found snaps: [150, 20] [175, 20] [200, 20]
found non-monotic obs
1500130.0 1750155.0 2000180.0
0.023510100798259232 0.02320367886865355 0.02306269923439401
adjusted to: 0.02328640001632662
found snaps: [175, 20] [200, 20] [225, 20]
found non-monotic obs
1750155.0 2000180.0 2250205.0
0.02328640001632662 0.02306269923439401 0.02499020948437377
adjusted to: 0.024138304750350194
found snaps: [200, 20] [225, 20] [250, 20]
found snaps: [225, 20] [250, 20] [275, 20]
found snaps: [250, 20] [275, 20] [300, 20]
found snaps: [275, 20] [300, 20] [325, 20]
found snaps: [300, 20] [325, 20] [350, 20]
found snaps: [325, 20] [350, 20] [375, 20]
found snaps: [350, 20] [375, 20] [400, 20]
found snaps: [375, 20] [400, 20] [425, 20]
found snaps: [400, 20] [425, 20] [450, 20]
found snaps: [425, 20] [450, 20] [475, 20]
found snaps: [450, 20] [475, 20] [500, 20]
found snaps: [475, 20] [500, 20] [526, 21]
found snaps: [500, 20] [526, 21] [550, 20]
found snaps: [526, 21] [550, 20] [576, 20]
found snaps: [550, 20] [576, 20] [600, 20]
found snaps: [576, 20] [600, 20] [626, 20]
found snaps: [600, 20] [626, 20] [650, 20]
found snaps: [626, 20] [650, 20] [676, 20]
found snaps: [650, 20] [676, 20] [700, 20]
found snaps: [676, 20] [700, 20] [726, 20]
found snaps: [700, 20] [726, 20] [750, 20]
found snaps: [726, 20] [750, 20] [776, 20]
found snaps: [750, 20] [776, 20] [800, 20]
found snaps: [776, 20] [800, 20] [826, 20]
found snaps: [800, 20] [826, 20] [850, 20]
found snaps: [826, 20] [850, 20] [876, 20]
found snaps: [850, 20] [876, 20] [900, 20]
found snaps: [876, 20] [900, 20] [926, 20]
found snaps: [900, 20] [926, 20] [950, 20]
found snaps: [926, 20] [950, 20] [976, 20]
found snaps: [950, 20] [976, 20] [1000, 20]
found snaps: [976, 20] [1000, 20] [-1, -1]
found snaps: [1000, 20] [-1, -1] [1052, 20]
found snaps: [-1, -1] [1052, 20] [1076, 20]
found snaps: [1052, 20] [1076, 20] [1100, 20]
MPsmooth  1100 28 0 9999
found snaps: [-1, -1] [-1, -1] [-1, -1]
found snaps: [-1, -1] [-1, -1] [-1, -1]
found snaps: [-1, -1] [-1, -1] [-1, -1]
found snaps: [-1, -1] [-1, -1] [-1, -1]
found snaps: [-1, -1] [-1, -1] [-1, -1]
found snaps: [-1, -1] [-1, -1] [-1, -1]
found snaps: [-1, -1] [-1, -1] [-1, -1]
found snaps: [-1, -1] [-1, -1] [-1, -1]
found snaps: [-1, -1] [-1, -1] [-1, -1]
found snaps: [-1, -1] [-1, -1] [-1, -1]
found snaps: [-1, -1] [-1, -1] [-1, -1]
found snaps: [-1, -1] [-1, -1] [-1, -1]
found snaps: [-1, -1] [-1, -1] [-1, -1]
found snaps: [-1, -1] [-1, -1] [-1, -1]
found snaps: [-1, -1] [-1, -1] [-1, -1]
found snaps: [-1, -1] [-1, -1] [-1, -1]
found snaps: [-1, -1] [-1, -1] [-1, -1]
found snaps: [-1, -1] [-1, -1] [-1, -1]
found snaps: [-1, -1] [-1, -1] [-1, -1]
found snaps: [-1, -1] [-1, -1] [-1, -1]
found snaps: [-1, -1] [-1, -1] [-1, -1]
found snaps: [-1, -1] [-1, -1] [-1, -1]
found snaps: [-1, -1] [-1, -1] [-1, -1]
found snaps: [-1, -1] [-1, -1] [-1, -1]
found snaps: [-1, -1] [-1, -1] [-1, -1]
found snaps: [-1, -1] [-1, -1] [-1, -1]
found snaps: [-1, -1] [-1, -1] [-1, -1]
found snaps: [-1, -1] [-1, -1] [-1, -1]
found snaps: [-1, -1] [-1, -1] [-1, -1]
found snaps: [-1, -1] [-1, -1] [-1, -1]
found snaps: [-1, -1] [-1, -1] [-1, -1]
found snaps: [-1, -1] [-1, -1] [-1, -1]
found snaps: [-1, -1] [-1, -1] [-1, -1]
found snaps: [-1, -1] [-1, -1] [1024, 28]
found snaps: [-1, -1] [1024, 28] [-1, -1]
found snaps: [1024, 28] [-1, -1] [-1, -1]
found snaps: [-1, -1] [-1, -1] [1100, 28]
MPsmooth  1100 30 0 9999
found snaps: [150, 30] [175, 30] [200, 30]
found non-monotic obs
1500120.0 1750145.0 2000170.0
0.03913544156607583 0.03729800804605363 0.061501928890454
adjusted to: 0.050318685228264916
found snaps: [175, 30] [200, 30] [225, 30]
found snaps: [200, 30] [225, 30] [250, 30]
found snaps: [225, 30] [250, 30] [275, 30]
found snaps: [250, 30] [275, 30] [300, 30]
found non-monotic obs
2500220.0 2750245.0 3000270.0
0.08537403168074804 0.08875038565073395 0.07938194928434916
adjusted to: 0.0823779904825486
found snaps: [275, 30] [300, 30] [325, 30]
found non-monotic obs
2750245.0 3000270.0 3250295.0
0.0823779904825486 0.07938194928434916 0.1269578540282677
adjusted to: 0.10466792225540815
found snaps: [300, 30] [325, 30] [350, 30]
found snaps: [325, 30] [350, 30] [375, 30]
found non-monotic obs
3250295.0 3500320.0 3750345.0
0.1269578540282677 0.14763089187526326 0.11869235640265062
adjusted to: 0.12282510521545917
found snaps: [350, 30] [375, 30] [400, 30]
found non-monotic obs
3500320.0 3750345.0 4000370.0
0.12282510521545917 0.11869235640265062 0.14905660363112408
adjusted to: 0.13594085442329162
found snaps: [375, 30] [400, 30] [425, 30]
found snaps: [400, 30] [425, 30] [450, 30]
found snaps: [425, 30] [450, 30] [475, 30]
found non-monotic obs
4250395.0 4500420.0 4750445.0
0.15236511451673876 0.2388983783938764 0.23719394551517423
adjusted to: 0.1947795300159565
found snaps: [450, 30] [475, 30] [500, 30]
found snaps: [475, 30] [500, 30] [526, 31]
found snaps: [500, 30] [526, 31] [550, 30]
found snaps: [526, 31] [550, 30] [576, 30]
found non-monotic obs
5260495.0 5500520.0 5760546.0
0.4038696279299403 0.7473989053919341 0.5094908333346551
adjusted to: 0.4566802306322977
found snaps: [550, 30] [576, 30] [600, 30]
found snaps: [576, 30] [600, 30] [626, 30]
found non-monotic obs
5760546.0 6000570.0 6260596.0
0.5094908333346551 0.764416892594788 0.5557263275980899
adjusted to: 0.5326085804663725
found snaps: [600, 30] [626, 30] [650, 30]
found snaps: [626, 30] [650, 30] [676, 30]
found non-monotic obs
6260596.0 6500620.0 6760646.0
0.5557263275980899 0.7101657421891928 0.6876375475545302
adjusted to: 0.6216819375763101
found snaps: [650, 30] [676, 30] [700, 30]
found snaps: [676, 30] [700, 30] [726, 30]
found snaps: [700, 30] [726, 30] [750, 30]
found non-monotic obs
7000670.0 7260696.0 7500720.0
0.8737906561403989 1.6691657068403145 1.6539987773093305
adjusted to: 1.2638947167248646
found snaps: [726, 30] [750, 30] [776, 30]
found snaps: [750, 30] [776, 30] [800, 30]
found snaps: [776, 30] [800, 30] [826, 30]
found snaps: [800, 30] [826, 30] [850, 30]
found snaps: [826, 30] [850, 30] [876, 30]
found snaps: [850, 30] [876, 30] [900, 30]
found snaps: [876, 30] [900, 30] [926, 30]
found snaps: [900, 30] [926, 30] [950, 30]
found non-monotic obs
9000870.0 9260896.0 9500920.0
6.565801973122355 7.043692078602116 5.216958085858251
adjusted to: 5.891380029490303
found snaps: [926, 30] [950, 30] [976, 30]
found non-monotic obs
9260896.0 9500920.0 9760946.0
5.891380029490303 5.216958085858251 5.693609732844328
adjusted to: 5.792494881167316
found snaps: [950, 30] [976, 30] [1000, 30]
found non-monotic obs
9500920.0 9760946.0 10000970.0
5.792494881167316 5.693609732844328 9.787567476408245
adjusted to: 7.79003117878778
found snaps: [976, 30] [1000, 30] [-1, -1]
found snaps: [1000, 30] [-1, -1] [-1, -1]
found snaps: [-1, -1] [-1, -1] [-1, -1]
found snaps: [-1, -1] [-1, -1] [-1, -1]
MPsmooth  1100 31 0 9999
found snaps: [150, 30] [175, 30] [200, 30]
found snaps: [175, 30] [200, 30] [225, 30]
found snaps: [200, 30] [225, 30] [250, 30]
found snaps: [225, 30] [250, 30] [275, 30]
found non-monotic obs
2250195.0 2500220.0 2750245.0
0.06565595580400828 0.08537403168074804 0.0823779904825486
adjusted to: 0.07401697314327843
found snaps: [250, 30] [275, 30] [300, 30]
found snaps: [275, 30] [300, 30] [325, 30]
found snaps: [300, 30] [325, 30] [350, 30]
found non-monotic obs
3000270.0 3250295.0 3500320.0
0.10466792225540815 0.1269578540282677 0.12282510521545917
adjusted to: 0.11374651373543365
found snaps: [325, 30] [350, 30] [375, 30]
found snaps: [350, 30] [375, 30] [400, 30]
found snaps: [375, 30] [400, 30] [425, 30]
found snaps: [400, 30] [425, 30] [450, 30]
found snaps: [425, 30] [450, 30] [475, 30]
found snaps: [450, 30] [475, 30] [500, 30]
found snaps: [475, 30] [500, 30] [526, 31]
found snaps: [500, 30] [526, 31] [550, 30]
found snaps: [526, 31] [550, 30] [576, 30]
found snaps: [550, 30] [576, 30] [600, 30]
found snaps: [576, 30] [600, 30] [626, 30]
found snaps: [600, 30] [626, 30] [650, 30]
found snaps: [626, 30] [650, 30] [676, 30]
found snaps: [650, 30] [676, 30] [700, 30]
found snaps: [676, 30] [700, 30] [726, 30]
found snaps: [700, 30] [726, 30] [750, 30]
found snaps: [726, 30] [750, 30] [776, 30]
found snaps: [750, 30] [776, 30] [800, 30]
found snaps: [776, 30] [800, 30] [826, 30]
found snaps: [800, 30] [826, 30] [850, 30]
found snaps: [826, 30] [850, 30] [876, 30]
found snaps: [850, 30] [876, 30] [900, 30]
found snaps: [876, 30] [900, 30] [926, 30]
found non-monotic obs
8760846.0 9000870.0 9260896.0
4.023160244629121 6.565801973122355 5.891380029490303
adjusted to: 4.957270137059712
found snaps: [900, 30] [926, 30] [950, 30]
found non-monotic obs
9000870.0 9260896.0 9500920.0
4.957270137059712 5.891380029490303 5.792494881167316
adjusted to: 5.3748825091135135
found snaps: [926, 30] [950, 30] [976, 30]
found snaps: [950, 30] [976, 30] [1000, 30]
found snaps: [976, 30] [1000, 30] [-1, -1]
found snaps: [1000, 30] [-1, -1] [1052, 32]
found snaps: [-1, -1] [1052, 32] [1076, 32]
found snaps: [1052, 32] [1076, 32] [-1, -1]
MPsmooth  1100 32 0 9999
found snaps: [-1, -1] [-1, -1] [-1, -1]
found snaps: [-1, -1] [-1, -1] [-1, -1]
found snaps: [-1, -1] [-1, -1] [-1, -1]
found snaps: [-1, -1] [-1, -1] [-1, -1]
found snaps: [-1, -1] [-1, -1] [-1, -1]
found snaps: [-1, -1] [-1, -1] [-1, -1]
found snaps: [-1, -1] [-1, -1] [-1, -1]
found snaps: [-1, -1] [-1, -1] [-1, -1]
found snaps: [-1, -1] [-1, -1] [-1, -1]
found snaps: [-1, -1] [-1, -1] [-1, -1]
found snaps: [-1, -1] [-1, -1] [-1, -1]
found snaps: [-1, -1] [-1, -1] [-1, -1]
found snaps: [-1, -1] [-1, -1] [-1, -1]
found snaps: [-1, -1] [-1, -1] [526, 31]
found snaps: [-1, -1] [526, 31] [-1, -1]
found snaps: [526, 31] [-1, -1] [-1, -1]
found snaps: [-1, -1] [-1, -1] [-1, -1]
found snaps: [-1, -1] [-1, -1] [-1, -1]
found snaps: [-1, -1] [-1, -1] [-1, -1]
found snaps: [-1, -1] [-1, -1] [-1, -1]
found snaps: [-1, -1] [-1, -1] [-1, -1]
found snaps: [-1, -1] [-1, -1] [-1, -1]
found snaps: [-1, -1] [-1, -1] [-1, -1]
found snaps: [-1, -1] [-1, -1] [-1, -1]
found snaps: [-1, -1] [-1, -1] [-1, -1]
found snaps: [-1, -1] [-1, -1] [-1, -1]
found snaps: [-1, -1] [-1, -1] [-1, -1]
found snaps: [-1, -1] [-1, -1] [-1, -1]
found snaps: [-1, -1] [-1, -1] [-1, -1]
found snaps: [-1, -1] [-1, -1] [-1, -1]
found snaps: [-1, -1] [-1, -1] [-1, -1]
found snaps: [-1, -1] [-1, -1] [-1, -1]
found snaps: [-1, -1] [-1, -1] [-1, -1]
found snaps: [-1, -1] [-1, -1] [-1, -1]
found snaps: [-1, -1] [-1, -1] [1052, 32]
found snaps: [-1, -1] [1052, 32] [1076, 32]
found snaps: [1052, 32] [1076, 32] [-1, -1]
MPsmooth  1100 38 0 9999
found snaps: [-1, -1] [-1, -1] [-1, -1]
found snaps: [-1, -1] [-1, -1] [-1, -1]
found snaps: [-1, -1] [-1, -1] [-1, -1]
found snaps: [-1, -1] [-1, -1] [-1, -1]
found snaps: [-1, -1] [-1, -1] [-1, -1]
found snaps: [-1, -1] [-1, -1] [-1, -1]
found snaps: [-1, -1] [-1, -1] [-1, -1]
found snaps: [-1, -1] [-1, -1] [-1, -1]
found snaps: [-1, -1] [-1, -1] [-1, -1]
found snaps: [-1, -1] [-1, -1] [-1, -1]
found snaps: [-1, -1] [-1, -1] [-1, -1]
found snaps: [-1, -1] [-1, -1] [-1, -1]
found snaps: [-1, -1] [-1, -1] [-1, -1]
found snaps: [-1, -1] [-1, -1] [-1, -1]
found snaps: [-1, -1] [-1, -1] [-1, -1]
found snaps: [-1, -1] [-1, -1] [-1, -1]
found snaps: [-1, -1] [-1, -1] [-1, -1]
found snaps: [-1, -1] [-1, -1] [-1, -1]
found snaps: [-1, -1] [-1, -1] [-1, -1]
found snaps: [-1, -1] [-1, -1] [-1, -1]
found snaps: [-1, -1] [-1, -1] [-1, -1]
found snaps: [-1, -1] [-1, -1] [-1, -1]
found snaps: [-1, -1] [-1, -1] [-1, -1]
found snaps: [-1, -1] [-1, -1] [-1, -1]
found snaps: [-1, -1] [-1, -1] [-1, -1]
found snaps: [-1, -1] [-1, -1] [-1, -1]
found snaps: [-1, -1] [-1, -1] [-1, -1]
found snaps: [-1, -1] [-1, -1] [-1, -1]
found snaps: [-1, -1] [-1, -1] [-1, -1]
found snaps: [-1, -1] [-1, -1] [-1, -1]
found snaps: [-1, -1] [-1, -1] [-1, -1]
found snaps: [-1, -1] [-1, -1] [-1, -1]
found snaps: [-1, -1] [-1, -1] [-1, -1]
found snaps: [-1, -1] [-1, -1] [1024, 38]
found snaps: [-1, -1] [1024, 38] [-1, -1]
found snaps: [1024, 38] [-1, -1] [-1, -1]
found snaps: [-1, -1] [-1, -1] [-1, -1]
MPsmooth  1100 40 0 9999
found snaps: [150, 40] [175, 40] [200, 40]
found snaps: [175, 40] [200, 40] [225, 40]
found snaps: [200, 40] [225, 40] [250, 40]
found snaps: [225, 40] [250, 40] [275, 40]
found snaps: [250, 40] [275, 40] [300, 40]
found snaps: [275, 40] [300, 40] [325, 40]
found snaps: [300, 40] [325, 40] [350, 40]
found snaps: [325, 40] [350, 40] [375, 40]
found snaps: [350, 40] [375, 40] [400, 40]
found snaps: [375, 40] [400, 40] [425, 40]
found non-monotic obs
3750335.0 4000360.0 4250385.0
0.3010818727471818 0.4176970083617338 0.28752183457351677
adjusted to: 0.2943018536603493
found snaps: [400, 40] [425, 40] [450, 40]
found non-monotic obs
4000360.0 4250385.0 4500410.0
0.2943018536603493 0.28752183457351677 0.46258145099934045
adjusted to: 0.37844165232984484
found snaps: [425, 40] [450, 40] [475, 40]
found snaps: [450, 40] [475, 40] [500, 40]
found non-monotic obs
4500410.0 4750435.0 5000460.0
0.46258145099934045 0.5559394471769793 0.4373282449753363
adjusted to: 0.44995484798733837
found snaps: [475, 40] [500, 40] [526, 41]
found non-monotic obs
4750435.0 5000460.0 5260485.0
0.44995484798733837 0.4373282449753363 0.9014272606722414
adjusted to: 0.6756910543297899
found snaps: [500, 40] [526, 41] [550, 40]
found non-monotic obs
5000460.0 5260485.0 5500510.0
0.6756910543297899 0.9014272606722414 0.8787507947983553
adjusted to: 0.7772209245640727
found snaps: [526, 41] [550, 40] [576, 40]
found non-monotic obs
5260485.0 5500510.0 5760536.0
0.7772209245640727 0.8787507947983553 0.8462241047646138
adjusted to: 0.8117225146643432
found snaps: [550, 40] [576, 40] [600, 40]
found non-monotic obs
5500510.0 5760536.0 6000560.0
0.8117225146643432 0.8462241047646138 0.8344302952468128
adjusted to: 0.823076404955578
found snaps: [576, 40] [600, 40] [626, 40]
found snaps: [600, 40] [626, 40] [650, 40]
found snaps: [626, 40] [650, 40] [676, 40]
found snaps: [650, 40] [676, 40] [700, 40]
found non-monotic obs
6500610.0 6760636.0 7000660.0
1.1152408011147372 1.3855872061592986 1.3324666256641502
adjusted to: 1.2238537133894436
found snaps: [676, 40] [700, 40] [726, 40]
found snaps: [700, 40] [726, 40] [750, 40]
found snaps: [726, 40] [750, 40] [776, 40]
found snaps: [750, 40] [776, 40] [800, 40]
found non-monotic obs
7500710.0 7760736.0 8000760.0
2.9371967014257314 3.343334684620209 2.867052338265088
adjusted to: 2.90212451984541
found snaps: [776, 40] [800, 40] [826, 40]
found non-monotic obs
7760736.0 8000760.0 8260786.0
2.90212451984541 2.867052338265088 3.1632473421040643
adjusted to: 3.032685930974737
found snaps: [800, 40] [826, 40] [850, 40]
found snaps: [826, 40] [850, 40] [876, 40]
found non-monotic obs
8260786.0 8500810.0 8760836.0
3.1632473421040643 5.441886273308923 3.816969086187887
adjusted to: 3.490108214145976
found snaps: [850, 40] [876, 40] [900, 40]
found snaps: [876, 40] [900, 40] [926, 40]
found snaps: [900, 40] [926, 40] [950, 40]
found snaps: [926, 40] [950, 40] [976, 40]
found non-monotic obs
9260886.0 9500910.0 9760936.0
8.856608968859032 9.266928497036686 8.908190517744618
adjusted to: 8.882399743301825
found snaps: [950, 40] [976, 40] [1000, 40]
found non-monotic obs
9500910.0 9760936.0 10000960.0
8.882399743301825 8.908190517744618 8.069152337662551
adjusted to: 8.475776040482188
found snaps: [976, 40] [1000, 40] [-1, -1]
found snaps: [1000, 40] [-1, -1] [-1, -1]
found snaps: [-1, -1] [-1, -1] [1076, 40]
found snaps: [-1, -1] [1076, 40] [1100, 40]
MPsmooth  1100 41 0 9999
found snaps: [150, 40] [175, 40] [200, 40]
found snaps: [175, 40] [200, 40] [225, 40]
found snaps: [200, 40] [225, 40] [250, 40]
found snaps: [225, 40] [250, 40] [275, 40]
found snaps: [250, 40] [275, 40] [300, 40]
found snaps: [275, 40] [300, 40] [325, 40]
found snaps: [300, 40] [325, 40] [350, 40]
found snaps: [325, 40] [350, 40] [375, 40]
found snaps: [350, 40] [375, 40] [400, 40]
found non-monotic obs
3500310.0 3750335.0 4000360.0
0.24522588213701169 0.3010818727471818 0.2943018536603493
adjusted to: 0.26976386789868045
found snaps: [375, 40] [400, 40] [425, 40]
found snaps: [400, 40] [425, 40] [450, 40]
found snaps: [425, 40] [450, 40] [475, 40]
found non-monotic obs
4250385.0 4500410.0 4750435.0
0.37844165232984484 0.46258145099934045 0.44995484798733837
adjusted to: 0.4141982501585916
found snaps: [450, 40] [475, 40] [500, 40]
found snaps: [475, 40] [500, 40] [526, 41]
found snaps: [500, 40] [526, 41] [550, 40]
found snaps: [526, 41] [550, 40] [576, 40]
found snaps: [550, 40] [576, 40] [600, 40]
found snaps: [576, 40] [600, 40] [626, 40]
found snaps: [600, 40] [626, 40] [650, 40]
found snaps: [626, 40] [650, 40] [676, 40]
found snaps: [650, 40] [676, 40] [700, 40]
found snaps: [676, 40] [700, 40] [726, 40]
found snaps: [700, 40] [726, 40] [750, 40]
found snaps: [726, 40] [750, 40] [776, 40]
found non-monotic obs
7260686.0 7500710.0 7760736.0
1.8432664319618839 2.9371967014257314 2.90212451984541
adjusted to: 2.372695475903647
found snaps: [750, 40] [776, 40] [800, 40]
found snaps: [776, 40] [800, 40] [826, 40]
found snaps: [800, 40] [826, 40] [850, 40]
found snaps: [826, 40] [850, 40] [876, 40]
found snaps: [850, 40] [876, 40] [900, 40]
found snaps: [876, 40] [900, 40] [926, 40]
found snaps: [900, 40] [926, 40] [950, 40]
found snaps: [926, 40] [950, 40] [976, 40]
found non-monotic obs
9260886.0 9500910.0 9760936.0
8.856608968859032 8.882399743301825 8.475776040482188
adjusted to: 8.66619250467061
found snaps: [950, 40] [976, 40] [1000, 40]
found non-monotic obs
9500910.0 9760936.0 10000960.0
8.66619250467061 8.475776040482188 8.069152337662551
adjusted to: 8.367672421166581
found snaps: [976, 40] [1000, 40] [-1, -1]
found snaps: [1000, 40] [-1, -1] [1052, 42]
found snaps: [-1, -1] [1052, 42] [1076, 40]
found snaps: [1052, 42] [1076, 40] [1100, 40]
found non-monotic obs
10521010.0 10761036.0 11001060.0
19.39141220249492 20.404932805874143 17.988101752648426
adjusted to: 18.689756977571673
MPsmooth  1100 42 0 9999
found snaps: [-1, -1] [-1, -1] [-1, -1]
found snaps: [-1, -1] [-1, -1] [-1, -1]
found snaps: [-1, -1] [-1, -1] [-1, -1]
found snaps: [-1, -1] [-1, -1] [-1, -1]
found snaps: [-1, -1] [-1, -1] [-1, -1]
found snaps: [-1, -1] [-1, -1] [-1, -1]
found snaps: [-1, -1] [-1, -1] [-1, -1]
found snaps: [-1, -1] [-1, -1] [-1, -1]
found snaps: [-1, -1] [-1, -1] [-1, -1]
found snaps: [-1, -1] [-1, -1] [-1, -1]
found snaps: [-1, -1] [-1, -1] [-1, -1]
found snaps: [-1, -1] [-1, -1] [-1, -1]
found snaps: [-1, -1] [-1, -1] [-1, -1]
found snaps: [-1, -1] [-1, -1] [526, 41]
found snaps: [-1, -1] [526, 41] [-1, -1]
found snaps: [526, 41] [-1, -1] [-1, -1]
found snaps: [-1, -1] [-1, -1] [-1, -1]
found snaps: [-1, -1] [-1, -1] [-1, -1]
found snaps: [-1, -1] [-1, -1] [-1, -1]
found snaps: [-1, -1] [-1, -1] [-1, -1]
found snaps: [-1, -1] [-1, -1] [-1, -1]
found snaps: [-1, -1] [-1, -1] [-1, -1]
found snaps: [-1, -1] [-1, -1] [-1, -1]
found snaps: [-1, -1] [-1, -1] [-1, -1]
found snaps: [-1, -1] [-1, -1] [-1, -1]
found snaps: [-1, -1] [-1, -1] [-1, -1]
found snaps: [-1, -1] [-1, -1] [-1, -1]
found snaps: [-1, -1] [-1, -1] [-1, -1]
found snaps: [-1, -1] [-1, -1] [-1, -1]
found snaps: [-1, -1] [-1, -1] [-1, -1]
found snaps: [-1, -1] [-1, -1] [-1, -1]
found snaps: [-1, -1] [-1, -1] [-1, -1]
found snaps: [-1, -1] [-1, -1] [-1, -1]
found snaps: [-1, -1] [-1, -1] [-1, -1]
found snaps: [-1, -1] [-1, -1] [1052, 42]
found snaps: [-1, -1] [1052, 42] [-1, -1]
found snaps: [1052, 42] [-1, -1] [-1, -1]
MPsmooth  1100 48 0 9999
found snaps: [-1, -1] [-1, -1] [-1, -1]
found snaps: [-1, -1] [-1, -1] [-1, -1]
found snaps: [-1, -1] [-1, -1] [-1, -1]
found snaps: [-1, -1] [-1, -1] [-1, -1]
found snaps: [-1, -1] [-1, -1] [-1, -1]
found snaps: [-1, -1] [-1, -1] [-1, -1]
found snaps: [-1, -1] [-1, -1] [-1, -1]
found snaps: [-1, -1] [-1, -1] [-1, -1]
found snaps: [-1, -1] [-1, -1] [-1, -1]
found snaps: [-1, -1] [-1, -1] [-1, -1]
found snaps: [-1, -1] [-1, -1] [-1, -1]
found snaps: [-1, -1] [-1, -1] [-1, -1]
found snaps: [-1, -1] [-1, -1] [-1, -1]
found snaps: [-1, -1] [-1, -1] [-1, -1]
found snaps: [-1, -1] [-1, -1] [-1, -1]
found snaps: [-1, -1] [-1, -1] [-1, -1]
found snaps: [-1, -1] [-1, -1] [-1, -1]
found snaps: [-1, -1] [-1, -1] [-1, -1]
found snaps: [-1, -1] [-1, -1] [-1, -1]
found snaps: [-1, -1] [-1, -1] [-1, -1]
found snaps: [-1, -1] [-1, -1] [-1, -1]
found snaps: [-1, -1] [-1, -1] [-1, -1]
found snaps: [-1, -1] [-1, -1] [-1, -1]
found snaps: [-1, -1] [-1, -1] [-1, -1]
found snaps: [-1, -1] [-1, -1] [-1, -1]
found snaps: [-1, -1] [-1, -1] [-1, -1]
found snaps: [-1, -1] [-1, -1] [-1, -1]
found snaps: [-1, -1] [-1, -1] [-1, -1]
found snaps: [-1, -1] [-1, -1] [-1, -1]
found snaps: [-1, -1] [-1, -1] [-1, -1]
found snaps: [-1, -1] [-1, -1] [-1, -1]
found snaps: [-1, -1] [-1, -1] [-1, -1]
found snaps: [-1, -1] [-1, -1] [-1, -1]
found snaps: [-1, -1] [-1, -1] [1024, 48]
found snaps: [-1, -1] [1024, 48] [-1, -1]
found snaps: [1024, 48] [-1, -1] [-1, -1]
found snaps: [-1, -1] [-1, -1] [1100, 48]
MPsmooth  1100 50 0 9999
found snaps: [150, 50] [175, 50] [200, 50]
found snaps: [175, 50] [200, 50] [225, 50]
found snaps: [200, 50] [225, 50] [250, 50]
found snaps: [225, 50] [250, 50] [275, 50]
found snaps: [250, 50] [275, 50] [300, 50]
found snaps: [275, 50] [300, 50] [325, 50]
found snaps: [300, 50] [325, 50] [350, 50]
found non-monotic obs
3000250.0 3250275.0 3500300.0
0.23789507483729944 0.3264349497339701 0.311942372843778
adjusted to: 0.2749187238405387
found snaps: [325, 50] [350, 50] [375, 50]
found snaps: [350, 50] [375, 50] [400, 50]
found non-monotic obs
3500300.0 3750325.0 4000350.0
0.311942372843778 0.4106380769519068 0.4035735632851753
adjusted to: 0.3577579680644767
found snaps: [375, 50] [400, 50] [425, 50]
found snaps: [400, 50] [425, 50] [450, 50]
found snaps: [425, 50] [450, 50] [475, 50]
found snaps: [450, 50] [475, 50] [500, 50]
found snaps: [475, 50] [500, 50] [526, 51]
found snaps: [500, 50] [526, 51] [550, 50]
found snaps: [526, 51] [550, 50] [576, 50]
found non-monotic obs
5260475.0 5500500.0 5760526.0
0.8846887708085652 1.0149051700310374 1.0023187970511067
adjusted to: 0.9435037839298359
found snaps: [550, 50] [576, 50] [600, 50]
found snaps: [576, 50] [600, 50] [626, 50]
found snaps: [600, 50] [626, 50] [650, 50]
found snaps: [626, 50] [650, 50] [676, 50]
found non-monotic obs
6260576.0 6500600.0 6760626.0
1.5929036076437035 2.2364068979006335 1.2271951410180753
adjusted to: 1.4100493743308893
found snaps: [650, 50] [676, 50] [700, 50]
found non-monotic obs
6500600.0 6760626.0 7000650.0
1.4100493743308893 1.2271951410180753 1.4503589223357634
adjusted to: 1.4302041483333263
found snaps: [676, 50] [700, 50] [726, 50]
found snaps: [700, 50] [726, 50] [750, 50]
found snaps: [726, 50] [750, 50] [776, 50]
found snaps: [750, 50] [776, 50] [800, 50]
found non-monotic obs
7500700.0 7760726.0 8000750.0
2.903910061913912 3.8117779234437905 3.757247380991817
adjusted to: 3.3305787214528646
found snaps: [776, 50] [800, 50] [826, 50]
found snaps: [800, 50] [826, 50] [850, 50]
found non-monotic obs
8000750.0 8260776.0 8500800.0
3.757247380991817 6.016422911115855 4.7094371505828665
adjusted to: 4.233342265787342
found snaps: [826, 50] [850, 50] [876, 50]
found snaps: [850, 50] [876, 50] [900, 50]
found snaps: [876, 50] [900, 50] [926, 50]
found non-monotic obs
8760826.0 9000850.0 9260876.0
5.0619354265343635 11.580849971213992 10.0392710290363
adjusted to: 7.550603227785332
found snaps: [900, 50] [926, 50] [950, 50]
found snaps: [926, 50] [950, 50] [976, 50]
found non-monotic obs
9260876.0 9500900.0 9760926.0
10.0392710290363 15.262249146977748 12.34127935885299
adjusted to: 11.190275193944645
found snaps: [950, 50] [976, 50] [1000, 50]
found snaps: [976, 50] [1000, 50] [-1, -1]
found snaps: [1000, 50] [-1, -1] [-1, -1]
found snaps: [-1, -1] [-1, -1] [-1, -1]
found snaps: [-1, -1] [-1, -1] [-1, -1]
MPsmooth  1100 51 0 9999
found snaps: [150, 50] [175, 50] [200, 50]
found snaps: [175, 50] [200, 50] [225, 50]
found snaps: [200, 50] [225, 50] [250, 50]
found snaps: [225, 50] [250, 50] [275, 50]
found snaps: [250, 50] [275, 50] [300, 50]
found snaps: [275, 50] [300, 50] [325, 50]
found snaps: [300, 50] [325, 50] [350, 50]
found snaps: [325, 50] [350, 50] [375, 50]
found snaps: [350, 50] [375, 50] [400, 50]
found snaps: [375, 50] [400, 50] [425, 50]
found snaps: [400, 50] [425, 50] [450, 50]
found snaps: [425, 50] [450, 50] [475, 50]
found snaps: [450, 50] [475, 50] [500, 50]
found snaps: [475, 50] [500, 50] [526, 51]
found snaps: [500, 50] [526, 51] [550, 50]
found snaps: [526, 51] [550, 50] [576, 50]
found snaps: [550, 50] [576, 50] [600, 50]
found snaps: [576, 50] [600, 50] [626, 50]
found snaps: [600, 50] [626, 50] [650, 50]
found non-monotic obs
6000550.0 6260576.0 6500600.0
1.1226334509346214 1.5929036076437035 1.4100493743308893
adjusted to: 1.2663414126327552
found snaps: [626, 50] [650, 50] [676, 50]
found snaps: [650, 50] [676, 50] [700, 50]
found snaps: [676, 50] [700, 50] [726, 50]
found snaps: [700, 50] [726, 50] [750, 50]
found snaps: [726, 50] [750, 50] [776, 50]
found snaps: [750, 50] [776, 50] [800, 50]
found snaps: [776, 50] [800, 50] [826, 50]
found snaps: [800, 50] [826, 50] [850, 50]
found snaps: [826, 50] [850, 50] [876, 50]
found snaps: [850, 50] [876, 50] [900, 50]
found snaps: [876, 50] [900, 50] [926, 50]
found snaps: [900, 50] [926, 50] [950, 50]
found snaps: [926, 50] [950, 50] [976, 50]
found snaps: [950, 50] [976, 50] [1000, 50]
found snaps: [976, 50] [1000, 50] [-1, -1]
found snaps: [1000, 50] [-1, -1] [1052, 52]
found snaps: [-1, -1] [1052, 52] [1076, 52]
found snaps: [1052, 52] [1076, 52] [-1, -1]
MPsmooth  1100 52 0 9999
found snaps: [-1, -1] [-1, -1] [-1, -1]
found snaps: [-1, -1] [-1, -1] [-1, -1]
found snaps: [-1, -1] [-1, -1] [-1, -1]
found snaps: [-1, -1] [-1, -1] [-1, -1]
found snaps: [-1, -1] [-1, -1] [-1, -1]
found snaps: [-1, -1] [-1, -1] [-1, -1]
found snaps: [-1, -1] [-1, -1] [-1, -1]
found snaps: [-1, -1] [-1, -1] [-1, -1]
found snaps: [-1, -1] [-1, -1] [-1, -1]
found snaps: [-1, -1] [-1, -1] [-1, -1]
found snaps: [-1, -1] [-1, -1] [-1, -1]
found snaps: [-1, -1] [-1, -1] [-1, -1]
found snaps: [-1, -1] [-1, -1] [-1, -1]
found snaps: [-1, -1] [-1, -1] [526, 51]
found snaps: [-1, -1] [526, 51] [-1, -1]
found snaps: [526, 51] [-1, -1] [-1, -1]
found snaps: [-1, -1] [-1, -1] [-1, -1]
found snaps: [-1, -1] [-1, -1] [-1, -1]
found snaps: [-1, -1] [-1, -1] [-1, -1]
found snaps: [-1, -1] [-1, -1] [-1, -1]
found snaps: [-1, -1] [-1, -1] [-1, -1]
found snaps: [-1, -1] [-1, -1] [-1, -1]
found snaps: [-1, -1] [-1, -1] [-1, -1]
found snaps: [-1, -1] [-1, -1] [-1, -1]
found snaps: [-1, -1] [-1, -1] [-1, -1]
found snaps: [-1, -1] [-1, -1] [-1, -1]
found snaps: [-1, -1] [-1, -1] [-1, -1]
found snaps: [-1, -1] [-1, -1] [-1, -1]
found snaps: [-1, -1] [-1, -1] [-1, -1]
found snaps: [-1, -1] [-1, -1] [-1, -1]
found snaps: [-1, -1] [-1, -1] [-1, -1]
found snaps: [-1, -1] [-1, -1] [-1, -1]
found snaps: [-1, -1] [-1, -1] [-1, -1]
found snaps: [-1, -1] [-1, -1] [-1, -1]
found snaps: [-1, -1] [-1, -1] [1052, 52]
found snaps: [-1, -1] [1052, 52] [1076, 52]
found snaps: [1052, 52] [1076, 52] [-1, -1]
MPsmooth  1100 58 0 9999
found snaps: [-1, -1] [-1, -1] [-1, -1]
found snaps: [-1, -1] [-1, -1] [-1, -1]
found snaps: [-1, -1] [-1, -1] [-1, -1]
found snaps: [-1, -1] [-1, -1] [-1, -1]
found snaps: [-1, -1] [-1, -1] [-1, -1]
found snaps: [-1, -1] [-1, -1] [-1, -1]
found snaps: [-1, -1] [-1, -1] [-1, -1]
found snaps: [-1, -1] [-1, -1] [-1, -1]
found snaps: [-1, -1] [-1, -1] [-1, -1]
found snaps: [-1, -1] [-1, -1] [-1, -1]
found snaps: [-1, -1] [-1, -1] [-1, -1]
found snaps: [-1, -1] [-1, -1] [-1, -1]
found snaps: [-1, -1] [-1, -1] [-1, -1]
found snaps: [-1, -1] [-1, -1] [-1, -1]
found snaps: [-1, -1] [-1, -1] [-1, -1]
found snaps: [-1, -1] [-1, -1] [-1, -1]
found snaps: [-1, -1] [-1, -1] [-1, -1]
found snaps: [-1, -1] [-1, -1] [-1, -1]
found snaps: [-1, -1] [-1, -1] [-1, -1]
found snaps: [-1, -1] [-1, -1] [-1, -1]
found snaps: [-1, -1] [-1, -1] [-1, -1]
found snaps: [-1, -1] [-1, -1] [-1, -1]
found snaps: [-1, -1] [-1, -1] [-1, -1]
found snaps: [-1, -1] [-1, -1] [-1, -1]
found snaps: [-1, -1] [-1, -1] [-1, -1]
found snaps: [-1, -1] [-1, -1] [-1, -1]
found snaps: [-1, -1] [-1, -1] [-1, -1]
found snaps: [-1, -1] [-1, -1] [-1, -1]
found snaps: [-1, -1] [-1, -1] [-1, -1]
found snaps: [-1, -1] [-1, -1] [-1, -1]
found snaps: [-1, -1] [-1, -1] [-1, -1]
found snaps: [-1, -1] [-1, -1] [-1, -1]
found snaps: [-1, -1] [-1, -1] [-1, -1]
found snaps: [-1, -1] [-1, -1] [1024, 58]
found snaps: [-1, -1] [1024, 58] [-1, -1]
found snaps: [1024, 58] [-1, -1] [-1, -1]
found snaps: [-1, -1] [-1, -1] [-1, -1]
MPsmooth  1100 60 0 9999
found snaps: [150, 60] [175, 60] [200, 60]
found snaps: [175, 60] [200, 60] [225, 60]
found snaps: [200, 60] [225, 60] [250, 60]
found snaps: [225, 60] [250, 60] [275, 60]
found snaps: [250, 60] [275, 60] [300, 60]
found snaps: [275, 60] [300, 60] [325, 60]
found snaps: [300, 60] [325, 60] [350, 60]
found snaps: [325, 60] [350, 60] [375, 60]
found snaps: [350, 60] [375, 60] [400, 60]
found snaps: [375, 60] [400, 60] [425, 60]
found snaps: [400, 60] [425, 60] [450, 60]
found non-monotic obs
4000340.0 4250365.0 4500390.0
0.6310114853149962 0.7836142518197945 0.7560354726729145
adjusted to: 0.6935234789939553
found snaps: [425, 60] [450, 60] [475, 60]
found snaps: [450, 60] [475, 60] [500, 60]
found snaps: [475, 60] [500, 60] [526, 61]
found non-monotic obs
4750415.0 5000440.0 5260465.0
0.7816768059968726 1.1429657706828604 1.0567908693082335
adjusted to: 0.9192338376525531
found snaps: [500, 60] [526, 61] [550, 60]
found snaps: [526, 61] [550, 60] [576, 60]
found non-monotic obs
5260465.0 5500490.0 5760516.0
1.0567908693082335 1.5223189621291924 1.311483578840522
adjusted to: 1.1841372240743777
found snaps: [550, 60] [576, 60] [600, 60]
found snaps: [576, 60] [600, 60] [626, 60]
found snaps: [600, 60] [626, 60] [650, 60]
found non-monotic obs
6000540.0 6260566.0 6500590.0
1.7071383228243202 2.1454995195377675 2.1162477511210716
adjusted to: 1.9116930369726959
found snaps: [626, 60] [650, 60] [676, 60]
found snaps: [650, 60] [676, 60] [700, 60]
found non-monotic obs
6500590.0 6760616.0 7000640.0
2.1162477511210716 2.400592524383079 2.1135191717847093
adjusted to: 2.1148834614528904
found snaps: [676, 60] [700, 60] [726, 60]
found non-monotic obs
6760616.0 7000640.0 7260666.0
2.1148834614528904 2.1135191717847093 3.240038212000953
adjusted to: 2.6774608367269215
found snaps: [700, 60] [726, 60] [750, 60]
found non-monotic obs
7000640.0 7260666.0 7500690.0
2.6774608367269215 3.240038212000953 3.0140242534771455
adjusted to: 2.8457425451020333
found snaps: [726, 60] [750, 60] [776, 60]
found snaps: [750, 60] [776, 60] [800, 60]
found snaps: [776, 60] [800, 60] [826, 60]
found snaps: [800, 60] [826, 60] [850, 60]
found non-monotic obs
8000740.0 8260766.0 8500790.0
6.153911054770986 8.448185491492994 5.295855901947041
adjusted to: 5.724883478359013
found snaps: [826, 60] [850, 60] [876, 60]
found non-monotic obs
8260766.0 8500790.0 8760816.0
5.724883478359013 5.295855901947041 8.49164772412917
adjusted to: 7.108265601244091
found snaps: [850, 60] [876, 60] [900, 60]
found non-monotic obs
8500790.0 8760816.0 9000840.0
7.108265601244091 8.49164772412917 6.293458362717296
adjusted to: 6.700861981980694
found snaps: [876, 60] [900, 60] [926, 60]
found non-monotic obs
8760816.0 9000840.0 9260866.0
6.700861981980694 6.293458362717296 13.241471706982445
adjusted to: 9.97116684448157
found snaps: [900, 60] [926, 60] [950, 60]
found non-monotic obs
9000840.0 9260866.0 9500890.0
9.97116684448157 13.241471706982445 10.54428477706705
adjusted to: 10.25772581077431
found snaps: [926, 60] [950, 60] [976, 60]
found snaps: [950, 60] [976, 60] [1000, 60]
found snaps: [976, 60] [1000, 60] [-1, -1]
found snaps: [1000, 60] [-1, -1] [-1, -1]
found snaps: [-1, -1] [-1, -1] [1076, 60]
found snaps: [-1, -1] [1076, 60] [1100, 60]
MPsmooth  1100 61 0 9999
found snaps: [150, 60] [175, 60] [200, 60]
found snaps: [175, 60] [200, 60] [225, 60]
found snaps: [200, 60] [225, 60] [250, 60]
found snaps: [225, 60] [250, 60] [275, 60]
found snaps: [250, 60] [275, 60] [300, 60]
found snaps: [275, 60] [300, 60] [325, 60]
found snaps: [300, 60] [325, 60] [350, 60]
found snaps: [325, 60] [350, 60] [375, 60]
found snaps: [350, 60] [375, 60] [400, 60]
found snaps: [375, 60] [400, 60] [425, 60]
found snaps: [400, 60] [425, 60] [450, 60]
found snaps: [425, 60] [450, 60] [475, 60]
found snaps: [450, 60] [475, 60] [500, 60]
found snaps: [475, 60] [500, 60] [526, 61]
found snaps: [500, 60] [526, 61] [550, 60]
found snaps: [526, 61] [550, 60] [576, 60]
found snaps: [550, 60] [576, 60] [600, 60]
found snaps: [576, 60] [600, 60] [626, 60]
found snaps: [600, 60] [626, 60] [650, 60]
found snaps: [626, 60] [650, 60] [676, 60]
found non-monotic obs
6260566.0 6500590.0 6760616.0
1.9116930369726959 2.1162477511210716 2.1148834614528904
adjusted to: 2.0132882492127933
found snaps: [650, 60] [676, 60] [700, 60]
found snaps: [676, 60] [700, 60] [726, 60]
found snaps: [700, 60] [726, 60] [750, 60]
found snaps: [726, 60] [750, 60] [776, 60]
found snaps: [750, 60] [776, 60] [800, 60]
found snaps: [776, 60] [800, 60] [826, 60]
found non-monotic obs
7760716.0 8000740.0 8260766.0
5.376870228279404 6.153911054770986 5.724883478359013
adjusted to: 5.550876853319208
found snaps: [800, 60] [826, 60] [850, 60]
found snaps: [826, 60] [850, 60] [876, 60]
found non-monotic obs
8260766.0 8500790.0 8760816.0
5.724883478359013 7.108265601244091 6.700861981980694
adjusted to: 6.212872730169853
found snaps: [850, 60] [876, 60] [900, 60]
found snaps: [876, 60] [900, 60] [926, 60]
found snaps: [900, 60] [926, 60] [950, 60]
found snaps: [926, 60] [950, 60] [976, 60]
found snaps: [950, 60] [976, 60] [1000, 60]
found snaps: [976, 60] [1000, 60] [-1, -1]
found snaps: [1000, 60] [-1, -1] [1052, 62]
found snaps: [-1, -1] [1052, 62] [1076, 60]
found snaps: [1052, 62] [1076, 60] [1100, 60]
MPsmooth  1100 62 0 9999
found snaps: [-1, -1] [-1, -1] [-1, -1]
found snaps: [-1, -1] [-1, -1] [-1, -1]
found snaps: [-1, -1] [-1, -1] [-1, -1]
found snaps: [-1, -1] [-1, -1] [-1, -1]
found snaps: [-1, -1] [-1, -1] [-1, -1]
found snaps: [-1, -1] [-1, -1] [-1, -1]
found snaps: [-1, -1] [-1, -1] [-1, -1]
found snaps: [-1, -1] [-1, -1] [-1, -1]
found snaps: [-1, -1] [-1, -1] [-1, -1]
found snaps: [-1, -1] [-1, -1] [-1, -1]
found snaps: [-1, -1] [-1, -1] [-1, -1]
found snaps: [-1, -1] [-1, -1] [-1, -1]
found snaps: [-1, -1] [-1, -1] [-1, -1]
found snaps: [-1, -1] [-1, -1] [526, 61]
found snaps: [-1, -1] [526, 61] [-1, -1]
found snaps: [526, 61] [-1, -1] [-1, -1]
found snaps: [-1, -1] [-1, -1] [-1, -1]
found snaps: [-1, -1] [-1, -1] [-1, -1]
found snaps: [-1, -1] [-1, -1] [-1, -1]
found snaps: [-1, -1] [-1, -1] [-1, -1]
found snaps: [-1, -1] [-1, -1] [-1, -1]
found snaps: [-1, -1] [-1, -1] [-1, -1]
found snaps: [-1, -1] [-1, -1] [-1, -1]
found snaps: [-1, -1] [-1, -1] [-1, -1]
found snaps: [-1, -1] [-1, -1] [-1, -1]
found snaps: [-1, -1] [-1, -1] [-1, -1]
found snaps: [-1, -1] [-1, -1] [-1, -1]
found snaps: [-1, -1] [-1, -1] [-1, -1]
found snaps: [-1, -1] [-1, -1] [-1, -1]
found snaps: [-1, -1] [-1, -1] [-1, -1]
found snaps: [-1, -1] [-1, -1] [-1, -1]
found snaps: [-1, -1] [-1, -1] [-1, -1]
found snaps: [-1, -1] [-1, -1] [-1, -1]
found snaps: [-1, -1] [-1, -1] [-1, -1]
found snaps: [-1, -1] [-1, -1] [1052, 62]
found snaps: [-1, -1] [1052, 62] [-1, -1]
found snaps: [1052, 62] [-1, -1] [-1, -1]
MPsmooth  1100 68 0 9999
found snaps: [-1, -1] [-1, -1] [-1, -1]
found snaps: [-1, -1] [-1, -1] [-1, -1]
found snaps: [-1, -1] [-1, -1] [-1, -1]
found snaps: [-1, -1] [-1, -1] [-1, -1]
found snaps: [-1, -1] [-1, -1] [-1, -1]
found snaps: [-1, -1] [-1, -1] [-1, -1]
found snaps: [-1, -1] [-1, -1] [-1, -1]
found snaps: [-1, -1] [-1, -1] [-1, -1]
found snaps: [-1, -1] [-1, -1] [-1, -1]
found snaps: [-1, -1] [-1, -1] [-1, -1]
found snaps: [-1, -1] [-1, -1] [-1, -1]
found snaps: [-1, -1] [-1, -1] [-1, -1]
found snaps: [-1, -1] [-1, -1] [-1, -1]
found snaps: [-1, -1] [-1, -1] [-1, -1]
found snaps: [-1, -1] [-1, -1] [-1, -1]
found snaps: [-1, -1] [-1, -1] [-1, -1]
found snaps: [-1, -1] [-1, -1] [-1, -1]
found snaps: [-1, -1] [-1, -1] [-1, -1]
found snaps: [-1, -1] [-1, -1] [-1, -1]
found snaps: [-1, -1] [-1, -1] [-1, -1]
found snaps: [-1, -1] [-1, -1] [-1, -1]
found snaps: [-1, -1] [-1, -1] [-1, -1]
found snaps: [-1, -1] [-1, -1] [-1, -1]
found snaps: [-1, -1] [-1, -1] [-1, -1]
found snaps: [-1, -1] [-1, -1] [-1, -1]
found snaps: [-1, -1] [-1, -1] [-1, -1]
found snaps: [-1, -1] [-1, -1] [-1, -1]
found snaps: [-1, -1] [-1, -1] [-1, -1]
found snaps: [-1, -1] [-1, -1] [-1, -1]
found snaps: [-1, -1] [-1, -1] [-1, -1]
found snaps: [-1, -1] [-1, -1] [-1, -1]
found snaps: [-1, -1] [-1, -1] [-1, -1]
found snaps: [-1, -1] [-1, -1] [-1, -1]
found snaps: [-1, -1] [-1, -1] [1024, 68]
found snaps: [-1, -1] [1024, 68] [-1, -1]
found snaps: [1024, 68] [-1, -1] [-1, -1]
found snaps: [-1, -1] [-1, -1] [1100, 68]
MPsmooth  1100 70 0 9999
found snaps: [150, 70] [175, 70] [200, 70]
found non-monotic obs
1500080.0 1750105.0 2000130.0
0.08533755881914264 0.08212886947724492 0.15883234963374432
adjusted to: 0.12208495422644347
found snaps: [175, 70] [200, 70] [225, 70]
found snaps: [200, 70] [225, 70] [250, 70]
found snaps: [225, 70] [250, 70] [275, 70]
found snaps: [250, 70] [275, 70] [300, 70]
found snaps: [275, 70] [300, 70] [325, 70]
found snaps: [300, 70] [325, 70] [350, 70]
found snaps: [325, 70] [350, 70] [375, 70]
found snaps: [350, 70] [375, 70] [400, 70]
found snaps: [375, 70] [400, 70] [425, 70]
found snaps: [400, 70] [425, 70] [450, 70]
found non-monotic obs
4000330.0 4250355.0 4500380.0
0.8112223020095025 0.8641323232234301 0.8290996419933597
adjusted to: 0.8201609720014311
found snaps: [425, 70] [450, 70] [475, 70]
found snaps: [450, 70] [475, 70] [500, 70]
found snaps: [475, 70] [500, 70] [526, 71]
found non-monotic obs
4750405.0 5000430.0 5260455.0
1.05803424678302 1.558756930296516 1.2830155129269787
adjusted to: 1.1705248798549994
found snaps: [500, 70] [526, 71] [550, 70]
found snaps: [526, 71] [550, 70] [576, 71]
found snaps: [550, 70] [576, 71] [600, 70]
found non-monotic obs
5500480.0 5760505.0 6000530.0
1.3780857361906145 2.3021123165670585 1.9648266161921104
adjusted to: 1.6714561761913624
found snaps: [576, 71] [600, 70] [626, 70]
found snaps: [600, 70] [626, 70] [650, 70]
found non-monotic obs
6000530.0 6260556.0 6500580.0
1.9648266161921104 2.64086246200757 2.575177276548771
adjusted to: 2.270001946370441
found snaps: [626, 70] [650, 70] [676, 70]
found snaps: [650, 70] [676, 70] [700, 70]
found non-monotic obs
6500580.0 6760606.0 7000630.0
2.575177276548771 3.766325758950698 3.6490540149502606
adjusted to: 3.112115645749516
found snaps: [676, 70] [700, 70] [726, 70]
found snaps: [700, 70] [726, 70] [750, 70]
found snaps: [726, 70] [750, 70] [776, 70]
found non-monotic obs
7260656.0 7500680.0 7760706.0
4.57390894396729 4.998560955123798 4.182801444007604
adjusted to: 4.378355193987447
found snaps: [750, 70] [776, 70] [800, 70]
found non-monotic obs
7500680.0 7760706.0 8000730.0
4.378355193987447 4.182801444007604 7.369369565909277
adjusted to: 5.873862379948362
found snaps: [776, 70] [800, 70] [826, 70]
found snaps: [800, 70] [826, 70] [850, 70]
found non-monotic obs
8000730.0 8260756.0 8500780.0
7.369369565909277 8.153755794851882 7.4835538382961575
adjusted to: 7.426461702102717
found snaps: [826, 70] [850, 70] [876, 70]
found snaps: [850, 70] [876, 70] [900, 70]
found snaps: [876, 70] [900, 70] [926, 70]
found snaps: [900, 70] [926, 70] [950, 70]
found non-monotic obs
9000830.0 9260856.0 9500880.0
13.94458105643673 24.781270943560465 14.424114311983748
adjusted to: 14.18434768421024
found snaps: [926, 70] [950, 70] [976, 70]
found snaps: [950, 70] [976, 70] [1000, 70]
found snaps: [976, 70] [1000, 70] [-1, -1]
found snaps: [1000, 70] [-1, -1] [-1, -1]
found snaps: [-1, -1] [-1, -1] [1076, 70]
found snaps: [-1, -1] [1076, 70] [-1, -1]
MPsmooth  1100 71 0 9999
found snaps: [150, 70] [175, 70] [200, 70]
found snaps: [175, 70] [200, 70] [225, 70]
found snaps: [200, 70] [225, 70] [250, 70]
found snaps: [225, 70] [250, 70] [275, 70]
found snaps: [250, 70] [275, 70] [300, 70]
found snaps: [275, 70] [300, 70] [325, 70]
found snaps: [300, 70] [325, 70] [350, 70]
found snaps: [325, 70] [350, 70] [375, 70]
found snaps: [350, 70] [375, 70] [400, 70]
found snaps: [375, 70] [400, 70] [425, 70]
found snaps: [400, 70] [425, 70] [450, 70]
found snaps: [425, 70] [450, 70] [475, 70]
found snaps: [450, 70] [475, 70] [500, 70]
found snaps: [475, 70] [500, 70] [526, 71]
found snaps: [500, 70] [526, 71] [550, 70]
found snaps: [526, 71] [550, 70] [576, 71]
found snaps: [550, 70] [576, 71] [600, 70]
found snaps: [576, 71] [600, 70] [626, 70]
found snaps: [600, 70] [626, 70] [650, 70]
found snaps: [626, 70] [650, 70] [676, 70]
found snaps: [650, 70] [676, 70] [700, 70]
found snaps: [676, 70] [700, 70] [726, 70]
found snaps: [700, 70] [726, 70] [750, 70]
found non-monotic obs
7000630.0 7260656.0 7500680.0
3.6490540149502606 4.57390894396729 4.378355193987447
adjusted to: 4.013704604468854
found snaps: [726, 70] [750, 70] [776, 70]
found snaps: [750, 70] [776, 70] [800, 70]
found snaps: [776, 70] [800, 70] [826, 70]
found snaps: [800, 70] [826, 70] [850, 70]
found snaps: [826, 70] [850, 70] [876, 70]
found snaps: [850, 70] [876, 70] [900, 70]
found snaps: [876, 70] [900, 70] [926, 70]
found snaps: [900, 70] [926, 70] [950, 70]
found snaps: [926, 70] [950, 70] [976, 70]
found snaps: [950, 70] [976, 70] [1000, 70]
found snaps: [976, 70] [1000, 70] [-1, -1]
found snaps: [1000, 70] [-1, -1] [1052, 72]
found snaps: [-1, -1] [1052, 72] [1076, 70]
found snaps: [1052, 72] [1076, 70] [-1, -1]
MPsmooth  1100 72 0 9999
found snaps: [-1, -1] [-1, -1] [-1, -1]
found snaps: [-1, -1] [-1, -1] [-1, -1]
found snaps: [-1, -1] [-1, -1] [-1, -1]
found snaps: [-1, -1] [-1, -1] [-1, -1]
found snaps: [-1, -1] [-1, -1] [-1, -1]
found snaps: [-1, -1] [-1, -1] [-1, -1]
found snaps: [-1, -1] [-1, -1] [-1, -1]
found snaps: [-1, -1] [-1, -1] [-1, -1]
found snaps: [-1, -1] [-1, -1] [-1, -1]
found snaps: [-1, -1] [-1, -1] [-1, -1]
found snaps: [-1, -1] [-1, -1] [-1, -1]
found snaps: [-1, -1] [-1, -1] [-1, -1]
found snaps: [-1, -1] [-1, -1] [-1, -1]
found snaps: [-1, -1] [-1, -1] [526, 71]
found snaps: [-1, -1] [526, 71] [-1, -1]
found snaps: [526, 71] [-1, -1] [576, 71]
found snaps: [-1, -1] [576, 71] [-1, -1]
found snaps: [576, 71] [-1, -1] [-1, -1]
found snaps: [-1, -1] [-1, -1] [-1, -1]
found snaps: [-1, -1] [-1, -1] [-1, -1]
found snaps: [-1, -1] [-1, -1] [-1, -1]
found snaps: [-1, -1] [-1, -1] [-1, -1]
found snaps: [-1, -1] [-1, -1] [-1, -1]
found snaps: [-1, -1] [-1, -1] [-1, -1]
found snaps: [-1, -1] [-1, -1] [-1, -1]
found snaps: [-1, -1] [-1, -1] [-1, -1]
found snaps: [-1, -1] [-1, -1] [-1, -1]
found snaps: [-1, -1] [-1, -1] [-1, -1]
found snaps: [-1, -1] [-1, -1] [-1, -1]
found snaps: [-1, -1] [-1, -1] [-1, -1]
found snaps: [-1, -1] [-1, -1] [-1, -1]
found snaps: [-1, -1] [-1, -1] [-1, -1]
found snaps: [-1, -1] [-1, -1] [-1, -1]
found snaps: [-1, -1] [-1, -1] [-1, -1]
found snaps: [-1, -1] [-1, -1] [1052, 72]
found snaps: [-1, -1] [1052, 72] [-1, -1]
found snaps: [1052, 72] [-1, -1] [-1, -1]
MPsmooth  1100 78 0 9999
found snaps: [-1, -1] [-1, -1] [-1, -1]
found snaps: [-1, -1] [-1, -1] [-1, -1]
found snaps: [-1, -1] [-1, -1] [-1, -1]
found snaps: [-1, -1] [-1, -1] [-1, -1]
found snaps: [-1, -1] [-1, -1] [-1, -1]
found snaps: [-1, -1] [-1, -1] [-1, -1]
found snaps: [-1, -1] [-1, -1] [-1, -1]
found snaps: [-1, -1] [-1, -1] [-1, -1]
found snaps: [-1, -1] [-1, -1] [-1, -1]
found snaps: [-1, -1] [-1, -1] [-1, -1]
found snaps: [-1, -1] [-1, -1] [-1, -1]
found snaps: [-1, -1] [-1, -1] [-1, -1]
found snaps: [-1, -1] [-1, -1] [-1, -1]
found snaps: [-1, -1] [-1, -1] [-1, -1]
found snaps: [-1, -1] [-1, -1] [-1, -1]
found snaps: [-1, -1] [-1, -1] [-1, -1]
found snaps: [-1, -1] [-1, -1] [-1, -1]
found snaps: [-1, -1] [-1, -1] [-1, -1]
found snaps: [-1, -1] [-1, -1] [-1, -1]
found snaps: [-1, -1] [-1, -1] [-1, -1]
found snaps: [-1, -1] [-1, -1] [-1, -1]
found snaps: [-1, -1] [-1, -1] [-1, -1]
found snaps: [-1, -1] [-1, -1] [-1, -1]
found snaps: [-1, -1] [-1, -1] [-1, -1]
found snaps: [-1, -1] [-1, -1] [-1, -1]
found snaps: [-1, -1] [-1, -1] [-1, -1]
found snaps: [-1, -1] [-1, -1] [-1, -1]
found snaps: [-1, -1] [-1, -1] [-1, -1]
found snaps: [-1, -1] [-1, -1] [-1, -1]
found snaps: [-1, -1] [-1, -1] [-1, -1]
found snaps: [-1, -1] [-1, -1] [-1, -1]
found snaps: [-1, -1] [-1, -1] [-1, -1]
found snaps: [-1, -1] [-1, -1] [-1, -1]
found snaps: [-1, -1] [-1, -1] [1024, 78]
found snaps: [-1, -1] [1024, 78] [-1, -1]
found snaps: [1024, 78] [-1, -1] [-1, -1]
found snaps: [-1, -1] [-1, -1] [-1, -1]
MPsmooth  1100 80 0 9999
found snaps: [150, 80] [175, 80] [200, 80]
found snaps: [175, 80] [200, 80] [225, 80]
found snaps: [200, 80] [225, 80] [250, 80]
found snaps: [225, 80] [250, 80] [275, 80]
found snaps: [250, 80] [275, 80] [300, 80]
found snaps: [275, 80] [300, 80] [325, 80]
found snaps: [300, 80] [325, 80] [350, 80]
found snaps: [325, 80] [350, 80] [375, 80]
found snaps: [350, 80] [375, 80] [400, 80]
found snaps: [375, 80] [400, 80] [425, 80]
found snaps: [400, 80] [425, 80] [450, 80]
found snaps: [425, 80] [450, 80] [475, 80]
found snaps: [450, 80] [475, 80] [500, 80]
found snaps: [475, 80] [500, 80] [526, 81]
found non-monotic obs
4750395.0 5000420.0 5260445.0
1.3989840391537978 1.6860799284162695 1.6612479579895585
adjusted to: 1.5301159985716781
found snaps: [500, 80] [526, 81] [550, 80]
found snaps: [526, 81] [550, 80] [576, 81]
found non-monotic obs
5260445.0 5500470.0 5760495.0
1.6612479579895585 1.7796482134144385 1.6617306534149943
adjusted to: 1.6614893057022764
found snaps: [550, 80] [576, 81] [600, 80]
found snaps: [576, 81] [600, 80] [626, 80]
found non-monotic obs
5760495.0 6000520.0 6260546.0
1.6617306534149943 2.869015520847925 2.336538144259634
adjusted to: 1.999134398837314
found snaps: [600, 80] [626, 80] [650, 80]
found snaps: [626, 80] [650, 80] [676, 80]
found snaps: [650, 80] [676, 80] [700, 80]
found snaps: [676, 80] [700, 80] [726, 80]
found snaps: [700, 80] [726, 80] [750, 80]
found snaps: [726, 80] [750, 80] [776, 80]
found snaps: [750, 80] [776, 80] [800, 80]
found snaps: [776, 80] [800, 80] [826, 80]
found non-monotic obs
7760696.0 8000720.0 8260746.0
8.486369002307788 9.439349959073835 7.619423165356181
adjusted to: 8.052896083831984
found snaps: [800, 80] [826, 80] [850, 80]
found non-monotic obs
8000720.0 8260746.0 8500770.0
8.052896083831984 7.619423165356181 11.335008173790971
adjusted to: 9.693952128811478
found snaps: [826, 80] [850, 80] [876, 80]
found snaps: [850, 80] [876, 80] [900, 80]
found snaps: [876, 80] [900, 80] [926, 80]
found non-monotic obs
8760796.0 9000820.0 9260846.0
13.13131690182393 17.751927635314395 17.339717450799494
adjusted to: 15.235517176311712
found snaps: [900, 80] [926, 80] [950, 80]
found snaps: [926, 80] [950, 80] [976, 80]
found non-monotic obs
9260846.0 9500870.0 9760896.0
17.339717450799494 21.491118355582245 21.389990429317784
adjusted to: 19.364853940058637
found snaps: [950, 80] [976, 80] [1000, 80]
found snaps: [976, 80] [1000, 80] [-1, -1]
found snaps: [1000, 80] [-1, -1] [-1, -1]
found snaps: [-1, -1] [-1, -1] [1076, 80]
found snaps: [-1, -1] [1076, 80] [1100, 80]
MPsmooth  1100 81 0 9999
found snaps: [150, 80] [175, 80] [200, 80]
found snaps: [175, 80] [200, 80] [225, 80]
found snaps: [200, 80] [225, 80] [250, 80]
found snaps: [225, 80] [250, 80] [275, 80]
found snaps: [250, 80] [275, 80] [300, 80]
found snaps: [275, 80] [300, 80] [325, 80]
found snaps: [300, 80] [325, 80] [350, 80]
found snaps: [325, 80] [350, 80] [375, 80]
found snaps: [350, 80] [375, 80] [400, 80]
found snaps: [375, 80] [400, 80] [425, 80]
found snaps: [400, 80] [425, 80] [450, 80]
found snaps: [425, 80] [450, 80] [475, 80]
found snaps: [450, 80] [475, 80] [500, 80]
found snaps: [475, 80] [500, 80] [526, 81]
found snaps: [500, 80] [526, 81] [550, 80]
found snaps: [526, 81] [550, 80] [576, 81]
found snaps: [550, 80] [576, 81] [600, 80]
found snaps: [576, 81] [600, 80] [626, 80]
found snaps: [600, 80] [626, 80] [650, 80]
found snaps: [626, 80] [650, 80] [676, 80]
found snaps: [650, 80] [676, 80] [700, 80]
found snaps: [676, 80] [700, 80] [726, 80]
found snaps: [700, 80] [726, 80] [750, 80]
found snaps: [726, 80] [750, 80] [776, 80]
found snaps: [750, 80] [776, 80] [800, 80]
found non-monotic obs
7500670.0 7760696.0 8000720.0
7.389462429833176 8.486369002307788 8.052896083831984
adjusted to: 7.721179256832579
found snaps: [776, 80] [800, 80] [826, 80]
found snaps: [800, 80] [826, 80] [850, 80]
found snaps: [826, 80] [850, 80] [876, 80]
found snaps: [850, 80] [876, 80] [900, 80]
found snaps: [876, 80] [900, 80] [926, 80]
found snaps: [900, 80] [926, 80] [950, 80]
found snaps: [926, 80] [950, 80] [976, 80]
found snaps: [950, 80] [976, 80] [1000, 80]
found snaps: [976, 80] [1000, 80] [-1, -1]
found snaps: [1000, 80] [-1, -1] [1052, 82]
found snaps: [-1, -1] [1052, 82] [1076, 80]
found snaps: [1052, 82] [1076, 80] [1100, 80]
found non-monotic obs
10520970.0 10760996.0 11001020.0
37.74531576761917 34.37831202482398 38.07006699009037
adjusted to: 37.907691378854764
MPsmooth  1100 82 0 9999
found snaps: [-1, -1] [-1, -1] [-1, -1]
found snaps: [-1, -1] [-1, -1] [-1, -1]
found snaps: [-1, -1] [-1, -1] [-1, -1]
found snaps: [-1, -1] [-1, -1] [-1, -1]
found snaps: [-1, -1] [-1, -1] [-1, -1]
found snaps: [-1, -1] [-1, -1] [-1, -1]
found snaps: [-1, -1] [-1, -1] [-1, -1]
found snaps: [-1, -1] [-1, -1] [-1, -1]
found snaps: [-1, -1] [-1, -1] [-1, -1]
found snaps: [-1, -1] [-1, -1] [-1, -1]
found snaps: [-1, -1] [-1, -1] [-1, -1]
found snaps: [-1, -1] [-1, -1] [-1, -1]
found snaps: [-1, -1] [-1, -1] [-1, -1]
found snaps: [-1, -1] [-1, -1] [526, 81]
found snaps: [-1, -1] [526, 81] [-1, -1]
found snaps: [526, 81] [-1, -1] [576, 81]
found snaps: [-1, -1] [576, 81] [-1, -1]
found snaps: [576, 81] [-1, -1] [-1, -1]
found snaps: [-1, -1] [-1, -1] [-1, -1]
found snaps: [-1, -1] [-1, -1] [-1, -1]
found snaps: [-1, -1] [-1, -1] [-1, -1]
found snaps: [-1, -1] [-1, -1] [-1, -1]
found snaps: [-1, -1] [-1, -1] [-1, -1]
found snaps: [-1, -1] [-1, -1] [-1, -1]
found snaps: [-1, -1] [-1, -1] [-1, -1]
found snaps: [-1, -1] [-1, -1] [-1, -1]
found snaps: [-1, -1] [-1, -1] [-1, -1]
found snaps: [-1, -1] [-1, -1] [-1, -1]
found snaps: [-1, -1] [-1, -1] [-1, -1]
found snaps: [-1, -1] [-1, -1] [-1, -1]
found snaps: [-1, -1] [-1, -1] [-1, -1]
found snaps: [-1, -1] [-1, -1] [-1, -1]
found snaps: [-1, -1] [-1, -1] [-1, -1]
found snaps: [-1, -1] [-1, -1] [-1, -1]
found snaps: [-1, -1] [-1, -1] [1052, 82]
found snaps: [-1, -1] [1052, 82] [-1, -1]
found snaps: [1052, 82] [-1, -1] [-1, -1]
Smoothing dM axis--------------------------
continue on DMAXIS smooth 10 20 9999
found non-monotic obs
1500130.0 1500120.0 1500110.0
0.023510100798259232 0.03913544156607583 0.03893922532562202
adjusted to: 0.031224663061940626
found non-monotic obs
1500090.0 1500080.0 1500070.0
0.07781569430758999 0.08533755881914264 0.07385369905100529
adjusted to: 0.07583469667929764
continue on DMAXIS smooth 10 20 9999
found non-monotic obs
1750115.0 1750105.0 1750095.0
0.08514767865843319 0.12208495422644347 0.10189029396970942
adjusted to: 0.0935189863140713
continue on DMAXIS smooth 10 20 9999
continue on DMAXIS smooth 10 20 9999
continue on DMAXIS smooth 10 20 9999
found non-monotic obs
2500200.0 2500190.0 2500180.0
0.15441968126852113 0.21034724164128016 0.20544315763885126
adjusted to: 0.17993141945368618
continue on DMAXIS smooth 10 20 9999
found non-monotic obs
2750265.0 2750255.0 2750245.0
0.03909571230398639 0.02767033567717296 0.0823779904825486
adjusted to: 0.060736851393267496
continue on DMAXIS smooth 10 20 9999
found non-monotic obs
3000290.0 3000280.0 3000270.0
0.04467650123984724 0.028422951619992396 0.10466792225540815
adjusted to: 0.0746722117476277
continue on DMAXIS smooth 10 20 9999
found non-monotic obs
3250315.0 3250305.0 3250295.0
0.07132024533019164 0.04877541692376302 0.11374651373543365
adjusted to: 0.09253337953281265
continue on DMAXIS smooth 10 20 9999
found non-monotic obs
3500340.0 3500330.0 3500320.0
0.07215587925236236 0.05612696094473619 0.12282510521545917
adjusted to: 0.09749049223391076
continue on DMAXIS smooth 10 20 9999
found non-monotic obs
3750365.0 3750355.0 3750345.0
0.10564060391169823 0.08772333332068023 0.13594085442329162
adjusted to: 0.12079072916749492
continue on DMAXIS smooth 10 20 9999
found non-monotic obs
4000390.0 4000380.0 4000370.0
0.14163931896482881 0.11317074307220769 0.14905660363112408
adjusted to: 0.14534796129797645
continue on DMAXIS smooth 10 20 9999
found non-monotic obs
4250415.0 4250405.0 4250395.0
0.17747987153432385 0.11392669092971824 0.15236511451673876
adjusted to: 0.1649224930255313
found non-monotic obs
4250405.0 4250395.0 4250385.0
0.1649224930255313 0.15236511451673876 0.37844165232984484
adjusted to: 0.27168207267768807
continue on DMAXIS smooth 10 20 9999
found non-monotic obs
4500440.0 4500430.0 4500420.0
0.20180462125229612 0.13892123885317026 0.1947795300159565
adjusted to: 0.19829207563412632
found non-monotic obs
4500430.0 4500420.0 4500410.0
0.19829207563412632 0.1947795300159565 0.4141982501585916
adjusted to: 0.30624516289635895
continue on DMAXIS smooth 10 20 9999
found non-monotic obs
4750465.0 4750455.0 4750445.0
0.252115021915806 0.17387512309073994 0.23719394551517423
adjusted to: 0.2446544837154901
found non-monotic obs
4750455.0 4750445.0 4750435.0
0.2446544837154901 0.23719394551517423 0.44995484798733837
adjusted to: 0.34730466585141423
continue on DMAXIS smooth 10 20 9999
found non-monotic obs
5000490.0 5000480.0 5000470.0
0.3024254225793159 0.21288331689090054 0.24438859965378334
adjusted to: 0.27340701111654964
found non-monotic obs
5000480.0 5000470.0 5000460.0
0.27340701111654964 0.24438859965378334 0.6756910543297899
adjusted to: 0.4745490327231698
continue on DMAXIS smooth 10 20 9999
found non-monotic obs
5260516.0 5260505.0 5260495.0
0.34973018942380757 0.25189151069106114 0.4038696279299403
adjusted to: 0.37679990867687396
continue on DMAXIS smooth 10 20 9999
found non-monotic obs
5500540.0 5500530.0 5500520.0
0.4871501602802705 0.3441455517872905 0.4566802306322977
adjusted to: 0.47191519545628413
found non-monotic obs
5500530.0 5500520.0 5500510.0
0.47191519545628413 0.4566802306322977 0.8117225146643432
adjusted to: 0.6418188550603137
continue on DMAXIS smooth 10 20 9999
found non-monotic obs
5760566.0 5760556.0 5760546.0
0.6025583856792359 0.45952807125811435 0.5094908333346551
adjusted to: 0.5560246095069454
found non-monotic obs
5760556.0 5760546.0 5760536.0
0.5560246095069454 0.5094908333346551 0.823076404955578
adjusted to: 0.6895505072312618
found non-monotic obs
5760516.0 5760505.0 5760495.0
1.311483578840522 1.6714561761913624 1.6617306534149943
adjusted to: 1.486607116127758
continue on DMAXIS smooth 10 20 9999
found non-monotic obs
6000590.0 6000580.0 6000570.0
0.8521635758152322 0.5160654201737445 0.5326085804663725
adjusted to: 0.6923860781408023
found non-monotic obs
6000580.0 6000570.0 6000560.0
0.6923860781408023 0.5326085804663725 0.8344302952468128
adjusted to: 0.7634081866938076
continue on DMAXIS smooth 10 20 9999
found non-monotic obs
6260616.0 6260606.0 6260596.0
0.9547560047752466 0.525258125373471 0.5557263275980899
adjusted to: 0.7552411661866683
found non-monotic obs
6260606.0 6260596.0 6260586.0
0.7552411661866683 0.5557263275980899 0.9624158848672822
adjusted to: 0.8588285255269752
continue on DMAXIS smooth 10 20 9999
found non-monotic obs
6500640.0 6500630.0 6500620.0
1.2146116060848458 0.7149127851786782 0.6216819375763101
adjusted to: 0.9181467718305779
found non-monotic obs
6500630.0 6500620.0 6500610.0
0.9181467718305779 0.6216819375763101 1.1152408011147372
adjusted to: 1.0166937864726575
continue on DMAXIS smooth 10 20 9999
found non-monotic obs
6760666.0 6760656.0 6760646.0
1.503126925945622 0.8554246242148811 0.6876375475545302
adjusted to: 1.095382236750076
found non-monotic obs
6760656.0 6760646.0 6760636.0
1.095382236750076 0.6876375475545302 1.2238537133894436
adjusted to: 1.15961797506976
continue on DMAXIS smooth 10 20 9999
found non-monotic obs
7000690.0 7000680.0 7000670.0
1.5838329623304634 0.995936463251084 0.8737906561403989
adjusted to: 1.2288118092354312
found non-monotic obs
7000680.0 7000670.0 7000660.0
1.2288118092354312 0.8737906561403989 1.3324666256641502
adjusted to: 1.2806392174497907
continue on DMAXIS smooth 10 20 9999
found non-monotic obs
7260716.0 7260706.0 7260696.0
1.664538998715305 1.2927886414637983 1.2638947167248646
adjusted to: 1.4642168577200847
found non-monotic obs
7260706.0 7260696.0 7260686.0
1.4642168577200847 1.2638947167248646 1.8432664319618839
adjusted to: 1.6537416448409843
continue on DMAXIS smooth 10 20 9999
found non-monotic obs
7500740.0 7500730.0 7500720.0
1.8277266170154223 1.5025576445407358 1.6539987773093305
adjusted to: 1.7408626971623764
found non-monotic obs
7500730.0 7500720.0 7500710.0
1.7408626971623764 1.6539987773093305 2.372695475903647
adjusted to: 2.0567790865330116
continue on DMAXIS smooth 10 20 9999
found non-monotic obs
7760766.0 7760756.0 7760746.0
1.9148289153335663 2.583944591849245 1.833609494950156
adjusted to: 1.8742192051418611
found non-monotic obs
7760756.0 7760746.0 7760736.0
1.8742192051418611 1.833609494950156 2.90212451984541
adjusted to: 2.3881718624936354
continue on DMAXIS smooth 10 20 9999
found non-monotic obs
8000790.0 8000780.0 8000770.0
2.6069657808481703 2.6414988625656797 2.1900874145790636
adjusted to: 2.3985265977136168
found non-monotic obs
8000780.0 8000770.0 8000760.0
2.3985265977136168 2.1900874145790636 3.032685930974737
adjusted to: 2.715606264344177
continue on DMAXIS smooth 10 20 9999
found non-monotic obs
8260816.0 8260806.0 8260796.0
3.574317808815408 2.699053133282114 3.264433963775647
adjusted to: 3.4193758862955277
found non-monotic obs
8260806.0 8260796.0 8260786.0
3.4193758862955277 3.264433963775647 3.1632473421040643
adjusted to: 3.2913116141997962
found non-monotic obs
8260796.0 8260786.0 8260776.0
3.2913116141997962 3.1632473421040643 4.233342265787342
adjusted to: 3.762326939993569
continue on DMAXIS smooth 10 20 9999
found non-monotic obs
8500840.0 8500830.0 8500820.0
3.8873391809200903 3.4436109877315797 3.380463718098439
adjusted to: 3.6339014495092647
found non-monotic obs
8500830.0 8500820.0 8500810.0
3.6339014495092647 3.380463718098439 3.490108214145976
adjusted to: 3.56200483182762
found non-monotic obs
8500820.0 8500810.0 8500800.0
3.56200483182762 3.490108214145976 4.7094371505828665
adjusted to: 4.135720991205243
continue on DMAXIS smooth 10 20 9999
found non-monotic obs
8760866.0 8760856.0 8760846.0
4.940110291381363 4.661003149623652 4.023160244629121
adjusted to: 4.481635268005242
found non-monotic obs
8760856.0 8760846.0 8760836.0
4.481635268005242 4.023160244629121 3.816969086187887
adjusted to: 4.149302177096565
found non-monotic obs
8760846.0 8760836.0 8760826.0
4.149302177096565 3.816969086187887 5.0619354265343635
adjusted to: 4.605618801815464
continue on DMAXIS smooth 10 20 9999
found non-monotic obs
9000890.0 9000880.0 9000870.0
6.011933589304489 5.163635022878617 4.957270137059712
adjusted to: 5.4846018631821005
found non-monotic obs
9000880.0 9000870.0 9000860.0
5.4846018631821005 4.957270137059712 4.753652255775434
adjusted to: 5.1191270594787674
found non-monotic obs
9000870.0 9000860.0 9000850.0
5.1191270594787674 4.753652255775434 7.550603227785332
adjusted to: 6.334865143632049
continue on DMAXIS smooth 10 20 9999
found non-monotic obs
9260916.0 9260906.0 9260896.0
6.311681687915804 6.589988184999252 5.3748825091135135
adjusted to: 5.843282098514659
found non-monotic obs
9260906.0 9260896.0 9260886.0
5.843282098514659 5.3748825091135135 8.856608968859032
adjusted to: 7.349945533686846
continue on DMAXIS smooth 10 20 9999
found non-monotic obs
9500940.0 9500930.0 9500920.0
6.285289413536687 8.016341347119887 5.792494881167316
adjusted to: 6.038892147352001
found non-monotic obs
9500930.0 9500920.0 9500910.0
6.038892147352001 5.792494881167316 8.66619250467061
adjusted to: 7.352542326011306
found non-monotic obs
9500910.0 9500900.0 9500890.0
8.66619250467061 11.190275193944645 10.54428477706705
adjusted to: 9.60523864086883
continue on DMAXIS smooth 10 20 9999
found non-monotic obs
9760966.0 9760956.0 9760946.0
9.853896890083561 9.471490401199315 7.79003117878778
adjusted to: 8.82196403443567
found non-monotic obs
9760956.0 9760946.0 9760936.0
8.82196403443567 7.79003117878778 8.367672421166581
adjusted to: 8.594818227801126
found non-monotic obs
9760946.0 9760936.0 9760926.0
8.594818227801126 8.367672421166581 12.34127935885299
adjusted to: 10.468048793327057
continue on DMAXIS smooth 10 20 9999
found non-monotic obs
10000990.0 10000980.0 10000970.0
13.422504366630436 11.880650793970883 9.787567476408245
adjusted to: 11.605035921519342
found non-monotic obs
10000980.0 10000970.0 10000960.0
11.605035921519342 9.787567476408245 8.069152337662551
adjusted to: 9.837094129590946
found non-monotic obs
10000970.0 10000960.0 10000950.0
9.837094129590946 8.069152337662551 13.36778058667982
adjusted to: 11.602437358135383
continue on DMAXIS smooth 8 20 9999
continue on DMAXIS smooth 18 20 9999
found non-monotic obs
10241006.0 10240996.0 10240986.0
10.003986413304983 12.125920264889317 11.563106820294196
adjusted to: 10.78354661679959
found non-monotic obs
10240966.0 10240956.0 10240946.0
20.766498267151572 42.376547500422824 30.83440375086684
adjusted to: 25.80045100900921
continue on DMAXIS smooth 12 20 9999
found non-monotic obs
10521040.0 10521032.0 10521020.0
18.122389224837733 10.802262176189434 12.942141318823152
adjusted to: 15.532265271830443
found non-monotic obs
10521032.0 10521020.0 10521010.0
15.532265271830443 12.942141318823152 19.39141220249492
adjusted to: 17.46183873716268
continue on DMAXIS smooth 12 20 9999
continue on DMAXIS smooth 8 20 9999
found non-monotic obs
11001092.0 11001080.0 11001072.0
23.048796918606758 15.916841274652757 20.862351283357683
adjusted to: 21.95557410098222
found non-monotic obs
11001080.0 11001072.0 11001060.0
21.95557410098222 20.862351283357683 17.988101752648426
adjusted to: 19.971837926815322
found non-monotic obs
11001072.0 11001060.0 11001052.0
19.971837926815322 17.988101752648426 24.89763040097244
adjusted to: 22.43473416389388
found non-monotic obs
11001040.0 11001032.0 11001020.0
44.56176212622636 46.951519310735534 38.07006699009037
adjusted to: 41.31591455815837
