250 [10, 20, 30, 40, 60, 70, 80]
275 [10, 20, 30, 40, 50, 60, 70, 80]
300 [6, 8, 10, 20, 30, 40, 50, 60, 70, 80]
325 [10, 20, 30, 40, 50, 60, 70, 80]
350 [10, 20, 30, 40, 50, 60, 70, 80]
375 [10, 20, 30, 40, 50, 60, 70, 80]
400 [6, 8, 10, 20, 30, 40, 50, 60, 70, 80]
425 [10, 20, 30, 40, 50, 60, 70, 80]
450 [10, 20, 30, 40, 50, 60, 70, 80]
475 [10, 20, 30, 40, 50, 60, 70, 80]
500 [6, 8, 10, 20, 30, 40, 50, 60, 70, 80]
526 [10, 21, 31, 41, 51, 61, 71, 81]
550 [10, 20, 30, 40, 50, 60, 80]
576 [10, 20, 30, 40, 50, 60, 71, 81]
600 [6, 8, 10, 20, 30, 40, 50, 60, 70, 80]
626 [10, 20, 30, 40, 50, 60, 70, 80]
650 [10, 20, 30, 40, 50, 60, 70, 80]
676 [10, 20, 30, 40, 50, 60, 70, 80]
700 [6, 8, 10, 20, 30, 40, 50, 60, 70, 80]
726 [10, 20, 30, 40, 50, 60, 70, 80]
750 [10, 20, 30, 40, 50, 60, 70, 80]
776 [10, 20, 30, 40, 50, 60, 70, 80]
800 [6, 8, 10, 20, 30, 40, 50, 60, 70, 80]
826 [10, 20, 30, 40, 50, 60, 70, 80]
850 [10, 20, 30, 40, 50, 60, 70, 80]
876 [10, 20, 30, 40, 50, 60, 70, 80]
900 [6, 8, 10, 20, 30, 40, 50, 60, 70, 80]
926 [10, 20, 30, 40, 50, 60, 70, 80]
950 [10, 20, 30, 40, 50, 60, 70, 80]
976 [10, 20, 30, 40, 50, 60, 70, 80]
1000 [6, 8, 10, 20, 30, 50, 60, 70, 80]
1024 [8, 18, 28, 38, 48, 58, 68, 78]
1052 [12, 20, 32, 42, 52, 62, 72, 82]
1076 [12, 20, 32, 40, 52, 60, 70, 80]
1100 [8, 20, 28, 40, 48, 60, 68, 80]
Smoothing Mp axis--------------------------
MPsmooth  1100 6 0 9999
found snaps: [-1, -1] [-1, -1] [300, 6]
found snaps: [-1, -1] [300, 6] [-1, -1]
found snaps: [300, 6] [-1, -1] [-1, -1]
found snaps: [-1, -1] [-1, -1] [-1, -1]
found snaps: [-1, -1] [-1, -1] [400, 6]
found snaps: [-1, -1] [400, 6] [-1, -1]
found snaps: [400, 6] [-1, -1] [-1, -1]
found snaps: [-1, -1] [-1, -1] [-1, -1]
found snaps: [-1, -1] [-1, -1] [500, 6]
found snaps: [-1, -1] [500, 6] [-1, -1]
found snaps: [500, 6] [-1, -1] [-1, -1]
found snaps: [-1, -1] [-1, -1] [-1, -1]
found snaps: [-1, -1] [-1, -1] [600, 6]
found snaps: [-1, -1] [600, 6] [-1, -1]
found snaps: [600, 6] [-1, -1] [-1, -1]
found snaps: [-1, -1] [-1, -1] [-1, -1]
found snaps: [-1, -1] [-1, -1] [700, 6]
found snaps: [-1, -1] [700, 6] [-1, -1]
found snaps: [700, 6] [-1, -1] [-1, -1]
found snaps: [-1, -1] [-1, -1] [-1, -1]
found snaps: [-1, -1] [-1, -1] [800, 6]
found snaps: [-1, -1] [800, 6] [-1, -1]
found snaps: [800, 6] [-1, -1] [-1, -1]
found snaps: [-1, -1] [-1, -1] [-1, -1]
found snaps: [-1, -1] [-1, -1] [900, 6]
found snaps: [-1, -1] [900, 6] [-1, -1]
found snaps: [900, 6] [-1, -1] [-1, -1]
found snaps: [-1, -1] [-1, -1] [-1, -1]
found snaps: [-1, -1] [-1, -1] [1000, 6]
found snaps: [-1, -1] [1000, 6] [-1, -1]
found snaps: [1000, 6] [-1, -1] [-1, -1]
found snaps: [-1, -1] [-1, -1] [-1, -1]
found snaps: [-1, -1] [-1, -1] [-1, -1]
MPsmooth  1100 8 0 9999
found snaps: [-1, -1] [-1, -1] [300, 8]
found snaps: [-1, -1] [300, 8] [-1, -1]
found snaps: [300, 8] [-1, -1] [-1, -1]
found snaps: [-1, -1] [-1, -1] [-1, -1]
found snaps: [-1, -1] [-1, -1] [400, 8]
found snaps: [-1, -1] [400, 8] [-1, -1]
found snaps: [400, 8] [-1, -1] [-1, -1]
found snaps: [-1, -1] [-1, -1] [-1, -1]
found snaps: [-1, -1] [-1, -1] [500, 8]
found snaps: [-1, -1] [500, 8] [-1, -1]
found snaps: [500, 8] [-1, -1] [-1, -1]
found snaps: [-1, -1] [-1, -1] [-1, -1]
found snaps: [-1, -1] [-1, -1] [600, 8]
found snaps: [-1, -1] [600, 8] [-1, -1]
found snaps: [600, 8] [-1, -1] [-1, -1]
found snaps: [-1, -1] [-1, -1] [-1, -1]
found snaps: [-1, -1] [-1, -1] [700, 8]
found snaps: [-1, -1] [700, 8] [-1, -1]
found snaps: [700, 8] [-1, -1] [-1, -1]
found snaps: [-1, -1] [-1, -1] [-1, -1]
found snaps: [-1, -1] [-1, -1] [800, 8]
found snaps: [-1, -1] [800, 8] [-1, -1]
found snaps: [800, 8] [-1, -1] [-1, -1]
found snaps: [-1, -1] [-1, -1] [-1, -1]
found snaps: [-1, -1] [-1, -1] [900, 8]
found snaps: [-1, -1] [900, 8] [-1, -1]
found snaps: [900, 8] [-1, -1] [-1, -1]
found snaps: [-1, -1] [-1, -1] [-1, -1]
found snaps: [-1, -1] [-1, -1] [1000, 8]
found snaps: [-1, -1] [1000, 8] [1024, 8]
found snaps: [1000, 8] [1024, 8] [-1, -1]
found snaps: [1024, 8] [-1, -1] [-1, -1]
found snaps: [-1, -1] [-1, -1] [1100, 8]
MPsmooth  1100 10 0 9999
found snaps: [250, 10] [275, 10] [300, 10]
found snaps: [275, 10] [300, 10] [325, 10]
found snaps: [300, 10] [325, 10] [350, 10]
found snaps: [325, 10] [350, 10] [375, 10]
found snaps: [350, 10] [375, 10] [400, 10]
found snaps: [375, 10] [400, 10] [425, 10]
found snaps: [400, 10] [425, 10] [450, 10]
found snaps: [425, 10] [450, 10] [475, 10]
found snaps: [450, 10] [475, 10] [500, 10]
found snaps: [475, 10] [500, 10] [526, 10]
found snaps: [500, 10] [526, 10] [550, 10]
found non-monotic obs
5000490.0 5260516.0 5500540.0
0.20079878924260566 0.24009957400652432 0.22323971258616201
adjusted to: 0.21201925091438384
found snaps: [526, 10] [550, 10] [576, 10]
found snaps: [550, 10] [576, 10] [600, 10]
found snaps: [576, 10] [600, 10] [626, 10]
found non-monotic obs
5760566.0 6000590.0 6260616.0
0.3759139708310666 0.7054537273609655 0.5800060797416408
adjusted to: 0.4779600252863537
found snaps: [600, 10] [626, 10] [650, 10]
found non-monotic obs
6000590.0 6260616.0 6500640.0
0.4779600252863537 0.5800060797416408 0.5748063954372997
adjusted to: 0.5263832103618267
found snaps: [626, 10] [650, 10] [676, 10]
found snaps: [650, 10] [676, 10] [700, 10]
found snaps: [676, 10] [700, 10] [726, 10]
found snaps: [700, 10] [726, 10] [750, 10]
found non-monotic obs
7000690.0 7260716.0 7500740.0
0.9034378442672213 1.2145285677131539 1.1592390527129668
adjusted to: 1.031338448490094
found snaps: [726, 10] [750, 10] [776, 10]
found snaps: [750, 10] [776, 10] [800, 10]
found snaps: [776, 10] [800, 10] [826, 10]
found snaps: [800, 10] [826, 10] [850, 10]
found snaps: [826, 10] [850, 10] [876, 10]
found snaps: [850, 10] [876, 10] [900, 10]
found non-monotic obs
8500840.0 8760866.0 9000890.0
4.463780245135238 4.605676611041416 3.4268778539797404
adjusted to: 3.9453290495574893
found snaps: [876, 10] [900, 10] [926, 10]
found non-monotic obs
8760866.0 9000890.0 9260916.0
3.9453290495574893 3.4268778539797404 4.949748560139198
adjusted to: 4.447538804848343
found snaps: [900, 10] [926, 10] [950, 10]
found snaps: [926, 10] [950, 10] [976, 10]
found non-monotic obs
9260916.0 9500940.0 9760966.0
4.949748560139198 5.765672284223391 4.782624545916164
adjusted to: 4.866186553027681
found snaps: [950, 10] [976, 10] [1000, 10]
found non-monotic obs
9500940.0 9760966.0 10000990.0
4.866186553027681 4.782624545916164 7.732481418823421
adjusted to: 6.299333985925552
found snaps: [976, 10] [1000, 10] [-1, -1]
found snaps: [1000, 10] [-1, -1] [-1, -1]
found snaps: [-1, -1] [-1, -1] [-1, -1]
found snaps: [-1, -1] [-1, -1] [-1, -1]
MPsmooth  1100 12 0 9999
found snaps: [-1, -1] [-1, -1] [-1, -1]
found snaps: [-1, -1] [-1, -1] [-1, -1]
found snaps: [-1, -1] [-1, -1] [-1, -1]
found snaps: [-1, -1] [-1, -1] [-1, -1]
found snaps: [-1, -1] [-1, -1] [-1, -1]
found snaps: [-1, -1] [-1, -1] [-1, -1]
found snaps: [-1, -1] [-1, -1] [-1, -1]
found snaps: [-1, -1] [-1, -1] [-1, -1]
found snaps: [-1, -1] [-1, -1] [-1, -1]
found snaps: [-1, -1] [-1, -1] [-1, -1]
found snaps: [-1, -1] [-1, -1] [-1, -1]
found snaps: [-1, -1] [-1, -1] [-1, -1]
found snaps: [-1, -1] [-1, -1] [-1, -1]
found snaps: [-1, -1] [-1, -1] [-1, -1]
found snaps: [-1, -1] [-1, -1] [-1, -1]
found snaps: [-1, -1] [-1, -1] [-1, -1]
found snaps: [-1, -1] [-1, -1] [-1, -1]
found snaps: [-1, -1] [-1, -1] [-1, -1]
found snaps: [-1, -1] [-1, -1] [-1, -1]
found snaps: [-1, -1] [-1, -1] [-1, -1]
found snaps: [-1, -1] [-1, -1] [-1, -1]
found snaps: [-1, -1] [-1, -1] [-1, -1]
found snaps: [-1, -1] [-1, -1] [-1, -1]
found snaps: [-1, -1] [-1, -1] [-1, -1]
found snaps: [-1, -1] [-1, -1] [-1, -1]
found snaps: [-1, -1] [-1, -1] [-1, -1]
found snaps: [-1, -1] [-1, -1] [-1, -1]
found snaps: [-1, -1] [-1, -1] [-1, -1]
found snaps: [-1, -1] [-1, -1] [-1, -1]
found snaps: [-1, -1] [-1, -1] [-1, -1]
found snaps: [-1, -1] [-1, -1] [1052, 12]
found snaps: [-1, -1] [1052, 12] [1076, 12]
found snaps: [1052, 12] [1076, 12] [-1, -1]
MPsmooth  1100 18 0 9999
found snaps: [-1, -1] [-1, -1] [-1, -1]
found snaps: [-1, -1] [-1, -1] [-1, -1]
found snaps: [-1, -1] [-1, -1] [-1, -1]
found snaps: [-1, -1] [-1, -1] [-1, -1]
found snaps: [-1, -1] [-1, -1] [-1, -1]
found snaps: [-1, -1] [-1, -1] [-1, -1]
found snaps: [-1, -1] [-1, -1] [-1, -1]
found snaps: [-1, -1] [-1, -1] [-1, -1]
found snaps: [-1, -1] [-1, -1] [-1, -1]
found snaps: [-1, -1] [-1, -1] [-1, -1]
found snaps: [-1, -1] [-1, -1] [-1, -1]
found snaps: [-1, -1] [-1, -1] [-1, -1]
found snaps: [-1, -1] [-1, -1] [-1, -1]
found snaps: [-1, -1] [-1, -1] [-1, -1]
found snaps: [-1, -1] [-1, -1] [-1, -1]
found snaps: [-1, -1] [-1, -1] [-1, -1]
found snaps: [-1, -1] [-1, -1] [-1, -1]
found snaps: [-1, -1] [-1, -1] [-1, -1]
found snaps: [-1, -1] [-1, -1] [-1, -1]
found snaps: [-1, -1] [-1, -1] [-1, -1]
found snaps: [-1, -1] [-1, -1] [-1, -1]
found snaps: [-1, -1] [-1, -1] [-1, -1]
found snaps: [-1, -1] [-1, -1] [-1, -1]
found snaps: [-1, -1] [-1, -1] [-1, -1]
found snaps: [-1, -1] [-1, -1] [-1, -1]
found snaps: [-1, -1] [-1, -1] [-1, -1]
found snaps: [-1, -1] [-1, -1] [-1, -1]
found snaps: [-1, -1] [-1, -1] [-1, -1]
found snaps: [-1, -1] [-1, -1] [-1, -1]
found snaps: [-1, -1] [-1, -1] [1024, 18]
found snaps: [-1, -1] [1024, 18] [-1, -1]
found snaps: [1024, 18] [-1, -1] [-1, -1]
found snaps: [-1, -1] [-1, -1] [-1, -1]
MPsmooth  1100 20 0 9999
found snaps: [250, 20] [275, 20] [300, 20]
found snaps: [275, 20] [300, 20] [325, 20]
found snaps: [300, 20] [325, 20] [350, 20]
found snaps: [325, 20] [350, 20] [375, 20]
found snaps: [350, 20] [375, 20] [400, 20]
found snaps: [375, 20] [400, 20] [425, 20]
found snaps: [400, 20] [425, 20] [450, 20]
found snaps: [425, 20] [450, 20] [475, 20]
found snaps: [450, 20] [475, 20] [500, 20]
found snaps: [475, 20] [500, 20] [526, 21]
found non-monotic obs
4750455.0 5000480.0 5260505.0
0.18728965402911887 0.2522165402554482 0.23587103435425477
adjusted to: 0.2115803441916868
found snaps: [500, 20] [526, 21] [550, 20]
found snaps: [526, 21] [550, 20] [576, 20]
found snaps: [550, 20] [576, 20] [600, 20]
found snaps: [576, 20] [600, 20] [626, 20]
found non-monotic obs
5760556.0 6000580.0 6260606.0
0.42963609726785135 0.6590037341263794 0.4368404356211469
adjusted to: 0.43323826644449914
found snaps: [600, 20] [626, 20] [650, 20]
found snaps: [626, 20] [650, 20] [676, 20]
found snaps: [650, 20] [676, 20] [700, 20]
found non-monotic obs
6500630.0 6760656.0 7000680.0
0.6318361368727725 0.9582113146610249 0.8988191237370398
adjusted to: 0.7653276303049061
found snaps: [676, 20] [700, 20] [726, 20]
found snaps: [700, 20] [726, 20] [750, 20]
found snaps: [726, 20] [750, 20] [776, 20]
found non-monotic obs
7260706.0 7500730.0 7760756.0
1.1892239260520765 2.0518369197605506 1.7075820872504268
adjusted to: 1.4484030066512517
found snaps: [750, 20] [776, 20] [800, 20]
found snaps: [776, 20] [800, 20] [826, 20]
found snaps: [800, 20] [826, 20] [850, 20]
found non-monotic obs
8000780.0 8260806.0 8500830.0
2.699235302738756 2.8461938411684393 2.6996288641993913
adjusted to: 2.6994320834690737
found snaps: [826, 20] [850, 20] [876, 20]
found snaps: [850, 20] [876, 20] [900, 20]
found snaps: [876, 20] [900, 20] [926, 20]
found non-monotic obs
8760856.0 9000880.0 9260906.0
4.3806955990363114 5.65208022950012 4.509459074265367
adjusted to: 4.445077336650839
found snaps: [900, 20] [926, 20] [950, 20]
found snaps: [926, 20] [950, 20] [976, 20]
found non-monotic obs
9260906.0 9500930.0 9760956.0
4.509459074265367 6.572748704151454 5.737291171953899
adjusted to: 5.123375123109633
found snaps: [950, 20] [976, 20] [1000, 20]
found snaps: [976, 20] [1000, 20] [-1, -1]
found snaps: [1000, 20] [-1, -1] [1052, 20]
found snaps: [-1, -1] [1052, 20] [1076, 20]
found snaps: [1052, 20] [1076, 20] [1100, 20]
MPsmooth  1100 21 0 9999
found snaps: [250, 20] [275, 20] [300, 20]
found snaps: [275, 20] [300, 20] [325, 20]
found snaps: [300, 20] [325, 20] [350, 20]
found snaps: [325, 20] [350, 20] [375, 20]
found snaps: [350, 20] [375, 20] [400, 20]
found snaps: [375, 20] [400, 20] [425, 20]
found snaps: [400, 20] [425, 20] [450, 20]
found snaps: [425, 20] [450, 20] [475, 20]
found snaps: [450, 20] [475, 20] [500, 20]
found snaps: [475, 20] [500, 20] [526, 21]
found snaps: [500, 20] [526, 21] [550, 20]
found snaps: [526, 21] [550, 20] [576, 20]
found snaps: [550, 20] [576, 20] [600, 20]
found snaps: [576, 20] [600, 20] [626, 20]
found snaps: [600, 20] [626, 20] [650, 20]
found snaps: [626, 20] [650, 20] [676, 20]
found snaps: [650, 20] [676, 20] [700, 20]
found snaps: [676, 20] [700, 20] [726, 20]
found snaps: [700, 20] [726, 20] [750, 20]
found snaps: [726, 20] [750, 20] [776, 20]
found snaps: [750, 20] [776, 20] [800, 20]
found snaps: [776, 20] [800, 20] [826, 20]
found snaps: [800, 20] [826, 20] [850, 20]
found snaps: [826, 20] [850, 20] [876, 20]
found snaps: [850, 20] [876, 20] [900, 20]
found snaps: [876, 20] [900, 20] [926, 20]
found snaps: [900, 20] [926, 20] [950, 20]
found snaps: [926, 20] [950, 20] [976, 20]
found snaps: [950, 20] [976, 20] [1000, 20]
found snaps: [976, 20] [1000, 20] [-1, -1]
found snaps: [1000, 20] [-1, -1] [1052, 20]
found snaps: [-1, -1] [1052, 20] [1076, 20]
found snaps: [1052, 20] [1076, 20] [1100, 20]
MPsmooth  1100 28 0 9999
found snaps: [-1, -1] [-1, -1] [-1, -1]
found snaps: [-1, -1] [-1, -1] [-1, -1]
found snaps: [-1, -1] [-1, -1] [-1, -1]
found snaps: [-1, -1] [-1, -1] [-1, -1]
found snaps: [-1, -1] [-1, -1] [-1, -1]
found snaps: [-1, -1] [-1, -1] [-1, -1]
found snaps: [-1, -1] [-1, -1] [-1, -1]
found snaps: [-1, -1] [-1, -1] [-1, -1]
found snaps: [-1, -1] [-1, -1] [-1, -1]
found snaps: [-1, -1] [-1, -1] [-1, -1]
found snaps: [-1, -1] [-1, -1] [-1, -1]
found snaps: [-1, -1] [-1, -1] [-1, -1]
found snaps: [-1, -1] [-1, -1] [-1, -1]
found snaps: [-1, -1] [-1, -1] [-1, -1]
found snaps: [-1, -1] [-1, -1] [-1, -1]
found snaps: [-1, -1] [-1, -1] [-1, -1]
found snaps: [-1, -1] [-1, -1] [-1, -1]
found snaps: [-1, -1] [-1, -1] [-1, -1]
found snaps: [-1, -1] [-1, -1] [-1, -1]
found snaps: [-1, -1] [-1, -1] [-1, -1]
found snaps: [-1, -1] [-1, -1] [-1, -1]
found snaps: [-1, -1] [-1, -1] [-1, -1]
found snaps: [-1, -1] [-1, -1] [-1, -1]
found snaps: [-1, -1] [-1, -1] [-1, -1]
found snaps: [-1, -1] [-1, -1] [-1, -1]
found snaps: [-1, -1] [-1, -1] [-1, -1]
found snaps: [-1, -1] [-1, -1] [-1, -1]
found snaps: [-1, -1] [-1, -1] [-1, -1]
found snaps: [-1, -1] [-1, -1] [-1, -1]
found snaps: [-1, -1] [-1, -1] [1024, 28]
found snaps: [-1, -1] [1024, 28] [-1, -1]
found snaps: [1024, 28] [-1, -1] [-1, -1]
found snaps: [-1, -1] [-1, -1] [1100, 28]
MPsmooth  1100 30 0 9999
found snaps: [250, 30] [275, 30] [300, 30]
found snaps: [275, 30] [300, 30] [325, 30]
found snaps: [300, 30] [325, 30] [350, 30]
found snaps: [325, 30] [350, 30] [375, 30]
found snaps: [350, 30] [375, 30] [400, 30]
found snaps: [375, 30] [400, 30] [425, 30]
found snaps: [400, 30] [425, 30] [450, 30]
found snaps: [425, 30] [450, 30] [475, 30]
found snaps: [450, 30] [475, 30] [500, 30]
found snaps: [475, 30] [500, 30] [526, 31]
found snaps: [500, 30] [526, 31] [550, 30]
found snaps: [526, 31] [550, 30] [576, 30]
found non-monotic obs
5260495.0 5500520.0 5760546.0
0.32187585785904044 0.38576193654347446 0.3589872473235049
adjusted to: 0.34043155259127267
found snaps: [550, 30] [576, 30] [600, 30]
found snaps: [576, 30] [600, 30] [626, 30]
found snaps: [600, 30] [626, 30] [650, 30]
found snaps: [626, 30] [650, 30] [676, 30]
found snaps: [650, 30] [676, 30] [700, 30]
found snaps: [676, 30] [700, 30] [726, 30]
found non-monotic obs
6760646.0 7000670.0 7260696.0
0.8774418163423245 1.1130198048153903 1.0366678454103107
adjusted to: 0.9570548308763176
found snaps: [700, 30] [726, 30] [750, 30]
found snaps: [726, 30] [750, 30] [776, 30]
found non-monotic obs
7260696.0 7500720.0 7760746.0
1.0366678454103107 1.6277100755408607 1.3373850211035454
adjusted to: 1.187026433256928
found snaps: [750, 30] [776, 30] [800, 30]
found snaps: [776, 30] [800, 30] [826, 30]
found snaps: [800, 30] [826, 30] [850, 30]
found snaps: [826, 30] [850, 30] [876, 30]
found snaps: [850, 30] [876, 30] [900, 30]
found snaps: [876, 30] [900, 30] [926, 30]
found snaps: [900, 30] [926, 30] [950, 30]
found non-monotic obs
9000870.0 9260896.0 9500920.0
4.141711824618764 5.7235446527983385 5.564234500160949
adjusted to: 4.852973162389857
found snaps: [926, 30] [950, 30] [976, 30]
found snaps: [950, 30] [976, 30] [1000, 30]
found non-monotic obs
9500920.0 9760946.0 10000970.0
5.564234500160949 10.17456973681607 8.454835186832268
adjusted to: 7.009534843496608
found snaps: [976, 30] [1000, 30] [-1, -1]
found snaps: [1000, 30] [-1, -1] [-1, -1]
found snaps: [-1, -1] [-1, -1] [-1, -1]
found snaps: [-1, -1] [-1, -1] [-1, -1]
MPsmooth  1100 31 0 9999
found snaps: [250, 30] [275, 30] [300, 30]
found snaps: [275, 30] [300, 30] [325, 30]
found snaps: [300, 30] [325, 30] [350, 30]
found snaps: [325, 30] [350, 30] [375, 30]
found snaps: [350, 30] [375, 30] [400, 30]
found snaps: [375, 30] [400, 30] [425, 30]
found snaps: [400, 30] [425, 30] [450, 30]
found snaps: [425, 30] [450, 30] [475, 30]
found snaps: [450, 30] [475, 30] [500, 30]
found snaps: [475, 30] [500, 30] [526, 31]
found snaps: [500, 30] [526, 31] [550, 30]
found snaps: [526, 31] [550, 30] [576, 30]
found snaps: [550, 30] [576, 30] [600, 30]
found snaps: [576, 30] [600, 30] [626, 30]
found snaps: [600, 30] [626, 30] [650, 30]
found snaps: [626, 30] [650, 30] [676, 30]
found snaps: [650, 30] [676, 30] [700, 30]
found snaps: [676, 30] [700, 30] [726, 30]
found snaps: [700, 30] [726, 30] [750, 30]
found snaps: [726, 30] [750, 30] [776, 30]
found snaps: [750, 30] [776, 30] [800, 30]
found snaps: [776, 30] [800, 30] [826, 30]
found snaps: [800, 30] [826, 30] [850, 30]
found snaps: [826, 30] [850, 30] [876, 30]
found snaps: [850, 30] [876, 30] [900, 30]
found snaps: [876, 30] [900, 30] [926, 30]
found snaps: [900, 30] [926, 30] [950, 30]
found snaps: [926, 30] [950, 30] [976, 30]
found snaps: [950, 30] [976, 30] [1000, 30]
found snaps: [976, 30] [1000, 30] [-1, -1]
found snaps: [1000, 30] [-1, -1] [1052, 32]
found snaps: [-1, -1] [1052, 32] [1076, 32]
found snaps: [1052, 32] [1076, 32] [-1, -1]
MPsmooth  1100 32 0 9999
found snaps: [-1, -1] [-1, -1] [-1, -1]
found snaps: [-1, -1] [-1, -1] [-1, -1]
found snaps: [-1, -1] [-1, -1] [-1, -1]
found snaps: [-1, -1] [-1, -1] [-1, -1]
found snaps: [-1, -1] [-1, -1] [-1, -1]
found snaps: [-1, -1] [-1, -1] [-1, -1]
found snaps: [-1, -1] [-1, -1] [-1, -1]
found snaps: [-1, -1] [-1, -1] [-1, -1]
found snaps: [-1, -1] [-1, -1] [-1, -1]
found snaps: [-1, -1] [-1, -1] [526, 31]
found snaps: [-1, -1] [526, 31] [-1, -1]
found snaps: [526, 31] [-1, -1] [-1, -1]
found snaps: [-1, -1] [-1, -1] [-1, -1]
found snaps: [-1, -1] [-1, -1] [-1, -1]
found snaps: [-1, -1] [-1, -1] [-1, -1]
found snaps: [-1, -1] [-1, -1] [-1, -1]
found snaps: [-1, -1] [-1, -1] [-1, -1]
found snaps: [-1, -1] [-1, -1] [-1, -1]
found snaps: [-1, -1] [-1, -1] [-1, -1]
found snaps: [-1, -1] [-1, -1] [-1, -1]
found snaps: [-1, -1] [-1, -1] [-1, -1]
found snaps: [-1, -1] [-1, -1] [-1, -1]
found snaps: [-1, -1] [-1, -1] [-1, -1]
found snaps: [-1, -1] [-1, -1] [-1, -1]
found snaps: [-1, -1] [-1, -1] [-1, -1]
found snaps: [-1, -1] [-1, -1] [-1, -1]
found snaps: [-1, -1] [-1, -1] [-1, -1]
found snaps: [-1, -1] [-1, -1] [-1, -1]
found snaps: [-1, -1] [-1, -1] [-1, -1]
found snaps: [-1, -1] [-1, -1] [-1, -1]
found snaps: [-1, -1] [-1, -1] [1052, 32]
found snaps: [-1, -1] [1052, 32] [1076, 32]
found snaps: [1052, 32] [1076, 32] [-1, -1]
MPsmooth  1100 38 0 9999
found snaps: [-1, -1] [-1, -1] [-1, -1]
found snaps: [-1, -1] [-1, -1] [-1, -1]
found snaps: [-1, -1] [-1, -1] [-1, -1]
found snaps: [-1, -1] [-1, -1] [-1, -1]
found snaps: [-1, -1] [-1, -1] [-1, -1]
found snaps: [-1, -1] [-1, -1] [-1, -1]
found snaps: [-1, -1] [-1, -1] [-1, -1]
found snaps: [-1, -1] [-1, -1] [-1, -1]
found snaps: [-1, -1] [-1, -1] [-1, -1]
found snaps: [-1, -1] [-1, -1] [-1, -1]
found snaps: [-1, -1] [-1, -1] [-1, -1]
found snaps: [-1, -1] [-1, -1] [-1, -1]
found snaps: [-1, -1] [-1, -1] [-1, -1]
found snaps: [-1, -1] [-1, -1] [-1, -1]
found snaps: [-1, -1] [-1, -1] [-1, -1]
found snaps: [-1, -1] [-1, -1] [-1, -1]
found snaps: [-1, -1] [-1, -1] [-1, -1]
found snaps: [-1, -1] [-1, -1] [-1, -1]
found snaps: [-1, -1] [-1, -1] [-1, -1]
found snaps: [-1, -1] [-1, -1] [-1, -1]
found snaps: [-1, -1] [-1, -1] [-1, -1]
found snaps: [-1, -1] [-1, -1] [-1, -1]
found snaps: [-1, -1] [-1, -1] [-1, -1]
found snaps: [-1, -1] [-1, -1] [-1, -1]
found snaps: [-1, -1] [-1, -1] [-1, -1]
found snaps: [-1, -1] [-1, -1] [-1, -1]
found snaps: [-1, -1] [-1, -1] [-1, -1]
found snaps: [-1, -1] [-1, -1] [-1, -1]
found snaps: [-1, -1] [-1, -1] [-1, -1]
found snaps: [-1, -1] [-1, -1] [1024, 38]
found snaps: [-1, -1] [1024, 38] [-1, -1]
found snaps: [1024, 38] [-1, -1] [-1, -1]
found snaps: [-1, -1] [-1, -1] [-1, -1]
MPsmooth  1100 40 0 9999
found snaps: [250, 40] [275, 40] [300, 40]
found snaps: [275, 40] [300, 40] [325, 40]
found snaps: [300, 40] [325, 40] [350, 40]
found snaps: [325, 40] [350, 40] [375, 40]
found snaps: [350, 40] [375, 40] [400, 40]
found snaps: [375, 40] [400, 40] [425, 40]
found non-monotic obs
3750335.0 4000360.0 4250385.0
0.06534366291462235 0.10311901658077534 0.09433724922739652
adjusted to: 0.07984045607100942
found snaps: [400, 40] [425, 40] [450, 40]
found snaps: [425, 40] [450, 40] [475, 40]
found snaps: [450, 40] [475, 40] [500, 40]
found snaps: [475, 40] [500, 40] [526, 41]
found snaps: [500, 40] [526, 41] [550, 40]
found snaps: [526, 41] [550, 40] [576, 40]
found snaps: [550, 40] [576, 40] [600, 40]
found non-monotic obs
5500510.0 5760536.0 6000560.0
0.3534496809295735 0.5024168321109505 0.45535327067954756
adjusted to: 0.40440147580456054
found snaps: [576, 40] [600, 40] [626, 40]
found non-monotic obs
5760536.0 6000560.0 6260586.0
0.40440147580456054 0.45535327067954756 0.4329998343906737
adjusted to: 0.4187006550976171
found snaps: [600, 40] [626, 40] [650, 40]
found snaps: [626, 40] [650, 40] [676, 40]
found snaps: [650, 40] [676, 40] [700, 40]
found snaps: [676, 40] [700, 40] [726, 40]
found non-monotic obs
6760636.0 7000660.0 7260686.0
0.7906885190044667 1.1338435073522983 0.9959449149390432
adjusted to: 0.893316716971755
found snaps: [700, 40] [726, 40] [750, 40]
found snaps: [726, 40] [750, 40] [776, 40]
found snaps: [750, 40] [776, 40] [800, 40]
found non-monotic obs
7500710.0 7760736.0 8000760.0
1.1997141943019198 1.8058251889367387 1.500873722604703
adjusted to: 1.3502939584533116
found snaps: [776, 40] [800, 40] [826, 40]
found snaps: [800, 40] [826, 40] [850, 40]
found snaps: [826, 40] [850, 40] [876, 40]
found snaps: [850, 40] [876, 40] [900, 40]
found snaps: [876, 40] [900, 40] [926, 40]
found non-monotic obs
8760836.0 9000860.0 9260886.0
3.227116487451178 4.010557590930578 3.940658356916127
adjusted to: 3.5838874221836523
found snaps: [900, 40] [926, 40] [950, 40]
found snaps: [926, 40] [950, 40] [976, 40]
found snaps: [950, 40] [976, 40] [-1, -1]
found snaps: [976, 40] [-1, -1] [-1, -1]
found snaps: [-1, -1] [-1, -1] [-1, -1]
found snaps: [-1, -1] [-1, -1] [1076, 40]
found snaps: [-1, -1] [1076, 40] [1100, 40]
MPsmooth  1100 41 0 9999
found snaps: [250, 40] [275, 40] [300, 40]
found snaps: [275, 40] [300, 40] [325, 40]
found snaps: [300, 40] [325, 40] [350, 40]
found snaps: [325, 40] [350, 40] [375, 40]
found snaps: [350, 40] [375, 40] [400, 40]
found snaps: [375, 40] [400, 40] [425, 40]
found snaps: [400, 40] [425, 40] [450, 40]
found snaps: [425, 40] [450, 40] [475, 40]
found snaps: [450, 40] [475, 40] [500, 40]
found snaps: [475, 40] [500, 40] [526, 41]
found snaps: [500, 40] [526, 41] [550, 40]
found snaps: [526, 41] [550, 40] [576, 40]
found snaps: [550, 40] [576, 40] [600, 40]
found snaps: [576, 40] [600, 40] [626, 40]
found snaps: [600, 40] [626, 40] [650, 40]
found snaps: [626, 40] [650, 40] [676, 40]
found snaps: [650, 40] [676, 40] [700, 40]
found snaps: [676, 40] [700, 40] [726, 40]
found snaps: [700, 40] [726, 40] [750, 40]
found snaps: [726, 40] [750, 40] [776, 40]
found snaps: [750, 40] [776, 40] [800, 40]
found snaps: [776, 40] [800, 40] [826, 40]
found snaps: [800, 40] [826, 40] [850, 40]
found snaps: [826, 40] [850, 40] [876, 40]
found snaps: [850, 40] [876, 40] [900, 40]
found snaps: [876, 40] [900, 40] [926, 40]
found snaps: [900, 40] [926, 40] [950, 40]
found snaps: [926, 40] [950, 40] [976, 40]
found snaps: [950, 40] [976, 40] [-1, -1]
found snaps: [976, 40] [-1, -1] [-1, -1]
found snaps: [-1, -1] [-1, -1] [1052, 42]
found snaps: [-1, -1] [1052, 42] [1076, 40]
found snaps: [1052, 42] [1076, 40] [1100, 40]
MPsmooth  1100 42 0 9999
found snaps: [-1, -1] [-1, -1] [-1, -1]
found snaps: [-1, -1] [-1, -1] [-1, -1]
found snaps: [-1, -1] [-1, -1] [-1, -1]
found snaps: [-1, -1] [-1, -1] [-1, -1]
found snaps: [-1, -1] [-1, -1] [-1, -1]
found snaps: [-1, -1] [-1, -1] [-1, -1]
found snaps: [-1, -1] [-1, -1] [-1, -1]
found snaps: [-1, -1] [-1, -1] [-1, -1]
found snaps: [-1, -1] [-1, -1] [-1, -1]
found snaps: [-1, -1] [-1, -1] [526, 41]
found snaps: [-1, -1] [526, 41] [-1, -1]
found snaps: [526, 41] [-1, -1] [-1, -1]
found snaps: [-1, -1] [-1, -1] [-1, -1]
found snaps: [-1, -1] [-1, -1] [-1, -1]
found snaps: [-1, -1] [-1, -1] [-1, -1]
found snaps: [-1, -1] [-1, -1] [-1, -1]
found snaps: [-1, -1] [-1, -1] [-1, -1]
found snaps: [-1, -1] [-1, -1] [-1, -1]
found snaps: [-1, -1] [-1, -1] [-1, -1]
found snaps: [-1, -1] [-1, -1] [-1, -1]
found snaps: [-1, -1] [-1, -1] [-1, -1]
found snaps: [-1, -1] [-1, -1] [-1, -1]
found snaps: [-1, -1] [-1, -1] [-1, -1]
found snaps: [-1, -1] [-1, -1] [-1, -1]
found snaps: [-1, -1] [-1, -1] [-1, -1]
found snaps: [-1, -1] [-1, -1] [-1, -1]
found snaps: [-1, -1] [-1, -1] [-1, -1]
found snaps: [-1, -1] [-1, -1] [-1, -1]
found snaps: [-1, -1] [-1, -1] [-1, -1]
found snaps: [-1, -1] [-1, -1] [-1, -1]
found snaps: [-1, -1] [-1, -1] [1052, 42]
found snaps: [-1, -1] [1052, 42] [-1, -1]
found snaps: [1052, 42] [-1, -1] [-1, -1]
MPsmooth  1100 48 0 9999
found snaps: [-1, -1] [-1, -1] [-1, -1]
found snaps: [-1, -1] [-1, -1] [-1, -1]
found snaps: [-1, -1] [-1, -1] [-1, -1]
found snaps: [-1, -1] [-1, -1] [-1, -1]
found snaps: [-1, -1] [-1, -1] [-1, -1]
found snaps: [-1, -1] [-1, -1] [-1, -1]
found snaps: [-1, -1] [-1, -1] [-1, -1]
found snaps: [-1, -1] [-1, -1] [-1, -1]
found snaps: [-1, -1] [-1, -1] [-1, -1]
found snaps: [-1, -1] [-1, -1] [-1, -1]
found snaps: [-1, -1] [-1, -1] [-1, -1]
found snaps: [-1, -1] [-1, -1] [-1, -1]
found snaps: [-1, -1] [-1, -1] [-1, -1]
found snaps: [-1, -1] [-1, -1] [-1, -1]
found snaps: [-1, -1] [-1, -1] [-1, -1]
found snaps: [-1, -1] [-1, -1] [-1, -1]
found snaps: [-1, -1] [-1, -1] [-1, -1]
found snaps: [-1, -1] [-1, -1] [-1, -1]
found snaps: [-1, -1] [-1, -1] [-1, -1]
found snaps: [-1, -1] [-1, -1] [-1, -1]
found snaps: [-1, -1] [-1, -1] [-1, -1]
found snaps: [-1, -1] [-1, -1] [-1, -1]
found snaps: [-1, -1] [-1, -1] [-1, -1]
found snaps: [-1, -1] [-1, -1] [-1, -1]
found snaps: [-1, -1] [-1, -1] [-1, -1]
found snaps: [-1, -1] [-1, -1] [-1, -1]
found snaps: [-1, -1] [-1, -1] [-1, -1]
found snaps: [-1, -1] [-1, -1] [-1, -1]
found snaps: [-1, -1] [-1, -1] [-1, -1]
found snaps: [-1, -1] [-1, -1] [1024, 48]
found snaps: [-1, -1] [1024, 48] [-1, -1]
found snaps: [1024, 48] [-1, -1] [-1, -1]
found snaps: [-1, -1] [-1, -1] [1100, 48]
MPsmooth  1100 50 0 9999
found snaps: [-1, -1] [275, 50] [300, 50]
found snaps: [275, 50] [300, 50] [325, 50]
found snaps: [300, 50] [325, 50] [350, 50]
found snaps: [325, 50] [350, 50] [375, 50]
found snaps: [350, 50] [375, 50] [400, 50]
found non-monotic obs
3500300.0 3750325.0 4000350.0
0.04522517668931847 0.06135497377457143 0.058930387103458944
adjusted to: 0.0520777818963887
found snaps: [375, 50] [400, 50] [425, 50]
found snaps: [400, 50] [425, 50] [450, 50]
found snaps: [425, 50] [450, 50] [475, 50]
found snaps: [450, 50] [475, 50] [500, 50]
found snaps: [475, 50] [500, 50] [526, 51]
found non-monotic obs
4750425.0 5000450.0 5260475.0
0.16312982935476922 0.2171950342182977 0.20859706565793765
adjusted to: 0.18586344750635342
found snaps: [500, 50] [526, 51] [550, 50]
found snaps: [526, 51] [550, 50] [576, 50]
found snaps: [550, 50] [576, 50] [600, 50]
found non-monotic obs
5500500.0 5760526.0 6000550.0
0.2887713334303172 0.3200149008635979 0.3020551850954975
adjusted to: 0.29541325926290735
found snaps: [576, 50] [600, 50] [626, 50]
found snaps: [600, 50] [626, 50] [650, 50]
found snaps: [626, 50] [650, 50] [676, 50]
found snaps: [650, 50] [676, 50] [700, 50]
found snaps: [676, 50] [700, 50] [726, 50]
found non-monotic obs
6760626.0 7000650.0 7260676.0
0.5181444481903393 0.7964332346160002 0.7789723098841475
adjusted to: 0.6485583790372433
found snaps: [700, 50] [726, 50] [750, 50]
found snaps: [726, 50] [750, 50] [776, 50]
found snaps: [750, 50] [776, 50] [800, 50]
found snaps: [776, 50] [800, 50] [826, 50]
found snaps: [800, 50] [826, 50] [850, 50]
found snaps: [826, 50] [850, 50] [876, 50]
found snaps: [850, 50] [876, 50] [900, 50]
found snaps: [876, 50] [900, 50] [926, 50]
found snaps: [900, 50] [926, 50] [950, 50]
found snaps: [926, 50] [950, 50] [976, 50]
found snaps: [950, 50] [976, 50] [1000, 50]
found snaps: [976, 50] [1000, 50] [-1, -1]
found snaps: [1000, 50] [-1, -1] [-1, -1]
found snaps: [-1, -1] [-1, -1] [-1, -1]
found snaps: [-1, -1] [-1, -1] [-1, -1]
MPsmooth  1100 51 0 9999
found snaps: [-1, -1] [275, 50] [300, 50]
found snaps: [275, 50] [300, 50] [325, 50]
found snaps: [300, 50] [325, 50] [350, 50]
found snaps: [325, 50] [350, 50] [375, 50]
found snaps: [350, 50] [375, 50] [400, 50]
found snaps: [375, 50] [400, 50] [425, 50]
found snaps: [400, 50] [425, 50] [450, 50]
found snaps: [425, 50] [450, 50] [475, 50]
found snaps: [450, 50] [475, 50] [500, 50]
found snaps: [475, 50] [500, 50] [526, 51]
found snaps: [500, 50] [526, 51] [550, 50]
found snaps: [526, 51] [550, 50] [576, 50]
found snaps: [550, 50] [576, 50] [600, 50]
found snaps: [576, 50] [600, 50] [626, 50]
found snaps: [600, 50] [626, 50] [650, 50]
found snaps: [626, 50] [650, 50] [676, 50]
found snaps: [650, 50] [676, 50] [700, 50]
found snaps: [676, 50] [700, 50] [726, 50]
found snaps: [700, 50] [726, 50] [750, 50]
found snaps: [726, 50] [750, 50] [776, 50]
found snaps: [750, 50] [776, 50] [800, 50]
found snaps: [776, 50] [800, 50] [826, 50]
found snaps: [800, 50] [826, 50] [850, 50]
found snaps: [826, 50] [850, 50] [876, 50]
found snaps: [850, 50] [876, 50] [900, 50]
found snaps: [876, 50] [900, 50] [926, 50]
found snaps: [900, 50] [926, 50] [950, 50]
found snaps: [926, 50] [950, 50] [976, 50]
found snaps: [950, 50] [976, 50] [1000, 50]
found snaps: [976, 50] [1000, 50] [-1, -1]
found snaps: [1000, 50] [-1, -1] [1052, 52]
found snaps: [-1, -1] [1052, 52] [1076, 52]
found snaps: [1052, 52] [1076, 52] [-1, -1]
MPsmooth  1100 52 0 9999
found snaps: [-1, -1] [-1, -1] [-1, -1]
found snaps: [-1, -1] [-1, -1] [-1, -1]
found snaps: [-1, -1] [-1, -1] [-1, -1]
found snaps: [-1, -1] [-1, -1] [-1, -1]
found snaps: [-1, -1] [-1, -1] [-1, -1]
found snaps: [-1, -1] [-1, -1] [-1, -1]
found snaps: [-1, -1] [-1, -1] [-1, -1]
found snaps: [-1, -1] [-1, -1] [-1, -1]
found snaps: [-1, -1] [-1, -1] [-1, -1]
found snaps: [-1, -1] [-1, -1] [526, 51]
found snaps: [-1, -1] [526, 51] [-1, -1]
found snaps: [526, 51] [-1, -1] [-1, -1]
found snaps: [-1, -1] [-1, -1] [-1, -1]
found snaps: [-1, -1] [-1, -1] [-1, -1]
found snaps: [-1, -1] [-1, -1] [-1, -1]
found snaps: [-1, -1] [-1, -1] [-1, -1]
found snaps: [-1, -1] [-1, -1] [-1, -1]
found snaps: [-1, -1] [-1, -1] [-1, -1]
found snaps: [-1, -1] [-1, -1] [-1, -1]
found snaps: [-1, -1] [-1, -1] [-1, -1]
found snaps: [-1, -1] [-1, -1] [-1, -1]
found snaps: [-1, -1] [-1, -1] [-1, -1]
found snaps: [-1, -1] [-1, -1] [-1, -1]
found snaps: [-1, -1] [-1, -1] [-1, -1]
found snaps: [-1, -1] [-1, -1] [-1, -1]
found snaps: [-1, -1] [-1, -1] [-1, -1]
found snaps: [-1, -1] [-1, -1] [-1, -1]
found snaps: [-1, -1] [-1, -1] [-1, -1]
found snaps: [-1, -1] [-1, -1] [-1, -1]
found snaps: [-1, -1] [-1, -1] [-1, -1]
found snaps: [-1, -1] [-1, -1] [1052, 52]
found snaps: [-1, -1] [1052, 52] [1076, 52]
found snaps: [1052, 52] [1076, 52] [-1, -1]
MPsmooth  1100 58 0 9999
found snaps: [-1, -1] [-1, -1] [-1, -1]
found snaps: [-1, -1] [-1, -1] [-1, -1]
found snaps: [-1, -1] [-1, -1] [-1, -1]
found snaps: [-1, -1] [-1, -1] [-1, -1]
found snaps: [-1, -1] [-1, -1] [-1, -1]
found snaps: [-1, -1] [-1, -1] [-1, -1]
found snaps: [-1, -1] [-1, -1] [-1, -1]
found snaps: [-1, -1] [-1, -1] [-1, -1]
found snaps: [-1, -1] [-1, -1] [-1, -1]
found snaps: [-1, -1] [-1, -1] [-1, -1]
found snaps: [-1, -1] [-1, -1] [-1, -1]
found snaps: [-1, -1] [-1, -1] [-1, -1]
found snaps: [-1, -1] [-1, -1] [-1, -1]
found snaps: [-1, -1] [-1, -1] [-1, -1]
found snaps: [-1, -1] [-1, -1] [-1, -1]
found snaps: [-1, -1] [-1, -1] [-1, -1]
found snaps: [-1, -1] [-1, -1] [-1, -1]
found snaps: [-1, -1] [-1, -1] [-1, -1]
found snaps: [-1, -1] [-1, -1] [-1, -1]
found snaps: [-1, -1] [-1, -1] [-1, -1]
found snaps: [-1, -1] [-1, -1] [-1, -1]
found snaps: [-1, -1] [-1, -1] [-1, -1]
found snaps: [-1, -1] [-1, -1] [-1, -1]
found snaps: [-1, -1] [-1, -1] [-1, -1]
found snaps: [-1, -1] [-1, -1] [-1, -1]
found snaps: [-1, -1] [-1, -1] [-1, -1]
found snaps: [-1, -1] [-1, -1] [-1, -1]
found snaps: [-1, -1] [-1, -1] [-1, -1]
found snaps: [-1, -1] [-1, -1] [-1, -1]
found snaps: [-1, -1] [-1, -1] [1024, 58]
found snaps: [-1, -1] [1024, 58] [-1, -1]
found snaps: [1024, 58] [-1, -1] [-1, -1]
found snaps: [-1, -1] [-1, -1] [-1, -1]
MPsmooth  1100 60 0 9999
found snaps: [250, 60] [275, 60] [300, 60]
found non-monotic obs
2500190.0 2750215.0 3000240.0
0.022330308094428843 0.029327476287416332 0.026334684004371226
adjusted to: 0.024332496049400035
found snaps: [275, 60] [300, 60] [325, 60]
found snaps: [300, 60] [325, 60] [350, 60]
found snaps: [325, 60] [350, 60] [375, 60]
found snaps: [350, 60] [375, 60] [400, 60]
found snaps: [375, 60] [400, 60] [425, 60]
found snaps: [400, 60] [425, 60] [450, 60]
found non-monotic obs
4000340.0 4250365.0 4500390.0
0.07812800998105007 0.09974123219750916 0.08629863344971227
adjusted to: 0.08221332171538118
found snaps: [425, 60] [450, 60] [475, 60]
found snaps: [450, 60] [475, 60] [500, 60]
found non-monotic obs
4500390.0 4750415.0 5000440.0
0.08629863344971227 0.14842840592406079 0.14535699672465893
adjusted to: 0.11582781508718559
found snaps: [475, 60] [500, 60] [526, 61]
found non-monotic obs
4750415.0 5000440.0 5260465.0
0.11582781508718559 0.14535699672465893 0.11776158492635914
adjusted to: 0.11679470000677236
found snaps: [500, 60] [526, 61] [550, 60]
found snaps: [526, 61] [550, 60] [576, 60]
found snaps: [550, 60] [576, 60] [600, 60]
found non-monotic obs
5500490.0 5760516.0 6000540.0
0.280958966681798 0.29372700854189926 0.22510440729755538
adjusted to: 0.2530316869896767
found snaps: [576, 60] [600, 60] [626, 60]
found non-monotic obs
5760516.0 6000540.0 6260566.0
0.2530316869896767 0.22510440729755538 0.3724428776826579
adjusted to: 0.31273728233616727
found snaps: [600, 60] [626, 60] [650, 60]
found snaps: [626, 60] [650, 60] [676, 60]
found non-monotic obs
6260566.0 6500590.0 6760616.0
0.3724428776826579 0.5168332747161983 0.3972185560916714
adjusted to: 0.38483071688716464
found snaps: [650, 60] [676, 60] [700, 60]
found snaps: [676, 60] [700, 60] [726, 60]
found snaps: [700, 60] [726, 60] [750, 60]
found snaps: [726, 60] [750, 60] [776, 60]
found non-monotic obs
7260666.0 7500690.0 7760716.0
0.8288781108006846 1.0691184487343934 0.9344349278755688
adjusted to: 0.8816565193381267
found snaps: [750, 60] [776, 60] [800, 60]
found snaps: [776, 60] [800, 60] [826, 60]
found non-monotic obs
7760716.0 8000740.0 8260766.0
0.9344349278755688 1.7827471147712293 1.3552595336234
adjusted to: 1.1448472307494844
found snaps: [800, 60] [826, 60] [850, 60]
found snaps: [826, 60] [850, 60] [876, 60]
found snaps: [850, 60] [876, 60] [900, 60]
found non-monotic obs
8500790.0 8760816.0 9000840.0
2.1765306199304466 3.9229982378978767 2.2517134680440587
adjusted to: 2.2141220439872527
found snaps: [876, 60] [900, 60] [926, 60]
found snaps: [900, 60] [926, 60] [950, 60]
found non-monotic obs
9000840.0 9260866.0 9500890.0
2.2517134680440587 3.7290260130625694 3.0887592249979035
adjusted to: 2.670236346520981
found snaps: [926, 60] [950, 60] [976, 60]
found snaps: [950, 60] [976, 60] [1000, 60]
found non-monotic obs
9500890.0 9760916.0 10000940.0
3.0887592249979035 4.917737904613381 4.605204483940893
adjusted to: 3.8469818544693983
found snaps: [976, 60] [1000, 60] [-1, -1]
found snaps: [1000, 60] [-1, -1] [-1, -1]
found snaps: [-1, -1] [-1, -1] [1076, 60]
found snaps: [-1, -1] [1076, 60] [1100, 60]
MPsmooth  1100 61 0 9999
found snaps: [250, 60] [275, 60] [300, 60]
found snaps: [275, 60] [300, 60] [325, 60]
found snaps: [300, 60] [325, 60] [350, 60]
found snaps: [325, 60] [350, 60] [375, 60]
found snaps: [350, 60] [375, 60] [400, 60]
found snaps: [375, 60] [400, 60] [425, 60]
found snaps: [400, 60] [425, 60] [450, 60]
found snaps: [425, 60] [450, 60] [475, 60]
found snaps: [450, 60] [475, 60] [500, 60]
found snaps: [475, 60] [500, 60] [526, 61]
found snaps: [500, 60] [526, 61] [550, 60]
found snaps: [526, 61] [550, 60] [576, 60]
found non-monotic obs
5260465.0 5500490.0 5760516.0
0.11776158492635914 0.280958966681798 0.2530316869896767
adjusted to: 0.18539663595801792
found snaps: [550, 60] [576, 60] [600, 60]
found snaps: [576, 60] [600, 60] [626, 60]
found snaps: [600, 60] [626, 60] [650, 60]
found snaps: [626, 60] [650, 60] [676, 60]
found snaps: [650, 60] [676, 60] [700, 60]
found snaps: [676, 60] [700, 60] [726, 60]
found snaps: [700, 60] [726, 60] [750, 60]
found snaps: [726, 60] [750, 60] [776, 60]
found snaps: [750, 60] [776, 60] [800, 60]
found snaps: [776, 60] [800, 60] [826, 60]
found snaps: [800, 60] [826, 60] [850, 60]
found snaps: [826, 60] [850, 60] [876, 60]
found snaps: [850, 60] [876, 60] [900, 60]
found snaps: [876, 60] [900, 60] [926, 60]
found snaps: [900, 60] [926, 60] [950, 60]
found snaps: [926, 60] [950, 60] [976, 60]
found snaps: [950, 60] [976, 60] [1000, 60]
found snaps: [976, 60] [1000, 60] [-1, -1]
found snaps: [1000, 60] [-1, -1] [1052, 62]
found snaps: [-1, -1] [1052, 62] [1076, 60]
found snaps: [1052, 62] [1076, 60] [1100, 60]
found non-monotic obs
10520990.0 10761016.0 11001040.0
9.028146309924875 8.751134470083517 15.722685497525578
adjusted to: 12.375415903725226
MPsmooth  1100 62 0 9999
found snaps: [-1, -1] [-1, -1] [-1, -1]
found snaps: [-1, -1] [-1, -1] [-1, -1]
found snaps: [-1, -1] [-1, -1] [-1, -1]
found snaps: [-1, -1] [-1, -1] [-1, -1]
found snaps: [-1, -1] [-1, -1] [-1, -1]
found snaps: [-1, -1] [-1, -1] [-1, -1]
found snaps: [-1, -1] [-1, -1] [-1, -1]
found snaps: [-1, -1] [-1, -1] [-1, -1]
found snaps: [-1, -1] [-1, -1] [-1, -1]
found snaps: [-1, -1] [-1, -1] [526, 61]
found snaps: [-1, -1] [526, 61] [-1, -1]
found snaps: [526, 61] [-1, -1] [-1, -1]
found snaps: [-1, -1] [-1, -1] [-1, -1]
found snaps: [-1, -1] [-1, -1] [-1, -1]
found snaps: [-1, -1] [-1, -1] [-1, -1]
found snaps: [-1, -1] [-1, -1] [-1, -1]
found snaps: [-1, -1] [-1, -1] [-1, -1]
found snaps: [-1, -1] [-1, -1] [-1, -1]
found snaps: [-1, -1] [-1, -1] [-1, -1]
found snaps: [-1, -1] [-1, -1] [-1, -1]
found snaps: [-1, -1] [-1, -1] [-1, -1]
found snaps: [-1, -1] [-1, -1] [-1, -1]
found snaps: [-1, -1] [-1, -1] [-1, -1]
found snaps: [-1, -1] [-1, -1] [-1, -1]
found snaps: [-1, -1] [-1, -1] [-1, -1]
found snaps: [-1, -1] [-1, -1] [-1, -1]
found snaps: [-1, -1] [-1, -1] [-1, -1]
found snaps: [-1, -1] [-1, -1] [-1, -1]
found snaps: [-1, -1] [-1, -1] [-1, -1]
found snaps: [-1, -1] [-1, -1] [-1, -1]
found snaps: [-1, -1] [-1, -1] [1052, 62]
found snaps: [-1, -1] [1052, 62] [-1, -1]
found snaps: [1052, 62] [-1, -1] [-1, -1]
MPsmooth  1100 68 0 9999
found snaps: [-1, -1] [-1, -1] [-1, -1]
found snaps: [-1, -1] [-1, -1] [-1, -1]
found snaps: [-1, -1] [-1, -1] [-1, -1]
found snaps: [-1, -1] [-1, -1] [-1, -1]
found snaps: [-1, -1] [-1, -1] [-1, -1]
found snaps: [-1, -1] [-1, -1] [-1, -1]
found snaps: [-1, -1] [-1, -1] [-1, -1]
found snaps: [-1, -1] [-1, -1] [-1, -1]
found snaps: [-1, -1] [-1, -1] [-1, -1]
found snaps: [-1, -1] [-1, -1] [-1, -1]
found snaps: [-1, -1] [-1, -1] [-1, -1]
found snaps: [-1, -1] [-1, -1] [-1, -1]
found snaps: [-1, -1] [-1, -1] [-1, -1]
found snaps: [-1, -1] [-1, -1] [-1, -1]
found snaps: [-1, -1] [-1, -1] [-1, -1]
found snaps: [-1, -1] [-1, -1] [-1, -1]
found snaps: [-1, -1] [-1, -1] [-1, -1]
found snaps: [-1, -1] [-1, -1] [-1, -1]
found snaps: [-1, -1] [-1, -1] [-1, -1]
found snaps: [-1, -1] [-1, -1] [-1, -1]
found snaps: [-1, -1] [-1, -1] [-1, -1]
found snaps: [-1, -1] [-1, -1] [-1, -1]
found snaps: [-1, -1] [-1, -1] [-1, -1]
found snaps: [-1, -1] [-1, -1] [-1, -1]
found snaps: [-1, -1] [-1, -1] [-1, -1]
found snaps: [-1, -1] [-1, -1] [-1, -1]
found snaps: [-1, -1] [-1, -1] [-1, -1]
found snaps: [-1, -1] [-1, -1] [-1, -1]
found snaps: [-1, -1] [-1, -1] [-1, -1]
found snaps: [-1, -1] [-1, -1] [1024, 68]
found snaps: [-1, -1] [1024, 68] [-1, -1]
found snaps: [1024, 68] [-1, -1] [-1, -1]
found snaps: [-1, -1] [-1, -1] [1100, 68]
MPsmooth  1100 70 0 9999
found snaps: [250, 70] [275, 70] [300, 70]
found snaps: [275, 70] [300, 70] [325, 70]
found snaps: [300, 70] [325, 70] [350, 70]
found snaps: [325, 70] [350, 70] [375, 70]
found snaps: [350, 70] [375, 70] [400, 70]
found snaps: [375, 70] [400, 70] [425, 70]
found snaps: [400, 70] [425, 70] [450, 70]
found non-monotic obs
4000330.0 4250355.0 4500380.0
0.07784279427893874 0.10972750814566001 0.08572561240741308
adjusted to: 0.0817842033431759
found snaps: [425, 70] [450, 70] [475, 70]
found snaps: [450, 70] [475, 70] [500, 70]
found non-monotic obs
4500380.0 4750405.0 5000430.0
0.08572561240741308 0.12967604342841782 0.12371223498511752
adjusted to: 0.1047189236962653
found snaps: [475, 70] [500, 70] [526, 71]
found snaps: [500, 70] [526, 71] [-1, -1]
found snaps: [526, 71] [-1, -1] [576, 71]
found snaps: [-1, -1] [576, 71] [600, 70]
found snaps: [576, 71] [600, 70] [626, 70]
found non-monotic obs
5760505.0 6000530.0 6260556.0
0.21163922711967864 0.3055914260710523 0.28078516569725614
adjusted to: 0.2462121964084674
found snaps: [600, 70] [626, 70] [650, 70]
found snaps: [626, 70] [650, 70] [676, 70]
found non-monotic obs
6260556.0 6500580.0 6760606.0
0.28078516569725614 0.6370766381715502 0.45403850952912217
adjusted to: 0.3674118376131892
found snaps: [650, 70] [676, 70] [700, 70]
found snaps: [676, 70] [700, 70] [726, 70]
found snaps: [700, 70] [726, 70] [750, 70]
found snaps: [726, 70] [750, 70] [776, 70]
found non-monotic obs
7260656.0 7500680.0 7760706.0
0.6427459849486565 0.848355575021114 0.7512114085903447
adjusted to: 0.6969786967695006
found snaps: [750, 70] [776, 70] [800, 70]
found snaps: [776, 70] [800, 70] [826, 70]
found non-monotic obs
7760706.0 8000730.0 8260756.0
0.7512114085903447 1.8775902449228115 1.3681348911004405
adjusted to: 1.0596731498453926
found snaps: [800, 70] [826, 70] [850, 70]
found snaps: [826, 70] [850, 70] [876, 70]
found non-monotic obs
8260756.0 8500780.0 8760806.0
1.3681348911004405 2.02968294923762 1.986243352898249
adjusted to: 1.6771891219993447
found snaps: [850, 70] [876, 70] [900, 70]
found snaps: [876, 70] [900, 70] [926, 70]
found snaps: [900, 70] [926, 70] [950, 70]
found non-monotic obs
9000830.0 9260856.0 9500880.0
2.895493337887309 3.6890977893385837 3.6551828259622776
adjusted to: 3.2753380819247933
found snaps: [926, 70] [950, 70] [976, 70]
found snaps: [950, 70] [976, 70] [1000, 70]
found non-monotic obs
9500880.0 9760906.0 10000930.0
3.6551828259622776 4.664340108403275 3.7385126765068835
adjusted to: 3.6968477512345803
found snaps: [976, 70] [1000, 70] [-1, -1]
found snaps: [1000, 70] [-1, -1] [-1, -1]
found snaps: [-1, -1] [-1, -1] [1076, 70]
found snaps: [-1, -1] [1076, 70] [-1, -1]
MPsmooth  1100 71 0 9999
found snaps: [250, 70] [275, 70] [300, 70]
found snaps: [275, 70] [300, 70] [325, 70]
found snaps: [300, 70] [325, 70] [350, 70]
found snaps: [325, 70] [350, 70] [375, 70]
found snaps: [350, 70] [375, 70] [400, 70]
found snaps: [375, 70] [400, 70] [425, 70]
found snaps: [400, 70] [425, 70] [450, 70]
found snaps: [425, 70] [450, 70] [475, 70]
found snaps: [450, 70] [475, 70] [500, 70]
found snaps: [475, 70] [500, 70] [526, 71]
found snaps: [500, 70] [526, 71] [-1, -1]
found snaps: [526, 71] [-1, -1] [576, 71]
found snaps: [-1, -1] [576, 71] [600, 70]
found snaps: [576, 71] [600, 70] [626, 70]
found snaps: [600, 70] [626, 70] [650, 70]
found snaps: [626, 70] [650, 70] [676, 70]
found snaps: [650, 70] [676, 70] [700, 70]
found snaps: [676, 70] [700, 70] [726, 70]
found snaps: [700, 70] [726, 70] [750, 70]
found snaps: [726, 70] [750, 70] [776, 70]
found snaps: [750, 70] [776, 70] [800, 70]
found snaps: [776, 70] [800, 70] [826, 70]
found snaps: [800, 70] [826, 70] [850, 70]
found snaps: [826, 70] [850, 70] [876, 70]
found snaps: [850, 70] [876, 70] [900, 70]
found snaps: [876, 70] [900, 70] [926, 70]
found snaps: [900, 70] [926, 70] [950, 70]
found snaps: [926, 70] [950, 70] [976, 70]
found snaps: [950, 70] [976, 70] [1000, 70]
found snaps: [976, 70] [1000, 70] [-1, -1]
found snaps: [1000, 70] [-1, -1] [1052, 72]
found snaps: [-1, -1] [1052, 72] [1076, 70]
found snaps: [1052, 72] [1076, 70] [-1, -1]
MPsmooth  1100 72 0 9999
found snaps: [-1, -1] [-1, -1] [-1, -1]
found snaps: [-1, -1] [-1, -1] [-1, -1]
found snaps: [-1, -1] [-1, -1] [-1, -1]
found snaps: [-1, -1] [-1, -1] [-1, -1]
found snaps: [-1, -1] [-1, -1] [-1, -1]
found snaps: [-1, -1] [-1, -1] [-1, -1]
found snaps: [-1, -1] [-1, -1] [-1, -1]
found snaps: [-1, -1] [-1, -1] [-1, -1]
found snaps: [-1, -1] [-1, -1] [-1, -1]
found snaps: [-1, -1] [-1, -1] [526, 71]
found snaps: [-1, -1] [526, 71] [-1, -1]
found snaps: [526, 71] [-1, -1] [576, 71]
found snaps: [-1, -1] [576, 71] [-1, -1]
found snaps: [576, 71] [-1, -1] [-1, -1]
found snaps: [-1, -1] [-1, -1] [-1, -1]
found snaps: [-1, -1] [-1, -1] [-1, -1]
found snaps: [-1, -1] [-1, -1] [-1, -1]
found snaps: [-1, -1] [-1, -1] [-1, -1]
found snaps: [-1, -1] [-1, -1] [-1, -1]
found snaps: [-1, -1] [-1, -1] [-1, -1]
found snaps: [-1, -1] [-1, -1] [-1, -1]
found snaps: [-1, -1] [-1, -1] [-1, -1]
found snaps: [-1, -1] [-1, -1] [-1, -1]
found snaps: [-1, -1] [-1, -1] [-1, -1]
found snaps: [-1, -1] [-1, -1] [-1, -1]
found snaps: [-1, -1] [-1, -1] [-1, -1]
found snaps: [-1, -1] [-1, -1] [-1, -1]
found snaps: [-1, -1] [-1, -1] [-1, -1]
found snaps: [-1, -1] [-1, -1] [-1, -1]
found snaps: [-1, -1] [-1, -1] [-1, -1]
found snaps: [-1, -1] [-1, -1] [1052, 72]
found snaps: [-1, -1] [1052, 72] [-1, -1]
found snaps: [1052, 72] [-1, -1] [-1, -1]
MPsmooth  1100 78 0 9999
found snaps: [-1, -1] [-1, -1] [-1, -1]
found snaps: [-1, -1] [-1, -1] [-1, -1]
found snaps: [-1, -1] [-1, -1] [-1, -1]
found snaps: [-1, -1] [-1, -1] [-1, -1]
found snaps: [-1, -1] [-1, -1] [-1, -1]
found snaps: [-1, -1] [-1, -1] [-1, -1]
found snaps: [-1, -1] [-1, -1] [-1, -1]
found snaps: [-1, -1] [-1, -1] [-1, -1]
found snaps: [-1, -1] [-1, -1] [-1, -1]
found snaps: [-1, -1] [-1, -1] [-1, -1]
found snaps: [-1, -1] [-1, -1] [-1, -1]
found snaps: [-1, -1] [-1, -1] [-1, -1]
found snaps: [-1, -1] [-1, -1] [-1, -1]
found snaps: [-1, -1] [-1, -1] [-1, -1]
found snaps: [-1, -1] [-1, -1] [-1, -1]
found snaps: [-1, -1] [-1, -1] [-1, -1]
found snaps: [-1, -1] [-1, -1] [-1, -1]
found snaps: [-1, -1] [-1, -1] [-1, -1]
found snaps: [-1, -1] [-1, -1] [-1, -1]
found snaps: [-1, -1] [-1, -1] [-1, -1]
found snaps: [-1, -1] [-1, -1] [-1, -1]
found snaps: [-1, -1] [-1, -1] [-1, -1]
found snaps: [-1, -1] [-1, -1] [-1, -1]
found snaps: [-1, -1] [-1, -1] [-1, -1]
found snaps: [-1, -1] [-1, -1] [-1, -1]
found snaps: [-1, -1] [-1, -1] [-1, -1]
found snaps: [-1, -1] [-1, -1] [-1, -1]
found snaps: [-1, -1] [-1, -1] [-1, -1]
found snaps: [-1, -1] [-1, -1] [-1, -1]
found snaps: [-1, -1] [-1, -1] [1024, 78]
found snaps: [-1, -1] [1024, 78] [-1, -1]
found snaps: [1024, 78] [-1, -1] [-1, -1]
found snaps: [-1, -1] [-1, -1] [-1, -1]
MPsmooth  1100 80 0 9999
found snaps: [250, 80] [275, 80] [300, 80]
found non-monotic obs
2500170.0 2750195.0 3000220.0
0.06804950235609115 0.06680167466590203 0.06954554244252538
adjusted to: 0.06879752239930827
found snaps: [275, 80] [300, 80] [325, 80]
found snaps: [300, 80] [325, 80] [350, 80]
found snaps: [325, 80] [350, 80] [375, 80]
found snaps: [350, 80] [375, 80] [400, 80]
found non-monotic obs
3500270.0 3750295.0 4000320.0
0.09002715610839435 0.12423989006451135 0.12240427138009335
adjusted to: 0.10621571374424385
found snaps: [375, 80] [400, 80] [425, 80]
found snaps: [400, 80] [425, 80] [450, 80]
found snaps: [425, 80] [450, 80] [475, 80]
found snaps: [450, 80] [475, 80] [500, 80]
found snaps: [475, 80] [500, 80] [526, 81]
found snaps: [500, 80] [526, 81] [550, 80]
found non-monotic obs
5000420.0 5260445.0 5500470.0
0.20248788811136015 0.31138992545096783 0.2124421519403996
adjusted to: 0.20746502002587985
found snaps: [526, 81] [550, 80] [576, 81]
found snaps: [550, 80] [576, 81] [600, 80]
found snaps: [576, 81] [600, 80] [626, 80]
found snaps: [600, 80] [626, 80] [650, 80]
found non-monotic obs
6000520.0 6260546.0 6500570.0
0.3335591885342254 0.44798779565589963 0.2639369265987094
adjusted to: 0.2987480575664674
found snaps: [626, 80] [650, 80] [676, 80]
found non-monotic obs
6260546.0 6500570.0 6760596.0
0.2987480575664674 0.2639369265987094 0.47121319395001726
adjusted to: 0.3849806257582423
found snaps: [650, 80] [676, 80] [700, 80]
found snaps: [676, 80] [700, 80] [726, 80]
found snaps: [700, 80] [726, 80] [750, 80]
found snaps: [726, 80] [750, 80] [776, 80]
found snaps: [750, 80] [776, 80] [800, 80]
found non-monotic obs
7500670.0 7760696.0 8000720.0
0.8866231520712827 1.239481807537626 0.8973959331009456
adjusted to: 0.8920095425861141
found snaps: [776, 80] [800, 80] [826, 80]
found snaps: [800, 80] [826, 80] [850, 80]
found snaps: [826, 80] [850, 80] [876, 80]
found snaps: [850, 80] [876, 80] [900, 80]
found snaps: [876, 80] [900, 80] [926, 80]
found non-monotic obs
8760796.0 9000820.0 9260846.0
1.6076033746391598 2.701394992365398 2.496000807008019
adjusted to: 2.0518020908235894
found snaps: [900, 80] [926, 80] [950, 80]
found snaps: [926, 80] [950, 80] [976, 80]
found non-monotic obs
9260846.0 9500870.0 9760896.0
2.496000807008019 4.317437568758211 3.09908673005619
adjusted to: 2.7975437685321047
found snaps: [950, 80] [976, 80] [1000, 80]
found snaps: [976, 80] [1000, 80] [-1, -1]
found snaps: [1000, 80] [-1, -1] [-1, -1]
found snaps: [-1, -1] [-1, -1] [1076, 80]
found snaps: [-1, -1] [1076, 80] [1100, 80]
MPsmooth  1100 81 0 9999
found snaps: [250, 80] [275, 80] [300, 80]
found snaps: [275, 80] [300, 80] [325, 80]
found snaps: [300, 80] [325, 80] [350, 80]
found snaps: [325, 80] [350, 80] [375, 80]
found snaps: [350, 80] [375, 80] [400, 80]
found snaps: [375, 80] [400, 80] [425, 80]
found snaps: [400, 80] [425, 80] [450, 80]
found snaps: [425, 80] [450, 80] [475, 80]
found snaps: [450, 80] [475, 80] [500, 80]
found snaps: [475, 80] [500, 80] [526, 81]
found snaps: [500, 80] [526, 81] [550, 80]
found snaps: [526, 81] [550, 80] [576, 81]
found snaps: [550, 80] [576, 81] [600, 80]
found snaps: [576, 81] [600, 80] [626, 80]
found non-monotic obs
5760495.0 6000520.0 6260546.0
0.2352491281761677 0.3335591885342254 0.2987480575664674
adjusted to: 0.26699859287131755
found snaps: [600, 80] [626, 80] [650, 80]
found snaps: [626, 80] [650, 80] [676, 80]
found snaps: [650, 80] [676, 80] [700, 80]
found snaps: [676, 80] [700, 80] [726, 80]
found snaps: [700, 80] [726, 80] [750, 80]
found snaps: [726, 80] [750, 80] [776, 80]
found snaps: [750, 80] [776, 80] [800, 80]
found snaps: [776, 80] [800, 80] [826, 80]
found snaps: [800, 80] [826, 80] [850, 80]
found snaps: [826, 80] [850, 80] [876, 80]
found snaps: [850, 80] [876, 80] [900, 80]
found snaps: [876, 80] [900, 80] [926, 80]
found snaps: [900, 80] [926, 80] [950, 80]
found snaps: [926, 80] [950, 80] [976, 80]
found snaps: [950, 80] [976, 80] [1000, 80]
found snaps: [976, 80] [1000, 80] [-1, -1]
found snaps: [1000, 80] [-1, -1] [1052, 82]
found snaps: [-1, -1] [1052, 82] [1076, 80]
found snaps: [1052, 82] [1076, 80] [1100, 80]
found non-monotic obs
10520970.0 10760996.0 11001020.0
5.003726084830884 8.492606030974951 8.417910056543638
adjusted to: 6.710818070687261
MPsmooth  1100 82 0 9999
found snaps: [-1, -1] [-1, -1] [-1, -1]
found snaps: [-1, -1] [-1, -1] [-1, -1]
found snaps: [-1, -1] [-1, -1] [-1, -1]
found snaps: [-1, -1] [-1, -1] [-1, -1]
found snaps: [-1, -1] [-1, -1] [-1, -1]
found snaps: [-1, -1] [-1, -1] [-1, -1]
found snaps: [-1, -1] [-1, -1] [-1, -1]
found snaps: [-1, -1] [-1, -1] [-1, -1]
found snaps: [-1, -1] [-1, -1] [-1, -1]
found snaps: [-1, -1] [-1, -1] [526, 81]
found snaps: [-1, -1] [526, 81] [-1, -1]
found snaps: [526, 81] [-1, -1] [576, 81]
found snaps: [-1, -1] [576, 81] [-1, -1]
found snaps: [576, 81] [-1, -1] [-1, -1]
found snaps: [-1, -1] [-1, -1] [-1, -1]
found snaps: [-1, -1] [-1, -1] [-1, -1]
found snaps: [-1, -1] [-1, -1] [-1, -1]
found snaps: [-1, -1] [-1, -1] [-1, -1]
found snaps: [-1, -1] [-1, -1] [-1, -1]
found snaps: [-1, -1] [-1, -1] [-1, -1]
found snaps: [-1, -1] [-1, -1] [-1, -1]
found snaps: [-1, -1] [-1, -1] [-1, -1]
found snaps: [-1, -1] [-1, -1] [-1, -1]
found snaps: [-1, -1] [-1, -1] [-1, -1]
found snaps: [-1, -1] [-1, -1] [-1, -1]
found snaps: [-1, -1] [-1, -1] [-1, -1]
found snaps: [-1, -1] [-1, -1] [-1, -1]
found snaps: [-1, -1] [-1, -1] [-1, -1]
found snaps: [-1, -1] [-1, -1] [-1, -1]
found snaps: [-1, -1] [-1, -1] [-1, -1]
found snaps: [-1, -1] [-1, -1] [1052, 82]
found snaps: [-1, -1] [1052, 82] [-1, -1]
found snaps: [1052, 82] [-1, -1] [-1, -1]
Smoothing dM axis--------------------------
continue on DMAXIS smooth 10 25 9999
continue on DMAXIS smooth 20 25 9999
found non-monotic obs
2500230.0 2500220.0 2500210.0
0.015125809116171342 0.012725283341111867 0.015548331945098835
adjusted to: 0.01533707053063509
continue on DMAXIS smooth 10 25 9999
continue on DMAXIS smooth 20 25 9999
found non-monotic obs
2750255.0 2750245.0 2750235.0
0.019618238451245742 0.01669796594181195 0.023427624640593347
adjusted to: 0.021522931545919544
found non-monotic obs
2750245.0 2750235.0 2750225.0
0.021522931545919544 0.023427624640593347 0.018366354676755133
adjusted to: 0.01994464311133734
found non-monotic obs
2750235.0 2750225.0 2750215.0
0.01994464311133734 0.018366354676755133 0.024332496049400035
adjusted to: 0.022138569580368687
continue on DMAXIS smooth 6 25 9999
continue on DMAXIS smooth 8 25 9999
continue on DMAXIS smooth 10 25 9999
continue on DMAXIS smooth 20 25 9999
found non-monotic obs
3000280.0 3000270.0 3000260.0
0.031097503381601353 0.02218653449295752 0.024185037026152142
adjusted to: 0.027641270203876748
found non-monotic obs
3000270.0 3000260.0 3000250.0
0.027641270203876748 0.024185037026152142 0.031234472045948453
adjusted to: 0.0294378711249126
found non-monotic obs
3000260.0 3000250.0 3000240.0
0.0294378711249126 0.031234472045948453 0.026334684004371226
adjusted to: 0.02788627756464191
found non-monotic obs
3000250.0 3000240.0 3000230.0
0.02788627756464191 0.026334684004371226 0.05153966446643734
adjusted to: 0.039712971015539625
continue on DMAXIS smooth 10 25 9999
continue on DMAXIS smooth 20 25 9999
found non-monotic obs
3250305.0 3250295.0 3250285.0
0.04342883854595825 0.039525196814840756 0.0361274739423317
adjusted to: 0.03977815624414498
found non-monotic obs
3250295.0 3250285.0 3250275.0
0.03977815624414498 0.0361274739423317 0.03270655886121348
adjusted to: 0.036242357552679225
found non-monotic obs
3250285.0 3250275.0 3250265.0
0.036242357552679225 0.03270655886121348 0.043434446997357004
adjusted to: 0.039838402275018114
continue on DMAXIS smooth 10 25 9999
continue on DMAXIS smooth 20 25 9999
found non-monotic obs
3500330.0 3500320.0 3500310.0
0.058429776022043016 0.046300084567242994 0.04507036839475529
adjusted to: 0.05175007220839915
found non-monotic obs
3500320.0 3500310.0 3500300.0
0.05175007220839915 0.04507036839475529 0.04522517668931847
adjusted to: 0.04848762444885881
found non-monotic obs
3500310.0 3500300.0 3500290.0
0.04848762444885881 0.04522517668931847 0.05859185017931848
adjusted to: 0.05353973731408865
continue on DMAXIS smooth 10 25 9999
continue on DMAXIS smooth 20 25 9999
found non-monotic obs
3750355.0 3750345.0 3750335.0
0.08997002005341996 0.06138408224332255 0.06534366291462235
adjusted to: 0.07765684148402116
found non-monotic obs
3750345.0 3750335.0 3750325.0
0.07765684148402116 0.06534366291462235 0.0520777818963887
adjusted to: 0.06486731169020493
found non-monotic obs
3750335.0 3750325.0 3750315.0
0.06486731169020493 0.0520777818963887 0.06524524842730998
adjusted to: 0.06505628005875747
continue on DMAXIS smooth 6 25 9999
continue on DMAXIS smooth 8 25 9999
continue on DMAXIS smooth 10 25 9999
continue on DMAXIS smooth 20 25 9999
found non-monotic obs
4000380.0 4000370.0 4000360.0
0.0982011211274372 0.09391727921168916 0.07984045607100942
adjusted to: 0.08902078859922331
found non-monotic obs
4000370.0 4000360.0 4000350.0
0.08902078859922331 0.07984045607100942 0.058930387103458944
adjusted to: 0.07397558785134113
found non-monotic obs
4000360.0 4000350.0 4000340.0
0.07397558785134113 0.058930387103458944 0.07812800998105007
adjusted to: 0.0760517989161956
found non-monotic obs
4000350.0 4000340.0 4000330.0
0.0760517989161956 0.07812800998105007 0.07784279427893874
adjusted to: 0.07694729659756716
continue on DMAXIS smooth 10 25 9999
continue on DMAXIS smooth 20 25 9999
found non-monotic obs
4250405.0 4250395.0 4250385.0
0.1397710109540549 0.11395667078432964 0.09433724922739652
adjusted to: 0.11705413009072571
found non-monotic obs
4250395.0 4250385.0 4250375.0
0.11705413009072571 0.09433724922739652 0.06644247549509626
adjusted to: 0.09174830279291099
found non-monotic obs
4250385.0 4250375.0 4250365.0
0.09174830279291099 0.06644247549509626 0.08221332171538118
adjusted to: 0.08698081225414608
found non-monotic obs
4250375.0 4250365.0 4250355.0
0.08698081225414608 0.08221332171538118 0.0817842033431759
adjusted to: 0.084382507798661
found non-monotic obs
4250365.0 4250355.0 4250345.0
0.084382507798661 0.0817842033431759 0.14724808417587484
adjusted to: 0.11581529598726792
continue on DMAXIS smooth 10 25 9999
continue on DMAXIS smooth 20 25 9999
found non-monotic obs
4500430.0 4500420.0 4500410.0
0.15103634322350176 0.15417764526151118 0.11393447582804184
adjusted to: 0.1324854095257718
found non-monotic obs
4500420.0 4500410.0 4500400.0
0.1324854095257718 0.11393447582804184 0.14839388087307276
adjusted to: 0.14043964519942229
found non-monotic obs
4500410.0 4500400.0 4500390.0
0.14043964519942229 0.14839388087307276 0.08629863344971227
adjusted to: 0.11336913932456727
found non-monotic obs
4500400.0 4500390.0 4500380.0
0.11336913932456727 0.08629863344971227 0.08572561240741308
adjusted to: 0.09954737586599018
found non-monotic obs
4500390.0 4500380.0 4500370.0
0.09954737586599018 0.08572561240741308 0.1660587953662025
adjusted to: 0.13280308561609633
continue on DMAXIS smooth 10 25 9999
continue on DMAXIS smooth 20 25 9999
found non-monotic obs
4750455.0 4750445.0 4750435.0
0.18728965402911887 0.19277958991142843 0.1700696925048816
adjusted to: 0.17867967326700024
found non-monotic obs
4750445.0 4750435.0 4750425.0
0.17867967326700024 0.1700696925048816 0.16312982935476922
adjusted to: 0.17090475131088473
found non-monotic obs
4750435.0 4750425.0 4750415.0
0.17090475131088473 0.16312982935476922 0.11582781508718559
adjusted to: 0.14336628319903516
found non-monotic obs
4750425.0 4750415.0 4750405.0
0.14336628319903516 0.11582781508718559 0.1047189236962653
adjusted to: 0.12404260344765022
found non-monotic obs
4750415.0 4750405.0 4750395.0
0.12404260344765022 0.1047189236962653 0.17444894391086116
adjusted to: 0.14924577367925568
continue on DMAXIS smooth 6 25 9999
continue on DMAXIS smooth 8 25 9999
continue on DMAXIS smooth 10 25 9999
continue on DMAXIS smooth 20 25 9999
found non-monotic obs
5000470.0 5000460.0 5000450.0
0.24242220235407974 0.2442890557916964 0.18586344750635342
adjusted to: 0.21414282493021658
found non-monotic obs
5000460.0 5000450.0 5000440.0
0.21414282493021658 0.18586344750635342 0.11679470000677236
adjusted to: 0.16546876246849446
found non-monotic obs
5000450.0 5000440.0 5000430.0
0.16546876246849446 0.11679470000677236 0.12371223498511752
adjusted to: 0.144590498726806
found non-monotic obs
5000440.0 5000430.0 5000420.0
0.144590498726806 0.12371223498511752 0.20248788811136015
adjusted to: 0.17353919341908308
continue on DMAXIS smooth 10 25 9999
continue on DMAXIS smooth 21 25 9999
found non-monotic obs
5260505.0 5260495.0 5260485.0
0.23587103435425477 0.32187585785904044 0.25802338159788973
adjusted to: 0.24694720797607225
found non-monotic obs
5260495.0 5260485.0 5260475.0
0.24694720797607225 0.25802338159788973 0.20859706565793765
adjusted to: 0.22777213681700495
found non-monotic obs
5260485.0 5260475.0 5260465.0
0.22777213681700495 0.20859706565793765 0.11776158492635914
adjusted to: 0.17276686087168205
found non-monotic obs
5260475.0 5260465.0 5260455.0
0.17276686087168205 0.11776158492635914 0.24357358837649085
adjusted to: 0.20817022462408646
found non-monotic obs
5260465.0 5260455.0 5260445.0
0.20817022462408646 0.24357358837649085 0.20746502002587985
adjusted to: 0.20781762232498316
continue on DMAXIS smooth 10 25 9999
continue on DMAXIS smooth 20 25 9999
found non-monotic obs
5500530.0 5500520.0 5500510.0
0.3584375491963793 0.34043155259127267 0.3534496809295735
adjusted to: 0.35594361506297645
found non-monotic obs
5500520.0 5500510.0 5500500.0
0.35594361506297645 0.3534496809295735 0.2887713334303172
adjusted to: 0.32235747424664685
found non-monotic obs
5500510.0 5500500.0 5500490.0
0.32235747424664685 0.2887713334303172 0.18539663595801792
adjusted to: 0.2538770551023324
found non-monotic obs
5500500.0 5500490.0 5500470.0
0.2538770551023324 0.18539663595801792 0.2124421519403996
adjusted to: 0.233159603521366
continue on DMAXIS smooth 10 25 9999
continue on DMAXIS smooth 20 25 9999
found non-monotic obs
5760556.0 5760546.0 5760536.0
0.42963609726785135 0.3589872473235049 0.40440147580456054
adjusted to: 0.41701878653620594
found non-monotic obs
5760546.0 5760536.0 5760526.0
0.41701878653620594 0.40440147580456054 0.29541325926290735
adjusted to: 0.3562160228995567
found non-monotic obs
5760536.0 5760526.0 5760516.0
0.3562160228995567 0.29541325926290735 0.2530316869896767
adjusted to: 0.3046238549446167
found non-monotic obs
5760526.0 5760516.0 5760505.0
0.3046238549446167 0.2530316869896767 0.21163922711967864
adjusted to: 0.25813154103214764
found non-monotic obs
5760516.0 5760505.0 5760495.0
0.25813154103214764 0.21163922711967864 0.2352491281761677
adjusted to: 0.24669033460415768
continue on DMAXIS smooth 6 25 9999
continue on DMAXIS smooth 8 25 9999
continue on DMAXIS smooth 10 25 9999
continue on DMAXIS smooth 20 25 9999
found non-monotic obs
6000580.0 6000570.0 6000560.0
0.43323826644449914 0.6107779445400513 0.4187006550976171
adjusted to: 0.42596946077105813
found non-monotic obs
6000570.0 6000560.0 6000550.0
0.42596946077105813 0.4187006550976171 0.3020551850954975
adjusted to: 0.3640123229332778
found non-monotic obs
6000560.0 6000550.0 6000540.0
0.3640123229332778 0.3020551850954975 0.31273728233616727
adjusted to: 0.3383748026347225
found non-monotic obs
6000550.0 6000540.0 6000530.0
0.3383748026347225 0.31273728233616727 0.2462121964084674
adjusted to: 0.29229349952159495
found non-monotic obs
6000540.0 6000530.0 6000520.0
0.29229349952159495 0.2462121964084674 0.26699859287131755
adjusted to: 0.2796460461964563
continue on DMAXIS smooth 10 25 9999
continue on DMAXIS smooth 20 25 9999
found non-monotic obs
6260606.0 6260596.0 6260586.0
0.4368404356211469 0.6212066702317954 0.4329998343906737
adjusted to: 0.4349201350059103
found non-monotic obs
6260596.0 6260586.0 6260576.0
0.4349201350059103 0.4329998343906737 0.455520400731972
adjusted to: 0.44522026786894114
found non-monotic obs
6260586.0 6260576.0 6260566.0
0.44522026786894114 0.455520400731972 0.3724428776826579
adjusted to: 0.4088315727757995
found non-monotic obs
6260576.0 6260566.0 6260556.0
0.4088315727757995 0.3724428776826579 0.28078516569725614
adjusted to: 0.3448083692365278
found non-monotic obs
6260566.0 6260556.0 6260546.0
0.3448083692365278 0.28078516569725614 0.2987480575664674
adjusted to: 0.3217782134014976
continue on DMAXIS smooth 10 25 9999
continue on DMAXIS smooth 20 25 9999
found non-monotic obs
6500630.0 6500620.0 6500610.0
0.6318361368727725 0.6584036540685836 0.595736105515339
adjusted to: 0.6137861211940557
found non-monotic obs
6500620.0 6500610.0 6500600.0
0.6137861211940557 0.595736105515339 0.5179346908901966
adjusted to: 0.5658604060421262
found non-monotic obs
6500610.0 6500600.0 6500590.0
0.5658604060421262 0.5179346908901966 0.38483071688716464
adjusted to: 0.4753455614646454
found non-monotic obs
6500600.0 6500590.0 6500580.0
0.4753455614646454 0.38483071688716464 0.3674118376131892
adjusted to: 0.42137869953891727
found non-monotic obs
6500590.0 6500580.0 6500570.0
0.42137869953891727 0.3674118376131892 0.3849806257582423
adjusted to: 0.4031796626485798
continue on DMAXIS smooth 10 25 9999
continue on DMAXIS smooth 20 25 9999
found non-monotic obs
6760656.0 6760646.0 6760636.0
0.7653276303049061 0.8774418163423245 0.7906885190044667
adjusted to: 0.7780080746546865
found non-monotic obs
6760646.0 6760636.0 6760626.0
0.7780080746546865 0.7906885190044667 0.5181444481903393
adjusted to: 0.6480762614225128
found non-monotic obs
6760636.0 6760626.0 6760616.0
0.6480762614225128 0.5181444481903393 0.3972185560916714
adjusted to: 0.5226474087570921
found non-monotic obs
6760626.0 6760616.0 6760606.0
0.5226474087570921 0.3972185560916714 0.45403850952912217
adjusted to: 0.48834295914310716
found non-monotic obs
6760616.0 6760606.0 6760596.0
0.48834295914310716 0.45403850952912217 0.47121319395001726
adjusted to: 0.47977807654656224
continue on DMAXIS smooth 6 25 9999
continue on DMAXIS smooth 8 25 9999
continue on DMAXIS smooth 10 25 9999
continue on DMAXIS smooth 20 25 9999
found non-monotic obs
7000680.0 7000670.0 7000660.0
0.8988191237370398 0.9570548308763176 0.893316716971755
adjusted to: 0.8960679203543973
found non-monotic obs
7000670.0 7000660.0 7000650.0
0.8960679203543973 0.893316716971755 0.6485583790372433
adjusted to: 0.7723131496958203
found non-monotic obs
7000660.0 7000650.0 7000640.0
0.7723131496958203 0.6485583790372433 0.47580172467460236
adjusted to: 0.6240574371852113
found non-monotic obs
7000650.0 7000640.0 7000630.0
0.6240574371852113 0.47580172467460236 0.5665409242045866
adjusted to: 0.595299180694899
found non-monotic obs
7000640.0 7000630.0 7000620.0
0.595299180694899 0.5665409242045866 0.5904634483354624
adjusted to: 0.5928813145151807
continue on DMAXIS smooth 10 25 9999
continue on DMAXIS smooth 20 25 9999
found non-monotic obs
7260706.0 7260696.0 7260686.0
1.1892239260520765 1.0366678454103107 0.9959449149390432
adjusted to: 1.09258442049556
found non-monotic obs
7260696.0 7260686.0 7260676.0
1.09258442049556 0.9959449149390432 0.7789723098841475
adjusted to: 0.9357783651898537
found non-monotic obs
7260686.0 7260676.0 7260666.0
0.9357783651898537 0.7789723098841475 0.8288781108006846
adjusted to: 0.8823282379952692
found non-monotic obs
7260676.0 7260666.0 7260656.0
0.8823282379952692 0.8288781108006846 0.6427459849486565
adjusted to: 0.7625371114719628
found non-monotic obs
7260666.0 7260656.0 7260646.0
0.7625371114719628 0.6427459849486565 0.6002730150801149
adjusted to: 0.6814050632760389
continue on DMAXIS smooth 10 25 9999
continue on DMAXIS smooth 20 25 9999
found non-monotic obs
7500730.0 7500720.0 7500710.0
1.4484030066512517 1.187026433256928 1.1997141943019198
adjusted to: 1.3240586004765857
found non-monotic obs
7500720.0 7500710.0 7500700.0
1.3240586004765857 1.1997141943019198 0.974453545735019
adjusted to: 1.1492560731058024
found non-monotic obs
7500710.0 7500700.0 7500690.0
1.1492560731058024 0.974453545735019 0.8816565193381267
adjusted to: 1.0154562962219646
found non-monotic obs
7500700.0 7500690.0 7500680.0
1.0154562962219646 0.8816565193381267 0.6969786967695006
adjusted to: 0.8562174964957326
found non-monotic obs
7500690.0 7500680.0 7500670.0
0.8562174964957326 0.6969786967695006 0.8866231520712827
adjusted to: 0.8714203242835077
continue on DMAXIS smooth 10 25 9999
continue on DMAXIS smooth 20 25 9999
found non-monotic obs
7760756.0 7760746.0 7760736.0
1.7075820872504268 1.3373850211035454 1.3502939584533116
adjusted to: 1.5289380228518692
found non-monotic obs
7760746.0 7760736.0 7760726.0
1.5289380228518692 1.3502939584533116 1.3885565238442727
adjusted to: 1.458747273348071
found non-monotic obs
7760736.0 7760726.0 7760716.0
1.458747273348071 1.3885565238442727 0.9344349278755688
adjusted to: 1.19659110061182
found non-monotic obs
7760726.0 7760716.0 7760706.0
1.19659110061182 0.9344349278755688 0.7512114085903447
adjusted to: 0.9739012546010823
found non-monotic obs
7760716.0 7760706.0 7760696.0
0.9739012546010823 0.7512114085903447 0.8920095425861141
adjusted to: 0.9329553985935982
continue on DMAXIS smooth 6 25 9999
continue on DMAXIS smooth 8 25 9999
continue on DMAXIS smooth 10 25 9999
continue on DMAXIS smooth 20 25 9999
found non-monotic obs
8000780.0 8000770.0 8000760.0
2.699235302738756 1.6499553883276918 1.500873722604703
adjusted to: 2.1000545126717296
found non-monotic obs
8000770.0 8000760.0 8000750.0
2.1000545126717296 1.500873722604703 1.756150459669491
adjusted to: 1.9281024861706104
found non-monotic obs
8000760.0 8000750.0 8000740.0
1.9281024861706104 1.756150459669491 1.1448472307494844
adjusted to: 1.5364748584600474
found non-monotic obs
8000750.0 8000740.0 8000730.0
1.5364748584600474 1.1448472307494844 1.0596731498453926
adjusted to: 1.2980740041527201
found non-monotic obs
8000740.0 8000730.0 8000720.0
1.2980740041527201 1.0596731498453926 0.8973959331009456
adjusted to: 1.097734968626833
continue on DMAXIS smooth 10 25 9999
continue on DMAXIS smooth 20 25 9999
found non-monotic obs
8260806.0 8260796.0 8260786.0
2.6994320834690737 2.1601370041225483 2.256028622479779
adjusted to: 2.4777303529744263
found non-monotic obs
8260796.0 8260786.0 8260776.0
2.4777303529744263 2.256028622479779 1.861252587968492
adjusted to: 2.169491470471459
found non-monotic obs
8260786.0 8260776.0 8260766.0
2.169491470471459 1.861252587968492 1.3552595336234
adjusted to: 1.7623755020474294
found non-monotic obs
8260776.0 8260766.0 8260756.0
1.7623755020474294 1.3552595336234 1.3681348911004405
adjusted to: 1.565255196573935
found non-monotic obs
8260766.0 8260756.0 8260746.0
1.565255196573935 1.3681348911004405 1.0206549441477375
adjusted to: 1.2929550703608363
continue on DMAXIS smooth 10 25 9999
continue on DMAXIS smooth 20 25 9999
found non-monotic obs
8500830.0 8500820.0 8500810.0
2.6996288641993913 2.2114039514607606 2.555639020389741
adjusted to: 2.6276339422945663
found non-monotic obs
8500820.0 8500810.0 8500800.0
2.6276339422945663 2.555639020389741 2.849067756128132
adjusted to: 2.738350849211349
found non-monotic obs
8500810.0 8500800.0 8500790.0
2.738350849211349 2.849067756128132 2.1765306199304466
adjusted to: 2.4574407345708975
found non-monotic obs
8500800.0 8500790.0 8500780.0
2.4574407345708975 2.1765306199304466 1.6771891219993447
adjusted to: 2.0673149282851213
found non-monotic obs
8500790.0 8500780.0 8500770.0
2.0673149282851213 1.6771891219993447 1.5451652573162673
adjusted to: 1.8062400928006943
continue on DMAXIS smooth 10 25 9999
continue on DMAXIS smooth 20 25 9999
found non-monotic obs
8760856.0 8760846.0 8760836.0
4.3806955990363114 3.531939720491463 3.227116487451178
adjusted to: 3.803906043243745
found non-monotic obs
8760846.0 8760836.0 8760826.0
3.803906043243745 3.227116487451178 3.16208798162847
adjusted to: 3.4829970124361074
found non-monotic obs
8760836.0 8760826.0 8760816.0
3.4829970124361074 3.16208798162847 2.2141220439872527
adjusted to: 2.84855952821168
found non-monotic obs
8760826.0 8760816.0 8760806.0
2.84855952821168 2.2141220439872527 1.986243352898249
adjusted to: 2.4174014405549644
found non-monotic obs
8760816.0 8760806.0 8760796.0
2.4174014405549644 1.986243352898249 1.6076033746391598
adjusted to: 2.0125024075970623
continue on DMAXIS smooth 6 25 9999
continue on DMAXIS smooth 8 25 9999
continue on DMAXIS smooth 10 25 9999
continue on DMAXIS smooth 20 25 9999
found non-monotic obs
9000880.0 9000870.0 9000860.0
4.445077336650839 4.141711824618764 3.5838874221836523
adjusted to: 4.014482379417245
found non-monotic obs
9000870.0 9000860.0 9000850.0
4.014482379417245 3.5838874221836523 3.256909221272628
adjusted to: 3.6356958003449367
found non-monotic obs
9000860.0 9000850.0 9000840.0
3.6356958003449367 3.256909221272628 2.2517134680440587
adjusted to: 2.9437046341944977
found non-monotic obs
9000850.0 9000840.0 9000830.0
2.9437046341944977 2.2517134680440587 2.895493337887309
adjusted to: 2.9195989860409033
found non-monotic obs
9000840.0 9000830.0 9000820.0
2.9195989860409033 2.895493337887309 2.0518020908235894
adjusted to: 2.4857005384322464
continue on DMAXIS smooth 10 25 9999
continue on DMAXIS smooth 20 25 9999
found non-monotic obs
9260906.0 9260896.0 9260886.0
4.509459074265367 4.852973162389857 3.940658356916127
adjusted to: 4.225058715590746
found non-monotic obs
9260896.0 9260886.0 9260876.0
4.225058715590746 3.940658356916127 4.216348348832747
adjusted to: 4.220703532211747
found non-monotic obs
9260886.0 9260876.0 9260866.0
4.220703532211747 4.216348348832747 2.670236346520981
adjusted to: 3.445469939366364
found non-monotic obs
9260876.0 9260866.0 9260856.0
3.445469939366364 2.670236346520981 3.2753380819247933
adjusted to: 3.3604040106455786
found non-monotic obs
9260866.0 9260856.0 9260846.0
3.3604040106455786 3.2753380819247933 2.496000807008019
adjusted to: 2.928202408826799
continue on DMAXIS smooth 10 25 9999
continue on DMAXIS smooth 20 25 9999
found non-monotic obs
9500930.0 9500920.0 9500910.0
5.123375123109633 5.564234500160949 4.4865607264971095
adjusted to: 4.804967924803371
found non-monotic obs
9500920.0 9500910.0 9500900.0
4.804967924803371 4.4865607264971095 4.917694587901854
adjusted to: 4.861331256352613
found non-monotic obs
9500910.0 9500900.0 9500890.0
4.861331256352613 4.917694587901854 3.0887592249979035
adjusted to: 3.975045240675258
found non-monotic obs
9500900.0 9500890.0 9500880.0
3.975045240675258 3.0887592249979035 3.6551828259622776
adjusted to: 3.8151140333187676
found non-monotic obs
9500890.0 9500880.0 9500870.0
3.8151140333187676 3.6551828259622776 2.7975437685321047
adjusted to: 3.306328900925436
continue on DMAXIS smooth 10 25 9999
continue on DMAXIS smooth 20 25 9999
found non-monotic obs
9760956.0 9760946.0 9760936.0
5.737291171953899 7.009534843496608 5.13018846354161
adjusted to: 5.433739817747755
found non-monotic obs
9760946.0 9760936.0 9760926.0
5.433739817747755 5.13018846354161 6.363236242247815
adjusted to: 5.898488029997785
found non-monotic obs
9760936.0 9760926.0 9760916.0
5.898488029997785 6.363236242247815 3.8469818544693983
adjusted to: 4.872734942233592
found non-monotic obs
9760926.0 9760916.0 9760906.0
4.872734942233592 3.8469818544693983 3.6968477512345803
adjusted to: 4.284791346734086
found non-monotic obs
9760916.0 9760906.0 9760896.0
4.284791346734086 3.6968477512345803 3.09908673005619
adjusted to: 3.6919390383951383
continue on DMAXIS smooth 6 25 9999
continue on DMAXIS smooth 8 25 9999
continue on DMAXIS smooth 10 25 9999
continue on DMAXIS smooth 20 25 9999
found non-monotic obs
10000980.0 10000970.0 10000950.0
15.092307020832312 8.454835186832268 9.605156274295462
adjusted to: 12.348731647563888
found non-monotic obs
10000970.0 10000950.0 10000940.0
12.348731647563888 9.605156274295462 4.605204483940893
adjusted to: 8.476968065752391
found non-monotic obs
10000950.0 10000940.0 10000930.0
8.476968065752391 4.605204483940893 3.7385126765068835
adjusted to: 6.107740371129637
found non-monotic obs
10000940.0 10000930.0 10000920.0
6.107740371129637 3.7385126765068835 3.8659396146581084
adjusted to: 4.986839992893873
continue on DMAXIS smooth 8 25 9999
continue on DMAXIS smooth 18 25 9999
found non-monotic obs
10241006.0 10240996.0 10240986.0
13.24658202769416 12.150761244055873 11.076463746276227
adjusted to: 12.161522886985193
found non-monotic obs
10240996.0 10240986.0 10240976.0
12.161522886985193 11.076463746276227 6.313393393734166
adjusted to: 9.23745814035968
found non-monotic obs
10240986.0 10240976.0 10240966.0
9.23745814035968 6.313393393734166 6.176102167253278
adjusted to: 7.706780153806479
found non-monotic obs
10240976.0 10240966.0 10240956.0
7.706780153806479 6.176102167253278 6.302966588983451
adjusted to: 7.0048733713949645
found non-monotic obs
10240966.0 10240956.0 10240946.0
7.0048733713949645 6.302966588983451 6.071994225179709
adjusted to: 6.538433798287336
continue on DMAXIS smooth 12 25 9999
continue on DMAXIS smooth 20 25 9999
found non-monotic obs
10521032.0 10521020.0 10521010.0
13.709981645727114 14.517984785425943 10.91505481965304
adjusted to: 12.312518232690078
found non-monotic obs
10521020.0 10521010.0 10521000.0
12.312518232690078 10.91505481965304 7.950644544966954
adjusted to: 10.131581388828515
found non-monotic obs
10521010.0 10521000.0 10520990.0
10.131581388828515 7.950644544966954 9.028146309924875
adjusted to: 9.579863849376695
found non-monotic obs
10521000.0 10520990.0 10520980.0
9.579863849376695 9.028146309924875 7.0425130750214855
adjusted to: 8.311188462199091
found non-monotic obs
10520990.0 10520980.0 10520970.0
8.311188462199091 7.0425130750214855 5.003726084830884
adjusted to: 6.6574572735149875
continue on DMAXIS smooth 12 25 9999
continue on DMAXIS smooth 20 25 9999
found non-monotic obs
10761056.0 10761044.0 10761036.0
14.226786876987742 16.547723265215392 16.077060723739116
adjusted to: 15.151923800363429
found non-monotic obs
10761044.0 10761036.0 10761024.0
15.151923800363429 16.077060723739116 13.787847571091598
adjusted to: 14.469885685727514
found non-monotic obs
10761036.0 10761024.0 10761016.0
14.469885685727514 13.787847571091598 12.375415903725226
adjusted to: 13.42265079472637
found non-monotic obs
10761024.0 10761016.0 10761006.0
13.42265079472637 12.375415903725226 11.327373642701255
adjusted to: 12.375012218713813
found non-monotic obs
10761016.0 10761006.0 10760996.0
12.375012218713813 11.327373642701255 6.710818070687261
adjusted to: 9.542915144700537
continue on DMAXIS smooth 8 25 9999
continue on DMAXIS smooth 20 25 9999
found non-monotic obs
11001080.0 11001072.0 11001060.0
20.493382612457467 21.352458589081895 20.68054828021651
adjusted to: 20.58696544633699
found non-monotic obs
11001072.0 11001060.0 11001052.0
20.58696544633699 20.68054828021651 13.666018958930769
adjusted to: 17.12649220263388
found non-monotic obs
11001060.0 11001052.0 11001040.0
17.12649220263388 13.666018958930769 15.722685497525578
adjusted to: 16.42458885007973
found non-monotic obs
11001052.0 11001040.0 11001032.0
16.42458885007973 15.722685497525578 9.038560162133798
adjusted to: 12.731574506106764
found non-monotic obs
11001040.0 11001032.0 11001020.0
12.731574506106764 9.038560162133798 8.417910056543638
adjusted to: 10.5747422813252
