100 [3, 5, 7, 10, 20, 30, 40, 50, 60, 70, 80, 85, 90, 99]
125 [3, 5, 7, 10, 20, 30, 50, 60, 70, 80, 85, 90, 100, 124]
150 [3, 5, 7, 10, 20, 30, 40, 50, 60, 70, 80, 85, 90, 100, 125, 149]
175 [3, 5, 7, 10, 20, 30, 40, 50, 60, 70, 80, 85, 90, 100, 125, 150, 174]
200 [3, 5, 7, 10, 20, 30, 40, 50, 60, 70, 80, 85, 90, 125, 150, 175, 199]
225 [3, 5, 7, 10, 20, 30, 40, 50, 60, 70, 80, 85, 90, 100, 125, 150, 175, 200, 224]
250 [3, 5, 7, 10, 20, 30, 40, 50, 60, 70, 80, 85, 90, 125, 150, 175, 200, 225, 249]
275 [3, 5, 7, 10, 20, 30, 40, 50, 60, 70, 80, 85, 90, 100, 125, 150, 175, 200, 225, 250, 274]
300 [3, 5, 7, 10, 20, 30, 40, 50, 60, 70, 80, 85, 90, 100, 125, 150, 175, 200, 225, 250, 275, 299]
325 [3, 5, 7, 10, 20, 30, 40, 50, 60, 70, 80, 85, 90, 100, 125, 150, 175, 200, 225, 250, 275, 300]
350 [3, 5, 7, 10, 20, 30, 40, 50, 60, 70, 80, 85, 90, 100, 125, 150, 175, 200, 225, 250, 275, 300]
375 [3, 5, 7, 10, 20, 30, 40, 50, 60, 70, 80, 85, 90, 100, 125, 150, 175, 200, 225, 250, 275, 300]
400 [3, 5, 7, 10, 20, 30, 40, 50, 60, 70, 80, 85, 90, 100, 125, 150, 175, 200, 225, 250, 275, 300]
425 [3, 5, 7, 10, 20, 30, 40, 50, 60, 70, 80, 85, 90, 100, 125, 150, 175, 200, 225, 250, 275, 300]
450 [3, 5, 7, 10, 20, 30, 40, 50, 60, 70, 80, 85, 90, 100, 125, 150, 175, 200, 225, 250, 275]
475 [3, 5, 7, 10, 20, 30, 40, 50, 60, 70, 80, 85, 90, 100, 125, 150, 175, 200, 225, 250, 275, 300]
500 [3, 5, 7, 10, 20, 30, 40, 50, 60, 70, 80, 85, 90, 100, 125, 150, 175, 200, 225, 250, 275, 300]
526 [4, 6, 8, 10, 21, 31, 41, 51, 61, 71, 81, 86, 91, 101, 126, 151, 176, 201, 226, 251, 276]
550 [2, 4, 6, 10, 20, 30, 40, 50, 60, 70, 80, 85, 90, 100, 125, 150, 175, 200, 225, 250, 275, 300]
576 [4, 6, 8, 10, 20, 30, 40, 50, 60, 71, 81, 86, 91, 101, 126, 151, 176, 201, 226, 251, 276]
600 [2, 4, 6, 10, 20, 30, 40, 50, 60, 70, 80, 84, 90, 100, 125, 150, 175, 200, 225, 250, 275, 300]
Smoothing Mp axis--------------------------
MPsmooth  600 2 160 9999
found snaps: [175, 3] [200, 3] [225, 3]
found snaps: [200, 3] [225, 3] [250, 3]
found snaps: [225, 3] [250, 3] [275, 3]
found non-monotic obs
2250222.0 2500247.0 2750272.0
0.6870018555993092 1.0168400109877884 0.9651636750457779
adjusted to: 0.8260827653225435
found snaps: [250, 3] [275, 3] [300, 3]
found snaps: [275, 3] [300, 3] [325, 3]
found snaps: [300, 3] [325, 3] [350, 3]
found snaps: [325, 3] [350, 3] [375, 3]
found snaps: [350, 3] [375, 3] [400, 3]
found snaps: [375, 3] [400, 3] [425, 3]
found snaps: [400, 3] [425, 3] [450, 3]
found snaps: [425, 3] [450, 3] [475, 3]
found snaps: [450, 3] [475, 3] [500, 3]
found snaps: [475, 3] [500, 3] [-1, -1]
found snaps: [500, 3] [-1, -1] [550, 2]
found snaps: [-1, -1] [550, 2] [-1, -1]
found snaps: [550, 2] [-1, -1] [600, 2]
MPsmooth  600 3 160 9999
found snaps: [175, 3] [200, 3] [225, 3]
found snaps: [200, 3] [225, 3] [250, 3]
found snaps: [225, 3] [250, 3] [275, 3]
found snaps: [250, 3] [275, 3] [300, 3]
found snaps: [275, 3] [300, 3] [325, 3]
found snaps: [300, 3] [325, 3] [350, 3]
found snaps: [325, 3] [350, 3] [375, 3]
found snaps: [350, 3] [375, 3] [400, 3]
found snaps: [375, 3] [400, 3] [425, 3]
found snaps: [400, 3] [425, 3] [450, 3]
found snaps: [425, 3] [450, 3] [475, 3]
found snaps: [450, 3] [475, 3] [500, 3]
found snaps: [475, 3] [500, 3] [526, 4]
found snaps: [500, 3] [526, 4] [550, 2]
found snaps: [526, 4] [550, 2] [576, 4]
found non-monotic obs
5260522.0 5500548.0 5760572.0
8.52314174282549 12.853002393570737 12.619009666303565
adjusted to: 10.571075704564528
found snaps: [550, 2] [576, 4] [600, 2]
MPsmooth  600 4 160 9999
found snaps: [175, 3] [200, 3] [225, 3]
found snaps: [200, 3] [225, 3] [250, 3]
found snaps: [225, 3] [250, 3] [275, 3]
found snaps: [250, 3] [275, 3] [300, 3]
found snaps: [275, 3] [300, 3] [325, 3]
found snaps: [300, 3] [325, 3] [350, 3]
found snaps: [325, 3] [350, 3] [375, 3]
found snaps: [350, 3] [375, 3] [400, 3]
found snaps: [375, 3] [400, 3] [425, 3]
found snaps: [400, 3] [425, 3] [450, 3]
found snaps: [425, 3] [450, 3] [475, 3]
found snaps: [450, 3] [475, 3] [500, 3]
found snaps: [475, 3] [500, 3] [526, 4]
found snaps: [500, 3] [526, 4] [550, 4]
found non-monotic obs
5000497.0 5260522.0 5500546.0
8.182734412268939 8.52314174282549 8.168042410048212
adjusted to: 8.175388411158576
found snaps: [526, 4] [550, 4] [576, 4]
found non-monotic obs
5260522.0 5500546.0 5760572.0
8.175388411158576 8.168042410048212 12.619009666303565
adjusted to: 10.39719903873107
found snaps: [550, 4] [576, 4] [600, 4]
MPsmooth  600 5 160 9999
found snaps: [175, 5] [200, 5] [225, 5]
found snaps: [200, 5] [225, 5] [250, 5]
found snaps: [225, 5] [250, 5] [275, 5]
found snaps: [250, 5] [275, 5] [300, 5]
found snaps: [275, 5] [300, 5] [325, 5]
found snaps: [300, 5] [325, 5] [350, 5]
found snaps: [325, 5] [350, 5] [375, 5]
found snaps: [350, 5] [375, 5] [400, 5]
found snaps: [375, 5] [400, 5] [425, 5]
found snaps: [400, 5] [425, 5] [450, 5]
found snaps: [425, 5] [450, 5] [475, 5]
found snaps: [450, 5] [475, 5] [500, 5]
found snaps: [475, 5] [500, 5] [526, 4]
found snaps: [500, 5] [526, 4] [550, 4]
found snaps: [526, 4] [550, 4] [576, 4]
found snaps: [550, 4] [576, 4] [600, 4]
MPsmooth  600 6 160 9999
found snaps: [175, 5] [200, 5] [225, 5]
found snaps: [200, 5] [225, 5] [250, 5]
found snaps: [225, 5] [250, 5] [275, 5]
found snaps: [250, 5] [275, 5] [300, 5]
found snaps: [275, 5] [300, 5] [325, 5]
found snaps: [300, 5] [325, 5] [350, 5]
found snaps: [325, 5] [350, 5] [375, 5]
found snaps: [350, 5] [375, 5] [400, 5]
found snaps: [375, 5] [400, 5] [425, 5]
found snaps: [400, 5] [425, 5] [450, 5]
found snaps: [425, 5] [450, 5] [475, 5]
found snaps: [450, 5] [475, 5] [500, 5]
found snaps: [475, 5] [500, 5] [526, 6]
found snaps: [500, 5] [526, 6] [550, 6]
found snaps: [526, 6] [550, 6] [576, 6]
found snaps: [550, 6] [576, 6] [600, 6]
MPsmooth  600 7 160 9999
found snaps: [175, 7] [200, 7] [225, 7]
found snaps: [200, 7] [225, 7] [250, 7]
found snaps: [225, 7] [250, 7] [275, 7]
found snaps: [250, 7] [275, 7] [300, 7]
found snaps: [275, 7] [300, 7] [325, 7]
found snaps: [300, 7] [325, 7] [350, 7]
found snaps: [325, 7] [350, 7] [375, 7]
found snaps: [350, 7] [375, 7] [400, 7]
found snaps: [375, 7] [400, 7] [425, 7]
found snaps: [400, 7] [425, 7] [450, 7]
found snaps: [425, 7] [450, 7] [475, 7]
found snaps: [450, 7] [475, 7] [500, 7]
found snaps: [475, 7] [500, 7] [526, 6]
found snaps: [500, 7] [526, 6] [550, 6]
found snaps: [526, 6] [550, 6] [576, 6]
found snaps: [550, 6] [576, 6] [600, 6]
MPsmooth  600 8 160 9999
found snaps: [175, 7] [200, 7] [225, 7]
found snaps: [200, 7] [225, 7] [250, 7]
found snaps: [225, 7] [250, 7] [275, 7]
found snaps: [250, 7] [275, 7] [300, 7]
found snaps: [275, 7] [300, 7] [325, 7]
found snaps: [300, 7] [325, 7] [350, 7]
found snaps: [325, 7] [350, 7] [375, 7]
found snaps: [350, 7] [375, 7] [400, 7]
found snaps: [375, 7] [400, 7] [425, 7]
found snaps: [400, 7] [425, 7] [450, 7]
found snaps: [425, 7] [450, 7] [475, 7]
found snaps: [450, 7] [475, 7] [500, 7]
found snaps: [475, 7] [500, 7] [526, 8]
found snaps: [500, 7] [526, 8] [-1, -1]
found snaps: [526, 8] [-1, -1] [576, 8]
found snaps: [-1, -1] [576, 8] [-1, -1]
MPsmooth  600 10 160 9999
found snaps: [175, 10] [200, 10] [225, 10]
found snaps: [200, 10] [225, 10] [250, 10]
found snaps: [225, 10] [250, 10] [275, 10]
found snaps: [250, 10] [275, 10] [300, 10]
found snaps: [275, 10] [300, 10] [325, 10]
found non-monotic obs
2750265.0 3000290.0 3250315.0
0.6501734273820535 1.1259360883253628 1.0142522261559397
adjusted to: 0.8322128267689965
found snaps: [300, 10] [325, 10] [350, 10]
found snaps: [325, 10] [350, 10] [375, 10]
found snaps: [350, 10] [375, 10] [400, 10]
found snaps: [375, 10] [400, 10] [425, 10]
found snaps: [400, 10] [425, 10] [450, 10]
found snaps: [425, 10] [450, 10] [475, 10]
found snaps: [450, 10] [475, 10] [500, 10]
found snaps: [475, 10] [500, 10] [526, 10]
found snaps: [500, 10] [526, 10] [550, 10]
found snaps: [526, 10] [550, 10] [576, 10]
found snaps: [550, 10] [576, 10] [600, 10]
MPsmooth  600 20 160 9999
found snaps: [175, 20] [200, 20] [225, 20]
found snaps: [200, 20] [225, 20] [250, 20]
found snaps: [225, 20] [250, 20] [275, 20]
found snaps: [250, 20] [275, 20] [300, 20]
found snaps: [275, 20] [300, 20] [325, 20]
found snaps: [300, 20] [325, 20] [350, 20]
found snaps: [325, 20] [350, 20] [375, 20]
found snaps: [350, 20] [375, 20] [400, 20]
found snaps: [375, 20] [400, 20] [425, 20]
found snaps: [400, 20] [425, 20] [450, 20]
found snaps: [425, 20] [450, 20] [475, 20]
found snaps: [450, 20] [475, 20] [500, 20]
found snaps: [475, 20] [500, 20] [526, 21]
found snaps: [500, 20] [526, 21] [550, 20]
found snaps: [526, 21] [550, 20] [576, 20]
found snaps: [550, 20] [576, 20] [600, 20]
MPsmooth  600 21 160 9999
found snaps: [175, 20] [200, 20] [225, 20]
found snaps: [200, 20] [225, 20] [250, 20]
found snaps: [225, 20] [250, 20] [275, 20]
found snaps: [250, 20] [275, 20] [300, 20]
found snaps: [275, 20] [300, 20] [325, 20]
found snaps: [300, 20] [325, 20] [350, 20]
found snaps: [325, 20] [350, 20] [375, 20]
found snaps: [350, 20] [375, 20] [400, 20]
found snaps: [375, 20] [400, 20] [425, 20]
found snaps: [400, 20] [425, 20] [450, 20]
found snaps: [425, 20] [450, 20] [475, 20]
found snaps: [450, 20] [475, 20] [500, 20]
found snaps: [475, 20] [500, 20] [526, 21]
found snaps: [500, 20] [526, 21] [550, 20]
found snaps: [526, 21] [550, 20] [576, 20]
found snaps: [550, 20] [576, 20] [600, 20]
MPsmooth  600 30 160 9999
found snaps: [175, 30] [200, 30] [225, 30]
found non-monotic obs
1750145.0 2000170.0 2250195.0
0.3263512522546545 0.2994715916303898 0.2783318573933102
adjusted to: 0.30234155482398234
found snaps: [200, 30] [225, 30] [250, 30]
found non-monotic obs
2000170.0 2250195.0 2500220.0
0.30234155482398234 0.2783318573933102 0.7302011464227129
adjusted to: 0.5162713506233476
found snaps: [225, 30] [250, 30] [275, 30]
found snaps: [250, 30] [275, 30] [300, 30]
found non-monotic obs
2500220.0 2750245.0 3000270.0
0.7302011464227129 0.8451695403712618 0.7374881769971037
adjusted to: 0.7338446617099084
found snaps: [275, 30] [300, 30] [325, 30]
found snaps: [300, 30] [325, 30] [350, 30]
found snaps: [325, 30] [350, 30] [375, 30]
found non-monotic obs
3250295.0 3500320.0 3750345.0
1.257624911961759 1.4597510428050295 1.3610998972406139
adjusted to: 1.3093624046011865
found snaps: [350, 30] [375, 30] [400, 30]
found snaps: [375, 30] [400, 30] [425, 30]
found non-monotic obs
3750345.0 4000370.0 4250395.0
1.3610998972406139 2.1367173919369202 1.761165479830559
adjusted to: 1.5611326885355865
found snaps: [400, 30] [425, 30] [450, 30]
found snaps: [425, 30] [450, 30] [475, 30]
found snaps: [450, 30] [475, 30] [500, 30]
found non-monotic obs
4500420.0 4750445.0 5000470.0
2.7469949961029387 4.056453854595902 3.793062837038233
adjusted to: 3.2700289165705856
found snaps: [475, 30] [500, 30] [526, 31]
found snaps: [500, 30] [526, 31] [550, 30]
found snaps: [526, 31] [550, 30] [576, 30]
found snaps: [550, 30] [576, 30] [600, 30]
MPsmooth  600 31 160 9999
found snaps: [175, 30] [200, 30] [225, 30]
found non-monotic obs
1750145.0 2000170.0 2250195.0
0.3263512522546545 0.30234155482398234 0.5162713506233476
adjusted to: 0.4213113014390011
found snaps: [200, 30] [225, 30] [250, 30]
found snaps: [225, 30] [250, 30] [275, 30]
found snaps: [250, 30] [275, 30] [300, 30]
found snaps: [275, 30] [300, 30] [325, 30]
found snaps: [300, 30] [325, 30] [350, 30]
found snaps: [325, 30] [350, 30] [375, 30]
found snaps: [350, 30] [375, 30] [400, 30]
found snaps: [375, 30] [400, 30] [425, 30]
found snaps: [400, 30] [425, 30] [450, 30]
found snaps: [425, 30] [450, 30] [475, 30]
found snaps: [450, 30] [475, 30] [500, 30]
found snaps: [475, 30] [500, 30] [526, 31]
found snaps: [500, 30] [526, 31] [550, 30]
found snaps: [526, 31] [550, 30] [576, 30]
found snaps: [550, 30] [576, 30] [600, 30]
MPsmooth  600 40 160 9999
found snaps: [175, 40] [200, 40] [225, 40]
found snaps: [200, 40] [225, 40] [250, 40]
found snaps: [225, 40] [250, 40] [275, 40]
found snaps: [250, 40] [275, 40] [300, 40]
found snaps: [275, 40] [300, 40] [325, 40]
found non-monotic obs
2750235.0 3000260.0 3250285.0
0.8070594164881417 1.2881144414687489 1.0570852931321972
adjusted to: 0.9320723548101695
found snaps: [300, 40] [325, 40] [350, 40]
found snaps: [325, 40] [350, 40] [375, 40]
found snaps: [350, 40] [375, 40] [400, 40]
found snaps: [375, 40] [400, 40] [425, 40]
found snaps: [400, 40] [425, 40] [450, 40]
found snaps: [425, 40] [450, 40] [475, 40]
found snaps: [450, 40] [475, 40] [500, 40]
found snaps: [475, 40] [500, 40] [526, 41]
found snaps: [500, 40] [526, 41] [550, 40]
found snaps: [526, 41] [550, 40] [576, 40]
found snaps: [550, 40] [576, 40] [600, 40]
MPsmooth  600 41 160 9999
found snaps: [175, 40] [200, 40] [225, 40]
found snaps: [200, 40] [225, 40] [250, 40]
found snaps: [225, 40] [250, 40] [275, 40]
found snaps: [250, 40] [275, 40] [300, 40]
found snaps: [275, 40] [300, 40] [325, 40]
found snaps: [300, 40] [325, 40] [350, 40]
found snaps: [325, 40] [350, 40] [375, 40]
found snaps: [350, 40] [375, 40] [400, 40]
found snaps: [375, 40] [400, 40] [425, 40]
found snaps: [400, 40] [425, 40] [450, 40]
found snaps: [425, 40] [450, 40] [475, 40]
found snaps: [450, 40] [475, 40] [500, 40]
found snaps: [475, 40] [500, 40] [526, 41]
found snaps: [500, 40] [526, 41] [550, 40]
found snaps: [526, 41] [550, 40] [576, 40]
found snaps: [550, 40] [576, 40] [600, 40]
MPsmooth  600 50 160 9999
found snaps: [175, 50] [200, 50] [225, 50]
found non-monotic obs
1750125.0 2000150.0 2250175.0
0.26429918613846914 0.5062957501686499 0.48575304697826105
adjusted to: 0.3750261165583651
found snaps: [200, 50] [225, 50] [250, 50]
found snaps: [225, 50] [250, 50] [275, 50]
found snaps: [250, 50] [275, 50] [300, 50]
found snaps: [275, 50] [300, 50] [325, 50]
found snaps: [300, 50] [325, 50] [350, 50]
found non-monotic obs
3000250.0 3250275.0 3500300.0
1.2066722628302426 1.363059085685192 1.1920000902492527
adjusted to: 1.1993361765397477
found snaps: [325, 50] [350, 50] [375, 50]
found non-monotic obs
3250275.0 3500300.0 3750325.0
1.1993361765397477 1.1920000902492527 1.9984261657073965
adjusted to: 1.5988811711235722
found snaps: [350, 50] [375, 50] [400, 50]
found non-monotic obs
3500300.0 3750325.0 4000350.0
1.5988811711235722 1.9984261657073965 1.9261925513113245
adjusted to: 1.7625368612174483
found snaps: [375, 50] [400, 50] [425, 50]
found snaps: [400, 50] [425, 50] [450, 50]
found snaps: [425, 50] [450, 50] [475, 50]
found snaps: [450, 50] [475, 50] [500, 50]
found snaps: [475, 50] [500, 50] [526, 51]
found snaps: [500, 50] [526, 51] [550, 50]
found snaps: [526, 51] [550, 50] [576, 50]
found snaps: [550, 50] [576, 50] [600, 50]
MPsmooth  600 51 160 9999
found snaps: [175, 50] [200, 50] [225, 50]
found snaps: [200, 50] [225, 50] [250, 50]
found snaps: [225, 50] [250, 50] [275, 50]
found snaps: [250, 50] [275, 50] [300, 50]
found snaps: [275, 50] [300, 50] [325, 50]
found non-monotic obs
2750225.0 3000250.0 3250275.0
0.8223139384308173 1.2066722628302426 1.1993361765397477
adjusted to: 1.0108250574852824
found snaps: [300, 50] [325, 50] [350, 50]
found snaps: [325, 50] [350, 50] [375, 50]
found snaps: [350, 50] [375, 50] [400, 50]
found snaps: [375, 50] [400, 50] [425, 50]
found snaps: [400, 50] [425, 50] [450, 50]
found snaps: [425, 50] [450, 50] [475, 50]
found snaps: [450, 50] [475, 50] [500, 50]
found snaps: [475, 50] [500, 50] [526, 51]
found snaps: [500, 50] [526, 51] [550, 50]
found snaps: [526, 51] [550, 50] [576, 50]
found snaps: [550, 50] [576, 50] [600, 50]
MPsmooth  600 60 160 9999
found snaps: [175, 60] [200, 60] [225, 60]
found non-monotic obs
1750115.0 2000140.0 2250165.0
0.2997823914310706 0.20253799241440798 0.6225451873815205
adjusted to: 0.46116378940629554
found snaps: [200, 60] [225, 60] [250, 60]
found non-monotic obs
2000140.0 2250165.0 2500190.0
0.46116378940629554 0.6225451873815205 0.5640333360667006
adjusted to: 0.5125985627364981
found snaps: [225, 60] [250, 60] [275, 60]
found non-monotic obs
2250165.0 2500190.0 2750215.0
0.5125985627364981 0.5640333360667006 0.562132174669465
adjusted to: 0.5373653687029816
found snaps: [250, 60] [275, 60] [300, 60]
found snaps: [275, 60] [300, 60] [325, 60]
found non-monotic obs
2750215.0 3000240.0 3250265.0
0.562132174669465 1.1417790431216575 0.7461350103352714
adjusted to: 0.6541335925023681
found snaps: [300, 60] [325, 60] [350, 60]
found snaps: [325, 60] [350, 60] [375, 60]
found snaps: [350, 60] [375, 60] [400, 60]
found non-monotic obs
3500290.0 3750315.0 4000340.0
1.4447237885366782 1.9741671873902218 1.930671511428002
adjusted to: 1.68769764998234
found snaps: [375, 60] [400, 60] [425, 60]
found snaps: [400, 60] [425, 60] [450, 60]
found snaps: [425, 60] [450, 60] [475, 60]
found snaps: [450, 60] [475, 60] [500, 60]
found non-monotic obs
4500390.0 4750415.0 5000440.0
2.834857407074819 3.3462284410715712 3.042738158259403
adjusted to: 2.938797782667111
found snaps: [475, 60] [500, 60] [526, 61]
found snaps: [500, 60] [526, 61] [550, 60]
found snaps: [526, 61] [550, 60] [576, 60]
found snaps: [550, 60] [576, 60] [600, 60]
MPsmooth  600 61 160 9999
found snaps: [175, 60] [200, 60] [225, 60]
found snaps: [200, 60] [225, 60] [250, 60]
found snaps: [225, 60] [250, 60] [275, 60]
found snaps: [250, 60] [275, 60] [300, 60]
found snaps: [275, 60] [300, 60] [325, 60]
found snaps: [300, 60] [325, 60] [350, 60]
found snaps: [325, 60] [350, 60] [375, 60]
found snaps: [350, 60] [375, 60] [400, 60]
found snaps: [375, 60] [400, 60] [425, 60]
found snaps: [400, 60] [425, 60] [450, 60]
found snaps: [425, 60] [450, 60] [475, 60]
found snaps: [450, 60] [475, 60] [500, 60]
found snaps: [475, 60] [500, 60] [526, 61]
found snaps: [500, 60] [526, 61] [550, 60]
found snaps: [526, 61] [550, 60] [576, 60]
found snaps: [550, 60] [576, 60] [600, 60]
MPsmooth  600 70 160 9999
found snaps: [175, 70] [200, 70] [225, 70]
found snaps: [200, 70] [225, 70] [250, 70]
found snaps: [225, 70] [250, 70] [275, 70]
found snaps: [250, 70] [275, 70] [300, 70]
found snaps: [275, 70] [300, 70] [325, 70]
found non-monotic obs
2750205.0 3000230.0 3250255.0
1.009145150817882 1.4984548847153574 1.206143896879677
adjusted to: 1.1076445238487795
found snaps: [300, 70] [325, 70] [350, 70]
found non-monotic obs
3000230.0 3250255.0 3500280.0
1.1076445238487795 1.206143896879677 1.183436826592114
adjusted to: 1.1455406752204467
found snaps: [325, 70] [350, 70] [375, 70]
found snaps: [350, 70] [375, 70] [400, 70]
found snaps: [375, 70] [400, 70] [425, 70]
found snaps: [400, 70] [425, 70] [450, 70]
found non-monotic obs
4000330.0 4250355.0 4500380.0
3.106927289700612 3.2456066583456202 2.9098127759195984
adjusted to: 3.008370032810105
found snaps: [425, 70] [450, 70] [475, 70]
found non-monotic obs
4250355.0 4500380.0 4750405.0
3.008370032810105 2.9098127759195984 3.7670024967997406
adjusted to: 3.387686264804923
found snaps: [450, 70] [475, 70] [500, 70]
found snaps: [475, 70] [500, 70] [526, 71]
found snaps: [500, 70] [526, 71] [550, 70]
found snaps: [526, 71] [550, 70] [576, 71]
found non-monotic obs
5260455.0 5500480.0 5760505.0
5.563879055419692 6.02928136245829 5.185190160250229
adjusted to: 5.37453460783496
found snaps: [550, 70] [576, 71] [600, 70]
found non-monotic obs
5500480.0 5760505.0 6000530.0
5.37453460783496 5.185190160250229 7.850711015439092
adjusted to: 6.612622811637026
MPsmooth  600 71 160 9999
found snaps: [175, 70] [200, 70] [225, 70]
found snaps: [200, 70] [225, 70] [250, 70]
found snaps: [225, 70] [250, 70] [275, 70]
found snaps: [250, 70] [275, 70] [300, 70]
found snaps: [275, 70] [300, 70] [325, 70]
found snaps: [300, 70] [325, 70] [350, 70]
found snaps: [325, 70] [350, 70] [375, 70]
found snaps: [350, 70] [375, 70] [400, 70]
found snaps: [375, 70] [400, 70] [425, 70]
found non-monotic obs
3750305.0 4000330.0 4250355.0
2.161144640661753 3.106927289700612 3.008370032810105
adjusted to: 2.584757336735929
found snaps: [400, 70] [425, 70] [450, 70]
found snaps: [425, 70] [450, 70] [475, 70]
found snaps: [450, 70] [475, 70] [500, 70]
found snaps: [475, 70] [500, 70] [526, 71]
found snaps: [500, 70] [526, 71] [550, 70]
found non-monotic obs
5000430.0 5260455.0 5500480.0
4.896034048808171 5.563879055419692 5.37453460783496
adjusted to: 5.135284328321566
found snaps: [526, 71] [550, 70] [576, 71]
found snaps: [550, 70] [576, 71] [600, 70]
MPsmooth  600 80 160 9999
found snaps: [175, 80] [200, 80] [225, 80]
found snaps: [200, 80] [225, 80] [250, 80]
found snaps: [225, 80] [250, 80] [275, 80]
found non-monotic obs
2250145.0 2500170.0 2750195.0
1.155948983769278 2.103306819428361 1.3686837277272834
adjusted to: 1.2623163557482808
found snaps: [250, 80] [275, 80] [300, 80]
found snaps: [275, 80] [300, 80] [325, 80]
found snaps: [300, 80] [325, 80] [350, 80]
found non-monotic obs
3000220.0 3250245.0 3500270.0
1.9984329882759762 3.326261793442224 2.910264972446578
adjusted to: 2.454348980361277
found snaps: [325, 80] [350, 80] [375, 80]
found non-monotic obs
3250245.0 3500270.0 3750295.0
2.454348980361277 2.910264972446578 2.4073116247336976
adjusted to: 2.4308303025474873
found snaps: [350, 80] [375, 80] [400, 80]
found non-monotic obs
3500270.0 3750295.0 4000320.0
2.4308303025474873 2.4073116247336976 5.424654804737894
adjusted to: 3.927742553642691
found snaps: [375, 80] [400, 80] [425, 80]
found non-monotic obs
3750295.0 4000320.0 4250345.0
3.927742553642691 5.424654804737894 5.103493771874537
adjusted to: 4.515618162758614
found snaps: [400, 80] [425, 80] [450, 80]
found non-monotic obs
4000320.0 4250345.0 4500370.0
4.515618162758614 5.103493771874537 4.3086622303907225
adjusted to: 4.4121401965746685
found snaps: [425, 80] [450, 80] [475, 80]
found non-monotic obs
4250345.0 4500370.0 4750395.0
4.4121401965746685 4.3086622303907225 5.567622061379495
adjusted to: 4.989881128977082
found snaps: [450, 80] [475, 80] [500, 80]
found non-monotic obs
4500370.0 4750395.0 5000420.0
4.989881128977082 5.567622061379495 4.193158316552432
adjusted to: 4.591519722764756
found snaps: [475, 80] [500, 80] [526, 81]
found non-monotic obs
4750395.0 5000420.0 5260445.0
4.591519722764756 4.193158316552432 6.535786756750121
adjusted to: 5.563653239757439
found snaps: [500, 80] [526, 81] [550, 80]
found snaps: [526, 81] [550, 80] [576, 81]
found non-monotic obs
5260445.0 5500470.0 5760495.0
6.535786756750121 9.524870502834188 8.484205929165189
adjusted to: 7.509996342957654
found snaps: [550, 80] [576, 81] [600, 80]
found non-monotic obs
5500470.0 5760495.0 6000520.0
7.509996342957654 8.484205929165189 7.515384697371076
adjusted to: 7.512690520164365
MPsmooth  600 81 160 9999
found snaps: [175, 80] [200, 80] [225, 80]
found snaps: [200, 80] [225, 80] [250, 80]
found snaps: [225, 80] [250, 80] [275, 80]
found snaps: [250, 80] [275, 80] [300, 80]
found snaps: [275, 80] [300, 80] [325, 80]
found snaps: [300, 80] [325, 80] [350, 80]
found non-monotic obs
3000220.0 3250245.0 3500270.0
1.9984329882759762 2.454348980361277 2.4308303025474873
adjusted to: 2.214631645411732
found snaps: [325, 80] [350, 80] [375, 80]
found snaps: [350, 80] [375, 80] [400, 80]
found snaps: [375, 80] [400, 80] [425, 80]
found non-monotic obs
3750295.0 4000320.0 4250345.0
3.927742553642691 4.515618162758614 4.4121401965746685
adjusted to: 4.16994137510868
found snaps: [400, 80] [425, 80] [450, 80]
found snaps: [425, 80] [450, 80] [475, 80]
found non-monotic obs
4250345.0 4500370.0 4750395.0
4.4121401965746685 4.989881128977082 4.591519722764756
adjusted to: 4.5018299596697124
found snaps: [450, 80] [475, 80] [500, 80]
found snaps: [475, 80] [500, 80] [526, 81]
found snaps: [500, 80] [526, 81] [550, 80]
found snaps: [526, 81] [550, 80] [576, 81]
found snaps: [550, 80] [576, 81] [600, 80]
MPsmooth  600 84 160 9999
found snaps: [175, 85] [200, 85] [225, 85]
found snaps: [200, 85] [225, 85] [250, 85]
found snaps: [225, 85] [250, 85] [275, 85]
found non-monotic obs
2250140.0 2500165.0 2750190.0
1.5560886909581582 1.798279269854133 1.5576832997402665
adjusted to: 1.5568859953492122
found snaps: [250, 85] [275, 85] [300, 85]
found snaps: [275, 85] [300, 85] [325, 85]
found snaps: [300, 85] [325, 85] [350, 85]
found non-monotic obs
3000215.0 3250240.0 3500265.0
3.2767662471110652 3.969150102372952 2.343544857274835
adjusted to: 2.81015555219295
found snaps: [325, 85] [350, 85] [375, 85]
found non-monotic obs
3250240.0 3500265.0 3750290.0
2.81015555219295 2.343544857274835 3.5231716536782693
adjusted to: 3.1666636029356097
found snaps: [350, 85] [375, 85] [400, 85]
found snaps: [375, 85] [400, 85] [425, 85]
found non-monotic obs
3750290.0 4000315.0 4250340.0
3.5231716536782693 7.173350750202061 4.347683617416763
adjusted to: 3.935427635547516
found snaps: [400, 85] [425, 85] [450, 85]
found snaps: [425, 85] [450, 85] [475, 85]
found non-monotic obs
4250340.0 4500365.0 4750390.0
4.347683617416763 6.899357117960398 6.764879076505162
adjusted to: 5.556281346960962
found snaps: [450, 85] [475, 85] [500, 85]
found snaps: [475, 85] [500, 85] [-1, -1]
found snaps: [500, 85] [-1, -1] [550, 85]
found snaps: [-1, -1] [550, 85] [-1, -1]
found snaps: [550, 85] [-1, -1] [600, 84]
MPsmooth  600 85 160 9999
found snaps: [175, 85] [200, 85] [225, 85]
found snaps: [200, 85] [225, 85] [250, 85]
found snaps: [225, 85] [250, 85] [275, 85]
found snaps: [250, 85] [275, 85] [300, 85]
found snaps: [275, 85] [300, 85] [325, 85]
found non-monotic obs
2750190.0 3000215.0 3250240.0
1.5576832997402665 3.2767662471110652 2.81015555219295
adjusted to: 2.183919425966608
found snaps: [300, 85] [325, 85] [350, 85]
found snaps: [325, 85] [350, 85] [375, 85]
found snaps: [350, 85] [375, 85] [400, 85]
found snaps: [375, 85] [400, 85] [425, 85]
found snaps: [400, 85] [425, 85] [450, 85]
found snaps: [425, 85] [450, 85] [475, 85]
found snaps: [450, 85] [475, 85] [500, 85]
found snaps: [475, 85] [500, 85] [526, 86]
found non-monotic obs
4750390.0 5000415.0 5260440.0
6.764879076505162 8.29778638052596 8.12460393151436
adjusted to: 7.444741504009761
found snaps: [500, 85] [526, 86] [550, 85]
found snaps: [526, 86] [550, 85] [576, 86]
found non-monotic obs
5260440.0 5500465.0 5760490.0
8.12460393151436 8.895328299181088 8.819239860603917
adjusted to: 8.471921896059138
found snaps: [550, 85] [576, 86] [600, 84]
MPsmooth  600 86 160 9999
found snaps: [175, 85] [200, 85] [225, 85]
found snaps: [200, 85] [225, 85] [250, 85]
found snaps: [225, 85] [250, 85] [275, 85]
found snaps: [250, 85] [275, 85] [300, 85]
found snaps: [275, 85] [300, 85] [325, 85]
found snaps: [300, 85] [325, 85] [350, 85]
found snaps: [325, 85] [350, 85] [375, 85]
found snaps: [350, 85] [375, 85] [400, 85]
found snaps: [375, 85] [400, 85] [425, 85]
found snaps: [400, 85] [425, 85] [450, 85]
found snaps: [425, 85] [450, 85] [475, 85]
found snaps: [450, 85] [475, 85] [500, 85]
found snaps: [475, 85] [500, 85] [526, 86]
found snaps: [500, 85] [526, 86] [550, 85]
found snaps: [526, 86] [550, 85] [576, 86]
found snaps: [550, 85] [576, 86] [-1, -1]
MPsmooth  600 90 160 9999
found snaps: [175, 90] [200, 90] [225, 90]
found non-monotic obs
1750085.0 2000110.0 2250135.0
0.9975515968313355 1.757077307924952 1.7018494804296476
adjusted to: 1.3497005386304917
found snaps: [200, 90] [225, 90] [250, 90]
found snaps: [225, 90] [250, 90] [275, 90]
found snaps: [250, 90] [275, 90] [300, 90]
found snaps: [275, 90] [300, 90] [325, 90]
found non-monotic obs
2750185.0 3000210.0 3250235.0
2.3190238514410777 3.603887900951819 3.3125592212092534
adjusted to: 2.8157915363251655
found snaps: [300, 90] [325, 90] [350, 90]
found snaps: [325, 90] [350, 90] [375, 90]
found non-monotic obs
3250235.0 3500260.0 3750285.0
3.3125592212092534 4.688341520292956 4.298075515910922
adjusted to: 3.805317368560088
found snaps: [350, 90] [375, 90] [400, 90]
found snaps: [375, 90] [400, 90] [425, 90]
found snaps: [400, 90] [425, 90] [450, 90]
found snaps: [425, 90] [450, 90] [475, 90]
found non-monotic obs
4250335.0 4500360.0 4750385.0
7.112979670417982 7.555931923117107 7.088089605318044
adjusted to: 7.100534637868012
found snaps: [450, 90] [475, 90] [500, 90]
found non-monotic obs
4500360.0 4750385.0 5000410.0
7.100534637868012 7.088089605318044 7.543054180961131
adjusted to: 7.321794409414572
found snaps: [475, 90] [500, 90] [526, 91]
found snaps: [500, 90] [526, 91] [550, 90]
found snaps: [526, 91] [550, 90] [576, 91]
found non-monotic obs
5260435.0 5500460.0 5760485.0
9.884458970305618 12.77730639744599 11.970223070407798
adjusted to: 10.927341020356707
found snaps: [550, 90] [576, 91] [600, 90]
MPsmooth  600 91 160 9999
found snaps: [175, 90] [200, 90] [225, 90]
found snaps: [200, 90] [225, 90] [250, 90]
found snaps: [225, 90] [250, 90] [275, 90]
found snaps: [250, 90] [275, 90] [300, 90]
found snaps: [275, 90] [300, 90] [325, 90]
found snaps: [300, 90] [325, 90] [350, 90]
found snaps: [325, 90] [350, 90] [375, 90]
found snaps: [350, 90] [375, 90] [400, 90]
found snaps: [375, 90] [400, 90] [425, 90]
found snaps: [400, 90] [425, 90] [450, 90]
found non-monotic obs
4000310.0 4250335.0 4500360.0
5.9126244304942706 7.112979670417982 7.100534637868012
adjusted to: 6.506579534181141
found snaps: [425, 90] [450, 90] [475, 90]
found snaps: [450, 90] [475, 90] [500, 90]
found snaps: [475, 90] [500, 90] [526, 91]
found snaps: [500, 90] [526, 91] [550, 90]
found snaps: [526, 91] [550, 90] [576, 91]
found snaps: [550, 90] [576, 91] [600, 90]
MPsmooth  600 99 160 9999
found snaps: [175, 100] [-1, -1] [225, 100]
found snaps: [-1, -1] [225, 100] [-1, -1]
found snaps: [225, 100] [-1, -1] [275, 100]
found snaps: [-1, -1] [275, 100] [300, 100]
found snaps: [275, 100] [300, 100] [325, 100]
found snaps: [300, 100] [325, 100] [350, 100]
found non-monotic obs
3000200.0 3250225.0 3500250.0
4.409567384360099 6.572401381312312 3.414341996357052
adjusted to: 3.9119546903585753
found snaps: [325, 100] [350, 100] [375, 100]
found non-monotic obs
3250225.0 3500250.0 3750275.0
3.9119546903585753 3.414341996357052 8.624156768172227
adjusted to: 6.268055729265401
found snaps: [350, 100] [375, 100] [400, 100]
found non-monotic obs
3500250.0 3750275.0 4000300.0
6.268055729265401 8.624156768172227 4.373326360586649
adjusted to: 5.320691044926026
found snaps: [375, 100] [400, 100] [425, 100]
found non-monotic obs
3750275.0 4000300.0 4250325.0
5.320691044926026 4.373326360586649 11.986095911919406
adjusted to: 8.653393478422716
found snaps: [400, 100] [425, 100] [450, 100]
found non-monotic obs
4000300.0 4250325.0 4500350.0
8.653393478422716 11.986095911919406 9.521094411468717
adjusted to: 9.087243944945715
found snaps: [425, 100] [450, 100] [475, 100]
found snaps: [450, 100] [475, 100] [500, 100]
found non-monotic obs
4500350.0 4750375.0 5000400.0
9.521094411468717 17.174098755761374 11.980813728258445
adjusted to: 10.750954069863582
found snaps: [475, 100] [500, 100] [-1, -1]
found snaps: [500, 100] [-1, -1] [550, 100]
found snaps: [-1, -1] [550, 100] [-1, -1]
found snaps: [550, 100] [-1, -1] [600, 100]
MPsmooth  600 100 160 9999
found snaps: [175, 100] [-1, -1] [225, 100]
found snaps: [-1, -1] [225, 100] [-1, -1]
found snaps: [225, 100] [-1, -1] [275, 100]
found snaps: [-1, -1] [275, 100] [300, 100]
found snaps: [275, 100] [300, 100] [325, 100]
found non-monotic obs
2750175.0 3000200.0 3250225.0
3.649341241467459 4.409567384360099 3.9119546903585753
adjusted to: 3.780647965913017
found snaps: [300, 100] [325, 100] [350, 100]
found snaps: [325, 100] [350, 100] [375, 100]
found non-monotic obs
3250225.0 3500250.0 3750275.0
3.9119546903585753 6.268055729265401 5.320691044926026
adjusted to: 4.6163228676423005
found snaps: [350, 100] [375, 100] [400, 100]
found snaps: [375, 100] [400, 100] [425, 100]
found snaps: [400, 100] [425, 100] [450, 100]
found snaps: [425, 100] [450, 100] [475, 100]
found snaps: [450, 100] [475, 100] [500, 100]
found snaps: [475, 100] [500, 100] [526, 101]
found snaps: [500, 100] [526, 101] [550, 100]
found non-monotic obs
5000400.0 5260425.0 5500450.0
11.980813728258445 14.402532016794359 12.521799986674027
adjusted to: 12.251306857466236
found snaps: [526, 101] [550, 100] [576, 101]
found snaps: [550, 100] [576, 101] [600, 100]
found non-monotic obs
5500450.0 5760475.0 6000500.0
12.521799986674027 27.448753554203495 23.156923415434147
adjusted to: 17.839361701054088
MPsmooth  600 101 160 9999
found snaps: [175, 100] [-1, -1] [225, 100]
found snaps: [-1, -1] [225, 100] [-1, -1]
found snaps: [225, 100] [-1, -1] [275, 100]
found snaps: [-1, -1] [275, 100] [300, 100]
found snaps: [275, 100] [300, 100] [325, 100]
found snaps: [300, 100] [325, 100] [350, 100]
found snaps: [325, 100] [350, 100] [375, 100]
found snaps: [350, 100] [375, 100] [400, 100]
found snaps: [375, 100] [400, 100] [425, 100]
found snaps: [400, 100] [425, 100] [450, 100]
found snaps: [425, 100] [450, 100] [475, 100]
found snaps: [450, 100] [475, 100] [500, 100]
found snaps: [475, 100] [500, 100] [526, 101]
found snaps: [500, 100] [526, 101] [550, 100]
found snaps: [526, 101] [550, 100] [576, 101]
found snaps: [550, 100] [576, 101] [600, 100]
MPsmooth  600 124 160 9999
found snaps: [175, 125] [200, 125] [225, 125]
found snaps: [200, 125] [225, 125] [250, 125]
found snaps: [225, 125] [250, 125] [275, 125]
found non-monotic obs
2250100.0 2500125.0 2750150.0
2.109357589446201 2.9090713662108136 2.840464199391138
adjusted to: 2.4749108944186693
found snaps: [250, 125] [275, 125] [300, 125]
found non-monotic obs
2500125.0 2750150.0 3000175.0
2.4749108944186693 2.840464199391138 2.0043328994353735
adjusted to: 2.239621896927021
found snaps: [275, 125] [300, 125] [325, 125]
found non-monotic obs
2750150.0 3000175.0 3250200.0
2.239621896927021 2.0043328994353735 4.436151908362808
adjusted to: 3.3378869026449145
found snaps: [300, 125] [325, 125] [350, 125]
found snaps: [325, 125] [350, 125] [375, 125]
found snaps: [350, 125] [375, 125] [400, 125]
found non-monotic obs
3500225.0 3750250.0 4000275.0
6.778159907025996 7.508581279478331 7.015608971103511
adjusted to: 6.8968844390647535
found snaps: [375, 125] [400, 125] [425, 125]
found snaps: [400, 125] [425, 125] [450, 125]
found snaps: [425, 125] [450, 125] [475, 125]
found snaps: [450, 125] [475, 125] [500, 125]
found non-monotic obs
4500325.0 4750350.0 5000375.0
15.76989548680286 17.130970189999992 11.157395199779835
adjusted to: 13.463645343291347
found snaps: [475, 125] [500, 125] [-1, -1]
found snaps: [500, 125] [-1, -1] [550, 125]
found snaps: [-1, -1] [550, 125] [-1, -1]
found snaps: [550, 125] [-1, -1] [600, 125]
MPsmooth  600 125 160 9999
found snaps: [175, 125] [200, 125] [225, 125]
found snaps: [200, 125] [225, 125] [250, 125]
found snaps: [225, 125] [250, 125] [275, 125]
found non-monotic obs
2250100.0 2500125.0 2750150.0
2.109357589446201 2.4749108944186693 2.239621896927021
adjusted to: 2.1744897431866113
found snaps: [250, 125] [275, 125] [300, 125]
found snaps: [275, 125] [300, 125] [325, 125]
found snaps: [300, 125] [325, 125] [350, 125]
found snaps: [325, 125] [350, 125] [375, 125]
found snaps: [350, 125] [375, 125] [400, 125]
found snaps: [375, 125] [400, 125] [425, 125]
found snaps: [400, 125] [425, 125] [450, 125]
found snaps: [425, 125] [450, 125] [475, 125]
found non-monotic obs
4250300.0 4500325.0 4750350.0
10.611051651738848 15.76989548680286 13.463645343291347
adjusted to: 12.037348497515097
found snaps: [450, 125] [475, 125] [500, 125]
found non-monotic obs
4500325.0 4750350.0 5000375.0
12.037348497515097 13.463645343291347 11.157395199779835
adjusted to: 11.597371848647466
found snaps: [475, 125] [500, 125] [526, 126]
found non-monotic obs
4750350.0 5000375.0 5260400.0
11.597371848647466 11.157395199779835 21.114243842561937
adjusted to: 16.3558078456047
found snaps: [500, 125] [526, 126] [550, 125]
found snaps: [526, 126] [550, 125] [576, 126]
found non-monotic obs
5260400.0 5500425.0 5760450.0
21.114243842561937 47.444176889342266 39.16151959874399
adjusted to: 30.137881720652963
found snaps: [550, 125] [576, 126] [600, 125]
found non-monotic obs
5500425.0 5760450.0 6000475.0
30.137881720652963 39.16151959874399 20.060347367973712
adjusted to: 25.099114544313338
MPsmooth  600 126 160 9999
found snaps: [175, 125] [200, 125] [225, 125]
found snaps: [200, 125] [225, 125] [250, 125]
found snaps: [225, 125] [250, 125] [275, 125]
found snaps: [250, 125] [275, 125] [300, 125]
found snaps: [275, 125] [300, 125] [325, 125]
found snaps: [300, 125] [325, 125] [350, 125]
found snaps: [325, 125] [350, 125] [375, 125]
found snaps: [350, 125] [375, 125] [400, 125]
found snaps: [375, 125] [400, 125] [425, 125]
found snaps: [400, 125] [425, 125] [450, 125]
found snaps: [425, 125] [450, 125] [475, 125]
found non-monotic obs
4250300.0 4500325.0 4750350.0
10.611051651738848 12.037348497515097 11.597371848647466
adjusted to: 11.104211750193157
found snaps: [450, 125] [475, 125] [500, 125]
found snaps: [475, 125] [500, 125] [526, 126]
found snaps: [500, 125] [526, 126] [550, 125]
found snaps: [526, 126] [550, 125] [576, 126]
found non-monotic obs
5260400.0 5500425.0 5760450.0
21.114243842561937 30.137881720652963 25.099114544313338
adjusted to: 23.106679193437635
found snaps: [550, 125] [576, 126] [600, 125]
found non-monotic obs
5500425.0 5760450.0 6000475.0
23.106679193437635 25.099114544313338 20.060347367973712
adjusted to: 21.583513280705674
MPsmooth  600 149 160 9999
found snaps: [175, 150] [200, 150] [225, 150]
found snaps: [200, 150] [225, 150] [250, 150]
found snaps: [225, 150] [250, 150] [275, 150]
found snaps: [250, 150] [275, 150] [300, 150]
found non-monotic obs
2500100.0 2750125.0 3000150.0
1.7391711637939504 2.511005355377889 2.0582447696688666
adjusted to: 1.8987079667314086
found snaps: [275, 150] [300, 150] [325, 150]
found snaps: [300, 150] [325, 150] [350, 150]
found snaps: [325, 150] [350, 150] [375, 150]
found non-monotic obs
3250175.0 3500200.0 3750225.0
3.9467153224970097 6.691847389820229 5.392060438296422
adjusted to: 4.669387880396716
found snaps: [350, 150] [375, 150] [400, 150]
found non-monotic obs
3500200.0 3750225.0 4000250.0
4.669387880396716 5.392060438296422 4.8239272853371915
adjusted to: 4.746657582866954
found snaps: [375, 150] [400, 150] [425, 150]
found non-monotic obs
3750225.0 4000250.0 4250275.0
4.746657582866954 4.8239272853371915 3.7745554019880223
adjusted to: 4.260606492427488
found snaps: [400, 150] [425, 150] [450, 150]
found non-monotic obs
4000250.0 4250275.0 4500300.0
4.260606492427488 3.7745554019880223 11.569197786154007
adjusted to: 7.9149021392907475
found snaps: [425, 150] [450, 150] [475, 150]
found non-monotic obs
4250275.0 4500300.0 4750325.0
7.9149021392907475 11.569197786154007 11.29398352489539
adjusted to: 9.604442832093069
found snaps: [450, 150] [475, 150] [500, 150]
found snaps: [475, 150] [500, 150] [-1, -1]
found snaps: [500, 150] [-1, -1] [550, 150]
found snaps: [-1, -1] [550, 150] [-1, -1]
found snaps: [550, 150] [-1, -1] [600, 150]
MPsmooth  600 150 160 9999
found snaps: [175, 150] [200, 150] [225, 150]
found snaps: [200, 150] [225, 150] [250, 150]
found snaps: [225, 150] [250, 150] [275, 150]
found snaps: [250, 150] [275, 150] [300, 150]
found snaps: [275, 150] [300, 150] [325, 150]
found snaps: [300, 150] [325, 150] [350, 150]
found snaps: [325, 150] [350, 150] [375, 150]
found snaps: [350, 150] [375, 150] [400, 150]
found non-monotic obs
3500200.0 3750225.0 4000250.0
4.669387880396716 4.746657582866954 4.260606492427488
adjusted to: 4.464997186412102
found snaps: [375, 150] [400, 150] [425, 150]
found non-monotic obs
3750225.0 4000250.0 4250275.0
4.464997186412102 4.260606492427488 7.9149021392907475
adjusted to: 6.189949662851425
found snaps: [400, 150] [425, 150] [450, 150]
found snaps: [425, 150] [450, 150] [475, 150]
found snaps: [450, 150] [475, 150] [500, 150]
found snaps: [475, 150] [500, 150] [526, 151]
found snaps: [500, 150] [526, 151] [550, 150]
found non-monotic obs
5000350.0 5260375.0 5500400.0
15.297906971676348 15.837788725263932 10.882121886153918
adjusted to: 13.090014428915133
found snaps: [526, 151] [550, 150] [576, 151]
found non-monotic obs
5260375.0 5500400.0 5760425.0
13.090014428915133 10.882121886153918 22.981167785393843
adjusted to: 18.035591107154488
found snaps: [550, 150] [576, 151] [600, 150]
MPsmooth  600 151 160 9999
found snaps: [175, 150] [200, 150] [225, 150]
found snaps: [200, 150] [225, 150] [250, 150]
found snaps: [225, 150] [250, 150] [275, 150]
found snaps: [250, 150] [275, 150] [300, 150]
found snaps: [275, 150] [300, 150] [325, 150]
found snaps: [300, 150] [325, 150] [350, 150]
found snaps: [325, 150] [350, 150] [375, 150]
found non-monotic obs
3250175.0 3500200.0 3750225.0
3.9467153224970097 4.669387880396716 4.464997186412102
adjusted to: 4.205856254454556
found snaps: [350, 150] [375, 150] [400, 150]
found snaps: [375, 150] [400, 150] [425, 150]
found snaps: [400, 150] [425, 150] [450, 150]
found snaps: [425, 150] [450, 150] [475, 150]
found snaps: [450, 150] [475, 150] [500, 150]
found snaps: [475, 150] [500, 150] [526, 151]
found non-monotic obs
4750325.0 5000350.0 5260375.0
11.29398352489539 15.297906971676348 13.090014428915133
adjusted to: 12.19199897690526
found snaps: [500, 150] [526, 151] [550, 150]
found snaps: [526, 151] [550, 150] [576, 151]
found snaps: [550, 150] [576, 151] [600, 150]
MPsmooth  600 174 160 9999
found snaps: [175, 174] [200, 175] [225, 175]
found non-monotic obs
1750001.0 2000025.0 2250050.0
0.9953028850274298 1.6214558649996458 0.86943164780571
adjusted to: 0.9323672664165699
found snaps: [200, 175] [225, 175] [250, 175]
found non-monotic obs
2000025.0 2250050.0 2500075.0
0.9323672664165699 0.86943164780571 0.8514126428310269
adjusted to: 0.8918899546237984
found snaps: [225, 175] [250, 175] [275, 175]
found non-monotic obs
2250050.0 2500075.0 2750100.0
0.8918899546237984 0.8514126428310269 3.285452284520224
adjusted to: 2.088671119572011
found snaps: [250, 175] [275, 175] [300, 175]
found non-monotic obs
2500075.0 2750100.0 3000125.0
2.088671119572011 3.285452284520224 2.317314795610565
adjusted to: 2.202992957591288
found snaps: [275, 175] [300, 175] [325, 175]
found non-monotic obs
2750100.0 3000125.0 3250150.0
2.202992957591288 2.317314795610565 1.7877723331710915
adjusted to: 1.9953826453811898
found snaps: [300, 175] [325, 175] [350, 175]
found non-monotic obs
3000125.0 3250150.0 3500175.0
1.9953826453811898 1.7877723331710915 1.9202056328033812
adjusted to: 1.9577941390922855
found snaps: [325, 175] [350, 175] [375, 175]
found non-monotic obs
3250150.0 3500175.0 3750200.0
1.9577941390922855 1.9202056328033812 5.987771306993389
adjusted to: 3.9727827230428376
found snaps: [350, 175] [375, 175] [400, 175]
found non-monotic obs
3500175.0 3750200.0 4000225.0
3.9727827230428376 5.987771306993389 3.5205304127867545
adjusted to: 3.746656567914796
found snaps: [375, 175] [400, 175] [425, 175]
found non-monotic obs
3750200.0 4000225.0 4250250.0
3.746656567914796 3.5205304127867545 5.578529780676307
adjusted to: 4.6625931742955515
found snaps: [400, 175] [425, 175] [450, 175]
found snaps: [425, 175] [450, 175] [475, 175]
found snaps: [450, 175] [475, 175] [500, 175]
found snaps: [475, 175] [500, 175] [-1, -1]
found snaps: [500, 175] [-1, -1] [550, 175]
found snaps: [-1, -1] [550, 175] [-1, -1]
found snaps: [550, 175] [-1, -1] [600, 175]
MPsmooth  600 175 160 9999
found snaps: [175, 174] [200, 175] [225, 175]
found non-monotic obs
1750001.0 2000025.0 2250050.0
0.9953028850274298 0.9323672664165699 0.8918899546237984
adjusted to: 0.9435964198256142
found snaps: [200, 175] [225, 175] [250, 175]
found non-monotic obs
2000025.0 2250050.0 2500075.0
0.9435964198256142 0.8918899546237984 2.088671119572011
adjusted to: 1.5161337696988126
found snaps: [225, 175] [250, 175] [275, 175]
found snaps: [250, 175] [275, 175] [300, 175]
found non-monotic obs
2500075.0 2750100.0 3000125.0
2.088671119572011 2.202992957591288 1.9953826453811898
adjusted to: 2.0420268824766006
found snaps: [275, 175] [300, 175] [325, 175]
found non-monotic obs
2750100.0 3000125.0 3250150.0
2.0420268824766006 1.9953826453811898 1.9577941390922855
adjusted to: 1.999910510784443
found snaps: [300, 175] [325, 175] [350, 175]
found non-monotic obs
3000125.0 3250150.0 3500175.0
1.999910510784443 1.9577941390922855 3.9727827230428376
adjusted to: 2.9863466169136403
found snaps: [325, 175] [350, 175] [375, 175]
found non-monotic obs
3250150.0 3500175.0 3750200.0
2.9863466169136403 3.9727827230428376 3.746656567914796
adjusted to: 3.366501592414218
found snaps: [350, 175] [375, 175] [400, 175]
found snaps: [375, 175] [400, 175] [425, 175]
found snaps: [400, 175] [425, 175] [450, 175]
found snaps: [425, 175] [450, 175] [475, 175]
found snaps: [450, 175] [475, 175] [500, 175]
found snaps: [475, 175] [500, 175] [526, 176]
found snaps: [500, 175] [526, 176] [550, 175]
found non-monotic obs
5000325.0 5260350.0 5500375.0
15.720339286772806 23.612173838034366 18.08911036343909
adjusted to: 16.904724825105948
found snaps: [526, 176] [550, 175] [576, 176]
found snaps: [550, 175] [576, 176] [600, 175]
MPsmooth  600 176 160 9999
found snaps: [-1, -1] [200, 175] [225, 175]
found snaps: [200, 175] [225, 175] [250, 175]
found snaps: [225, 175] [250, 175] [275, 175]
found non-monotic obs
2250050.0 2500075.0 2750100.0
1.5161337696988126 2.088671119572011 2.0420268824766006
adjusted to: 1.7790803260877066
found snaps: [250, 175] [275, 175] [300, 175]
found non-monotic obs
2500075.0 2750100.0 3000125.0
1.7790803260877066 2.0420268824766006 1.999910510784443
adjusted to: 1.8894954184360748
found snaps: [275, 175] [300, 175] [325, 175]
found snaps: [300, 175] [325, 175] [350, 175]
found snaps: [325, 175] [350, 175] [375, 175]
found snaps: [350, 175] [375, 175] [400, 175]
found snaps: [375, 175] [400, 175] [425, 175]
found snaps: [400, 175] [425, 175] [450, 175]
found snaps: [425, 175] [450, 175] [475, 175]
found snaps: [450, 175] [475, 175] [500, 175]
found snaps: [475, 175] [500, 175] [526, 176]
found snaps: [500, 175] [526, 176] [550, 175]
found snaps: [526, 176] [550, 175] [576, 176]
found snaps: [550, 175] [576, 176] [600, 175]
MPsmooth  600 199 160 9999
found snaps: [-1, -1] [200, 199] [225, 200]
found snaps: [200, 199] [225, 200] [250, 200]
found non-monotic obs
2000001.0 2250025.0 2500050.0
0.9943216319704228 1.2906930937523298 1.1708557928301881
adjusted to: 1.0825887124003055
found snaps: [225, 200] [250, 200] [275, 200]
found snaps: [250, 200] [275, 200] [300, 200]
found snaps: [275, 200] [300, 200] [325, 200]
found snaps: [300, 200] [325, 200] [350, 200]
found snaps: [325, 200] [350, 200] [375, 200]
found non-monotic obs
3250125.0 3500150.0 3750175.0
2.8167203575336752 6.829758764573909 6.7403441968014315
adjusted to: 4.778532277167553
found snaps: [350, 200] [375, 200] [400, 200]
found non-monotic obs
3500150.0 3750175.0 4000200.0
4.778532277167553 6.7403441968014315 6.123791888475348
adjusted to: 5.451162082821451
found snaps: [375, 200] [400, 200] [425, 200]
found snaps: [400, 200] [425, 200] [450, 200]
found snaps: [425, 200] [450, 200] [475, 200]
found snaps: [450, 200] [475, 200] [500, 200]
found snaps: [475, 200] [500, 200] [-1, -1]
found snaps: [500, 200] [-1, -1] [550, 200]
found snaps: [-1, -1] [550, 200] [-1, -1]
found snaps: [550, 200] [-1, -1] [600, 200]
MPsmooth  600 200 160 9999
found snaps: [-1, -1] [200, 199] [225, 200]
found snaps: [200, 199] [225, 200] [250, 200]
found snaps: [225, 200] [250, 200] [275, 200]
found snaps: [250, 200] [275, 200] [300, 200]
found snaps: [275, 200] [300, 200] [325, 200]
found snaps: [300, 200] [325, 200] [350, 200]
found snaps: [325, 200] [350, 200] [375, 200]
found snaps: [350, 200] [375, 200] [400, 200]
found snaps: [375, 200] [400, 200] [425, 200]
found snaps: [400, 200] [425, 200] [450, 200]
found snaps: [425, 200] [450, 200] [475, 200]
found snaps: [450, 200] [475, 200] [500, 200]
found snaps: [475, 200] [500, 200] [526, 201]
found snaps: [500, 200] [526, 201] [550, 200]
found non-monotic obs
5000300.0 5260325.0 5500350.0
17.295817105360197 37.66594261271542 11.455570851891151
adjusted to: 14.375693978625673
found snaps: [526, 201] [550, 200] [576, 201]
found non-monotic obs
5260325.0 5500350.0 5760375.0
14.375693978625673 11.455570851891151 37.88691779552034
adjusted to: 26.131305887073005
found snaps: [550, 200] [576, 201] [600, 200]
found non-monotic obs
5500350.0 5760375.0 6000400.0
26.131305887073005 37.88691779552034 25.244844837658427
adjusted to: 25.688075362365716
MPsmooth  600 201 160 9999
found snaps: [-1, -1] [-1, -1] [225, 200]
found snaps: [-1, -1] [225, 200] [250, 200]
found snaps: [225, 200] [250, 200] [275, 200]
found snaps: [250, 200] [275, 200] [300, 200]
found snaps: [275, 200] [300, 200] [325, 200]
found snaps: [300, 200] [325, 200] [350, 200]
found snaps: [325, 200] [350, 200] [375, 200]
found snaps: [350, 200] [375, 200] [400, 200]
found snaps: [375, 200] [400, 200] [425, 200]
found snaps: [400, 200] [425, 200] [450, 200]
found snaps: [425, 200] [450, 200] [475, 200]
found snaps: [450, 200] [475, 200] [500, 200]
found snaps: [475, 200] [500, 200] [526, 201]
found non-monotic obs
4750275.0 5000300.0 5260325.0
13.96071972076194 17.295817105360197 14.375693978625673
adjusted to: 14.168206849693807
found snaps: [500, 200] [526, 201] [550, 200]
found snaps: [526, 201] [550, 200] [576, 201]
found non-monotic obs
5260325.0 5500350.0 5760375.0
14.375693978625673 26.131305887073005 25.688075362365716
adjusted to: 20.031884670495693
found snaps: [550, 200] [576, 201] [600, 200]
found non-monotic obs
5500350.0 5760375.0 6000400.0
20.031884670495693 25.688075362365716 25.244844837658427
adjusted to: 22.63836475407706
MPsmooth  600 224 160 9999
found snaps: [-1, -1] [-1, -1] [225, 224]
found snaps: [-1, -1] [225, 224] [250, 225]
found snaps: [225, 224] [250, 225] [275, 225]
found non-monotic obs
2250001.0 2500025.0 2750050.0
2.124213705318254 1.4791399654235124 2.559402935887551
adjusted to: 2.341808320602903
found snaps: [250, 225] [275, 225] [300, 225]
found snaps: [275, 225] [300, 225] [325, 225]
found non-monotic obs
2750050.0 3000075.0 3250100.0
2.559402935887551 6.660134276941017 6.213523791332675
adjusted to: 4.386463363610114
found snaps: [300, 225] [325, 225] [350, 225]
found snaps: [325, 225] [350, 225] [375, 225]
found snaps: [350, 225] [375, 225] [400, 225]
found snaps: [375, 225] [400, 225] [425, 225]
found snaps: [400, 225] [425, 225] [450, 225]
found non-monotic obs
4000175.0 4250200.0 4500225.0
10.576845734585653 17.758324988589266 15.438292278955505
adjusted to: 13.007569006770579
found snaps: [425, 225] [450, 225] [475, 225]
found snaps: [450, 225] [475, 225] [500, 225]
found snaps: [475, 225] [500, 225] [-1, -1]
found snaps: [500, 225] [-1, -1] [550, 225]
found snaps: [-1, -1] [550, 225] [-1, -1]
found snaps: [550, 225] [-1, -1] [600, 225]
MPsmooth  600 225 160 9999
found snaps: [-1, -1] [-1, -1] [225, 224]
found snaps: [-1, -1] [225, 224] [250, 225]
found snaps: [225, 224] [250, 225] [275, 225]
found snaps: [250, 225] [275, 225] [300, 225]
found snaps: [275, 225] [300, 225] [325, 225]
found snaps: [300, 225] [325, 225] [350, 225]
found snaps: [325, 225] [350, 225] [375, 225]
found snaps: [350, 225] [375, 225] [400, 225]
found snaps: [375, 225] [400, 225] [425, 225]
found snaps: [400, 225] [425, 225] [450, 225]
found snaps: [425, 225] [450, 225] [475, 225]
found snaps: [450, 225] [475, 225] [500, 225]
found snaps: [475, 225] [500, 225] [526, 226]
found snaps: [500, 225] [526, 226] [550, 225]
found non-monotic obs
5000275.0 5260300.0 5500325.0
38.8518048834412 86.43519466569401 78.45008948970265
adjusted to: 58.650947186571926
found snaps: [526, 226] [550, 225] [576, 226]
found non-monotic obs
5260300.0 5500325.0 5760350.0
58.650947186571926 78.45008948970265 69.96882908622794
adjusted to: 64.30988813639993
found snaps: [550, 225] [576, 226] [600, 225]
MPsmooth  600 226 160 9999
found snaps: [-1, -1] [-1, -1] [-1, -1]
found snaps: [-1, -1] [-1, -1] [250, 225]
found snaps: [-1, -1] [250, 225] [275, 225]
found snaps: [250, 225] [275, 225] [300, 225]
found snaps: [275, 225] [300, 225] [325, 225]
found snaps: [300, 225] [325, 225] [350, 225]
found snaps: [325, 225] [350, 225] [375, 225]
found snaps: [350, 225] [375, 225] [400, 225]
found snaps: [375, 225] [400, 225] [425, 225]
found snaps: [400, 225] [425, 225] [450, 225]
found snaps: [425, 225] [450, 225] [475, 225]
found snaps: [450, 225] [475, 225] [500, 225]
found snaps: [475, 225] [500, 225] [526, 226]
found snaps: [500, 225] [526, 226] [550, 225]
found snaps: [526, 226] [550, 225] [576, 226]
found snaps: [550, 225] [576, 226] [600, 225]
MPsmooth  600 249 160 9999
found snaps: [-1, -1] [-1, -1] [-1, -1]
found snaps: [-1, -1] [-1, -1] [250, 249]
found snaps: [-1, -1] [250, 249] [275, 250]
found snaps: [250, 249] [275, 250] [300, 250]
found non-monotic obs
2500001.0 2750025.0 3000050.0
1.2446095543333793 3.7138402093041964 2.3987893494063504
adjusted to: 1.8216994518698648
found snaps: [275, 250] [300, 250] [325, 250]
found snaps: [300, 250] [325, 250] [350, 250]
found snaps: [325, 250] [350, 250] [375, 250]
found non-monotic obs
3250075.0 3500100.0 3750125.0
4.061074372041466 13.120365317310299 9.390782645930052
adjusted to: 6.725928508985759
found snaps: [350, 250] [375, 250] [400, 250]
found snaps: [375, 250] [400, 250] [425, 250]
found snaps: [400, 250] [425, 250] [450, 250]
found snaps: [425, 250] [450, 250] [475, 250]
found non-monotic obs
4250175.0 4500200.0 4750225.0
12.985522015902827 24.18502323335896 22.687545004974222
adjusted to: 17.836533510438525
found snaps: [450, 250] [475, 250] [500, 250]
found snaps: [475, 250] [500, 250] [-1, -1]
found snaps: [500, 250] [-1, -1] [550, 250]
found snaps: [-1, -1] [550, 250] [-1, -1]
found snaps: [550, 250] [-1, -1] [600, 250]
MPsmooth  600 250 160 9999
found snaps: [-1, -1] [-1, -1] [-1, -1]
found snaps: [-1, -1] [-1, -1] [250, 249]
found snaps: [-1, -1] [250, 249] [275, 250]
found snaps: [250, 249] [275, 250] [300, 250]
found snaps: [275, 250] [300, 250] [325, 250]
found snaps: [300, 250] [325, 250] [350, 250]
found snaps: [325, 250] [350, 250] [375, 250]
found snaps: [350, 250] [375, 250] [400, 250]
found snaps: [375, 250] [400, 250] [425, 250]
found snaps: [400, 250] [425, 250] [450, 250]
found snaps: [425, 250] [450, 250] [475, 250]
found snaps: [450, 250] [475, 250] [500, 250]
found snaps: [475, 250] [500, 250] [526, 251]
found non-monotic obs
4750225.0 5000250.0 5260275.0
22.687545004974222 34.226998838462336 32.26168410437553
adjusted to: 27.47461455467488
found snaps: [500, 250] [526, 251] [550, 250]
found snaps: [526, 251] [550, 250] [576, 251]
found snaps: [550, 250] [576, 251] [600, 250]
MPsmooth  600 251 160 9999
found snaps: [-1, -1] [-1, -1] [-1, -1]
found snaps: [-1, -1] [-1, -1] [-1, -1]
found snaps: [-1, -1] [-1, -1] [275, 250]
found snaps: [-1, -1] [275, 250] [300, 250]
found snaps: [275, 250] [300, 250] [325, 250]
found snaps: [300, 250] [325, 250] [350, 250]
found snaps: [325, 250] [350, 250] [375, 250]
found snaps: [350, 250] [375, 250] [400, 250]
found snaps: [375, 250] [400, 250] [425, 250]
found snaps: [400, 250] [425, 250] [450, 250]
found snaps: [425, 250] [450, 250] [475, 250]
found snaps: [450, 250] [475, 250] [500, 250]
found snaps: [475, 250] [500, 250] [526, 251]
found snaps: [500, 250] [526, 251] [550, 250]
found snaps: [526, 251] [550, 250] [576, 251]
found snaps: [550, 250] [576, 251] [600, 250]
MPsmooth  600 274 160 9999
found snaps: [-1, -1] [-1, -1] [-1, -1]
found snaps: [-1, -1] [-1, -1] [-1, -1]
found snaps: [-1, -1] [-1, -1] [275, 274]
found snaps: [-1, -1] [275, 274] [300, 275]
found snaps: [275, 274] [300, 275] [325, 275]
found non-monotic obs
2750001.0 3000025.0 3250050.0
4.422680865144555 3.347080925022988 6.05349872256051
adjusted to: 5.238089793852533
found snaps: [300, 275] [325, 275] [350, 275]
found snaps: [325, 275] [350, 275] [375, 275]
found snaps: [350, 275] [375, 275] [400, 275]
found snaps: [375, 275] [400, 275] [425, 275]
found snaps: [400, 275] [425, 275] [450, 275]
found snaps: [425, 275] [450, 275] [475, 275]
found non-monotic obs
4250150.0 4500175.0 4750200.0
15.437374668615469 22.71989223883327 17.266227635639574
adjusted to: 16.35180115212752
found snaps: [450, 275] [475, 275] [500, 275]
found snaps: [475, 275] [500, 275] [-1, -1]
found snaps: [500, 275] [-1, -1] [550, 275]
found snaps: [-1, -1] [550, 275] [-1, -1]
found snaps: [550, 275] [-1, -1] [600, 275]
MPsmooth  600 275 160 9999
found snaps: [-1, -1] [-1, -1] [-1, -1]
found snaps: [-1, -1] [-1, -1] [-1, -1]
found snaps: [-1, -1] [-1, -1] [275, 274]
found snaps: [-1, -1] [275, 274] [300, 275]
found snaps: [275, 274] [300, 275] [325, 275]
found snaps: [300, 275] [325, 275] [350, 275]
found snaps: [325, 275] [350, 275] [375, 275]
found snaps: [350, 275] [375, 275] [400, 275]
found snaps: [375, 275] [400, 275] [425, 275]
found snaps: [400, 275] [425, 275] [450, 275]
found snaps: [425, 275] [450, 275] [475, 275]
found snaps: [450, 275] [475, 275] [500, 275]
found snaps: [475, 275] [500, 275] [526, 276]
found snaps: [500, 275] [526, 276] [550, 275]
found snaps: [526, 276] [550, 275] [576, 276]
found snaps: [550, 275] [576, 276] [600, 275]
MPsmooth  600 276 160 9999
found snaps: [-1, -1] [-1, -1] [-1, -1]
found snaps: [-1, -1] [-1, -1] [-1, -1]
found snaps: [-1, -1] [-1, -1] [-1, -1]
found snaps: [-1, -1] [-1, -1] [300, 275]
found snaps: [-1, -1] [300, 275] [325, 275]
found snaps: [300, 275] [325, 275] [350, 275]
found snaps: [325, 275] [350, 275] [375, 275]
found snaps: [350, 275] [375, 275] [400, 275]
found snaps: [375, 275] [400, 275] [425, 275]
found snaps: [400, 275] [425, 275] [450, 275]
found snaps: [425, 275] [450, 275] [475, 275]
found snaps: [450, 275] [475, 275] [500, 275]
found snaps: [475, 275] [500, 275] [526, 276]
found snaps: [500, 275] [526, 276] [550, 275]
found snaps: [526, 276] [550, 275] [576, 276]
found snaps: [550, 275] [576, 276] [600, 275]
MPsmooth  600 299 160 9999
found snaps: [-1, -1] [-1, -1] [-1, -1]
found snaps: [-1, -1] [-1, -1] [-1, -1]
found snaps: [-1, -1] [-1, -1] [-1, -1]
found snaps: [-1, -1] [-1, -1] [300, 299]
found snaps: [-1, -1] [300, 299] [325, 300]
found snaps: [300, 299] [325, 300] [350, 300]
found non-monotic obs
3000001.0 3250025.0 3500050.0
7.461575889994689 5.827117062676392 9.6015347044916
adjusted to: 8.531555297243145
found snaps: [325, 300] [350, 300] [375, 300]
found snaps: [350, 300] [375, 300] [400, 300]
found snaps: [375, 300] [400, 300] [425, 300]
found non-monotic obs
3750075.0 4000100.0 4250125.0
12.076015483910686 14.538675482506015 14.008691474742582
adjusted to: 13.042353479326634
found snaps: [400, 300] [425, 300] [-1, -1]
found snaps: [425, 300] [-1, -1] [475, 300]
found snaps: [-1, -1] [475, 300] [500, 300]
found snaps: [475, 300] [500, 300] [-1, -1]
found snaps: [500, 300] [-1, -1] [550, 300]
found snaps: [-1, -1] [550, 300] [-1, -1]
found snaps: [550, 300] [-1, -1] [600, 300]
MPsmooth  600 300 160 9999
found snaps: [-1, -1] [-1, -1] [-1, -1]
found snaps: [-1, -1] [-1, -1] [-1, -1]
found snaps: [-1, -1] [-1, -1] [-1, -1]
found snaps: [-1, -1] [-1, -1] [300, 299]
found snaps: [-1, -1] [300, 299] [325, 300]
found snaps: [300, 299] [325, 300] [350, 300]
found snaps: [325, 300] [350, 300] [375, 300]
found snaps: [350, 300] [375, 300] [400, 300]
found snaps: [375, 300] [400, 300] [425, 300]
found snaps: [400, 300] [425, 300] [-1, -1]
found snaps: [425, 300] [-1, -1] [475, 300]
found snaps: [-1, -1] [475, 300] [500, 300]
found snaps: [475, 300] [500, 300] [-1, -1]
found snaps: [500, 300] [-1, -1] [550, 300]
found snaps: [-1, -1] [550, 300] [-1, -1]
found snaps: [550, 300] [-1, -1] [600, 300]
Smoothing dM axis--------------------------
continue on DMAXIS smooth 3 5 80
found non-monotic obs
1000097.0 1000095.0 1000093.0
0.08768812255932087 0.06695648065777227 0.05638619520052484
adjusted to: 0.07203715887992286
found non-monotic obs
1000095.0 1000093.0 1000090.0
0.07203715887992286 0.05638619520052484 0.046812770433588044
adjusted to: 0.05942496465675545
found non-monotic obs
1000093.0 1000090.0 1000080.0
0.05942496465675545 0.046812770433588044 0.051542930174721516
adjusted to: 0.055483947415738484
found non-monotic obs
1000090.0 1000080.0 1000070.0
0.055483947415738484 0.051542930174721516 0.04401852083346184
adjusted to: 0.04975123412460016
found non-monotic obs
1000080.0 1000070.0 1000060.0
0.04975123412460016 0.04401852083346184 0.1014759586681547
adjusted to: 0.07561359639637744
found non-monotic obs
1000070.0 1000060.0 1000050.0
0.07561359639637744 0.1014759586681547 0.05892724056613597
adjusted to: 0.0672704184812567
found non-monotic obs
1000060.0 1000050.0 1000040.0
0.0672704184812567 0.05892724056613597 0.044504599012623255
adjusted to: 0.05588750874693998
found non-monotic obs
1000050.0 1000040.0 1000030.0
0.05588750874693998 0.044504599012623255 0.060333018124527106
adjusted to: 0.05811026343573354
found non-monotic obs
1000040.0 1000030.0 1000020.0
0.05811026343573354 0.060333018124527106 0.050782609187489454
adjusted to: 0.0544464363116115
found non-monotic obs
1000030.0 1000020.0 1000015.0
0.0544464363116115 0.050782609187489454 0.08105239941667515
adjusted to: 0.06774941786414332
continue on DMAXIS smooth 85 5 80
continue on DMAXIS smooth 90 5 80
continue on DMAXIS smooth 99 5 80
continue on DMAXIS smooth 3 5 80
found non-monotic obs
1250122.0 1250120.0 1250118.0
0.13896448187301655 0.10834272359771113 0.08454882619582697
adjusted to: 0.11175665403442175
found non-monotic obs
1250120.0 1250118.0 1250115.0
0.11175665403442175 0.08454882619582697 0.10600643184366813
adjusted to: 0.10888154293904495
found non-monotic obs
1250118.0 1250115.0 1250105.0
0.10888154293904495 0.10600643184366813 0.1261034487310981
adjusted to: 0.11749249583507153
found non-monotic obs
1250115.0 1250105.0 1250095.0
0.11749249583507153 0.1261034487310981 0.09560052553253393
adjusted to: 0.10654651068380272
found non-monotic obs
1250105.0 1250095.0 1250075.0
0.10654651068380272 0.09560052553253393 0.1788990272134122
adjusted to: 0.14272276894860747
found non-monotic obs
1250095.0 1250075.0 1250065.0
0.14272276894860747 0.1788990272134122 0.09683610216019597
adjusted to: 0.11977943555440172
found non-monotic obs
1250075.0 1250065.0 1250055.0
0.11977943555440172 0.09683610216019597 0.18230769440838293
adjusted to: 0.15104356498139232
found non-monotic obs
1250065.0 1250055.0 1250045.0
0.15104356498139232 0.18230769440838293 0.14593017856524865
adjusted to: 0.14848687177332048
found non-monotic obs
1250055.0 1250045.0 1250040.0
0.14848687177332048 0.14593017856524865 0.22440730550598811
adjusted to: 0.1864470886396543
continue on DMAXIS smooth 85 5 80
continue on DMAXIS smooth 90 5 80
continue on DMAXIS smooth 100 5 80
continue on DMAXIS smooth 124 5 80
continue on DMAXIS smooth 3 5 80
found non-monotic obs
1500147.0 1500145.0 1500143.0
0.174072956616138 0.1930716553683613 0.18429017533023345
adjusted to: 0.17918156597318574
found non-monotic obs
1500145.0 1500143.0 1500140.0
0.17918156597318574 0.18429017533023345 0.14677814370012315
adjusted to: 0.16297985483665445
found non-monotic obs
1500143.0 1500140.0 1500130.0
0.16297985483665445 0.14677814370012315 0.10724984968538694
adjusted to: 0.13511485226102068
found non-monotic obs
1500140.0 1500130.0 1500120.0
0.13511485226102068 0.10724984968538694 0.2031633520315939
adjusted to: 0.16913910214630729
found non-monotic obs
1500130.0 1500120.0 1500110.0
0.16913910214630729 0.2031633520315939 0.20045229006108325
adjusted to: 0.18479569610369528
found non-monotic obs
1500110.0 1500100.0 1500090.0
0.20045229006108325 0.20084581378064895 0.14494376966255787
adjusted to: 0.17269802986182056
found non-monotic obs
1500100.0 1500090.0 1500080.0
0.17269802986182056 0.14494376966255787 0.25776632606544936
adjusted to: 0.21523217796363497
found non-monotic obs
1500090.0 1500080.0 1500070.0
0.21523217796363497 0.25776632606544936 0.25763659797770583
adjusted to: 0.2364343879706704
continue on DMAXIS smooth 85 5 80
continue on DMAXIS smooth 90 5 80
continue on DMAXIS smooth 100 5 80
continue on DMAXIS smooth 125 5 80
continue on DMAXIS smooth 149 5 80
continue on DMAXIS smooth 3 5 80
found non-monotic obs
1750172.0 1750170.0 1750168.0
0.3108690017259739 0.22348400303697527 0.2837004431819219
adjusted to: 0.2972847224539479
found non-monotic obs
1750170.0 1750168.0 1750165.0
0.2972847224539479 0.2837004431819219 0.18944264038796269
adjusted to: 0.24336368142095527
found non-monotic obs
1750168.0 1750165.0 1750155.0
0.24336368142095527 0.18944264038796269 0.21640164931236422
adjusted to: 0.22988266536665974
found non-monotic obs
1750165.0 1750155.0 1750145.0
0.22988266536665974 0.21640164931236422 0.3263512522546545
adjusted to: 0.2781169588106571
found non-monotic obs
1750155.0 1750145.0 1750135.0
0.2781169588106571 0.3263512522546545 0.26949215879636684
adjusted to: 0.27380455880351195
found non-monotic obs
1750145.0 1750135.0 1750125.0
0.27380455880351195 0.26949215879636684 0.26429918613846914
adjusted to: 0.26905187247099055
found non-monotic obs
1750135.0 1750125.0 1750115.0
0.26905187247099055 0.26429918613846914 0.2997823914310706
adjusted to: 0.2844171319510306
found non-monotic obs
1750125.0 1750115.0 1750105.0
0.2844171319510306 0.2997823914310706 0.2691547703126129
adjusted to: 0.27678595113182175
found non-monotic obs
1750115.0 1750105.0 1750095.0
0.27678595113182175 0.2691547703126129 0.4257427035712703
adjusted to: 0.351264327351546
found non-monotic obs
1750105.0 1750095.0 1750090.0
0.351264327351546 0.4257427035712703 0.3303764548445586
adjusted to: 0.3408203910980523
continue on DMAXIS smooth 85 5 80
continue on DMAXIS smooth 90 5 80
continue on DMAXIS smooth 100 5 80
continue on DMAXIS smooth 125 5 80
continue on DMAXIS smooth 150 5 80
continue on DMAXIS smooth 174 5 80
continue on DMAXIS smooth 3 5 80
found non-monotic obs
2000197.0 2000195.0 2000193.0
0.5079157612675703 0.4127150981059817 0.35809648311037384
adjusted to: 0.43300612218897205
found non-monotic obs
2000195.0 2000193.0 2000190.0
0.43300612218897205 0.35809648311037384 0.2901675123406957
adjusted to: 0.3615868172648339
found non-monotic obs
2000193.0 2000190.0 2000180.0
0.3615868172648339 0.2901675123406957 0.29797440864794905
adjusted to: 0.3297806129563915
found non-monotic obs
2000190.0 2000180.0 2000170.0
0.3297806129563915 0.29797440864794905 0.4213113014390011
adjusted to: 0.3755459571976963
found non-monotic obs
2000180.0 2000170.0 2000160.0
0.3755459571976963 0.4213113014390011 0.37914914296073715
adjusted to: 0.3773475500792167
found non-monotic obs
2000170.0 2000160.0 2000150.0
0.3773475500792167 0.37914914296073715 0.3750261165583651
adjusted to: 0.3761868333187909
found non-monotic obs
2000160.0 2000150.0 2000140.0
0.3761868333187909 0.3750261165583651 0.46116378940629554
adjusted to: 0.4186753113625432
continue on DMAXIS smooth 85 5 80
continue on DMAXIS smooth 90 5 80
continue on DMAXIS smooth 125 5 80
continue on DMAXIS smooth 150 5 80
continue on DMAXIS smooth 175 5 80
continue on DMAXIS smooth 199 5 80
continue on DMAXIS smooth 3 5 80
found non-monotic obs
2250222.0 2250220.0 2250218.0
0.6870018555993092 0.487061745920011 0.463557690562639
adjusted to: 0.5752797730809741
found non-monotic obs
2250220.0 2250218.0 2250215.0
0.5752797730809741 0.463557690562639 0.39125329808408665
adjusted to: 0.4832665355825304
found non-monotic obs
2250218.0 2250215.0 2250205.0
0.4832665355825304 0.39125329808408665 0.3966406869848211
adjusted to: 0.4399536112836757
found non-monotic obs
2250215.0 2250205.0 2250195.0
0.4399536112836757 0.3966406869848211 0.5162713506233476
adjusted to: 0.47811248095351166
found non-monotic obs
2250205.0 2250195.0 2250185.0
0.47811248095351166 0.5162713506233476 0.49649008041117365
adjusted to: 0.4873012806823427
found non-monotic obs
2250195.0 2250185.0 2250175.0
0.4873012806823427 0.49649008041117365 0.48575304697826105
adjusted to: 0.48652716383030187
found non-monotic obs
2250185.0 2250175.0 2250165.0
0.48652716383030187 0.48575304697826105 0.5125985627364981
adjusted to: 0.49956286328339994
continue on DMAXIS smooth 85 5 80
continue on DMAXIS smooth 90 5 80
continue on DMAXIS smooth 100 5 80
continue on DMAXIS smooth 125 5 80
continue on DMAXIS smooth 150 5 80
continue on DMAXIS smooth 175 5 80
continue on DMAXIS smooth 200 5 80
continue on DMAXIS smooth 224 5 80
continue on DMAXIS smooth 3 5 80
found non-monotic obs
2500247.0 2500245.0 2500243.0
0.8260827653225435 0.8417746704058073 0.6327588579222857
adjusted to: 0.7294208116224146
found non-monotic obs
2500245.0 2500243.0 2500240.0
0.7294208116224146 0.6327588579222857 0.5714242399819203
adjusted to: 0.6504225258021674
found non-monotic obs
2500243.0 2500240.0 2500230.0
0.6504225258021674 0.5714242399819203 0.4714946538100338
adjusted to: 0.5609585898061006
found non-monotic obs
2500240.0 2500230.0 2500220.0
0.5609585898061006 0.4714946538100338 0.7302011464227129
adjusted to: 0.6455798681144067
found non-monotic obs
2500230.0 2500220.0 2500210.0
0.6455798681144067 0.7302011464227129 0.5637739184831724
adjusted to: 0.6046768932987896
found non-monotic obs
2500220.0 2500210.0 2500200.0
0.6046768932987896 0.5637739184831724 0.7970256593644096
adjusted to: 0.7008512763315996
found non-monotic obs
2500210.0 2500200.0 2500190.0
0.7008512763315996 0.7970256593644096 0.5373653687029816
adjusted to: 0.6191083225172906
found non-monotic obs
2500200.0 2500190.0 2500180.0
0.6191083225172906 0.5373653687029816 0.7101440697775909
adjusted to: 0.6646261961474408
continue on DMAXIS smooth 85 5 80
continue on DMAXIS smooth 90 5 80
continue on DMAXIS smooth 125 5 80
continue on DMAXIS smooth 150 5 80
continue on DMAXIS smooth 175 5 80
continue on DMAXIS smooth 200 5 80
continue on DMAXIS smooth 225 5 80
continue on DMAXIS smooth 249 5 80
continue on DMAXIS smooth 3 5 80
found non-monotic obs
2750272.0 2750270.0 2750268.0
0.9651636750457779 0.8956894060393896 0.733382876598766
adjusted to: 0.849273275822272
found non-monotic obs
2750270.0 2750268.0 2750265.0
0.849273275822272 0.733382876598766 0.6501734273820535
adjusted to: 0.7497233516021627
found non-monotic obs
2750268.0 2750265.0 2750255.0
0.7497233516021627 0.6501734273820535 0.6275979037396804
adjusted to: 0.6886606276709215
found non-monotic obs
2750265.0 2750255.0 2750245.0
0.6886606276709215 0.6275979037396804 0.7338446617099084
adjusted to: 0.7112526446904149
found non-monotic obs
2750235.0 2750225.0 2750215.0
0.8070594164881417 0.8223139384308173 0.562132174669465
adjusted to: 0.6845957955788033
found non-monotic obs
2750225.0 2750215.0 2750205.0
0.6845957955788033 0.562132174669465 1.009145150817882
adjusted to: 0.8468704731983426
continue on DMAXIS smooth 85 5 80
continue on DMAXIS smooth 90 5 80
continue on DMAXIS smooth 100 5 80
continue on DMAXIS smooth 125 5 80
continue on DMAXIS smooth 150 5 80
continue on DMAXIS smooth 175 5 80
continue on DMAXIS smooth 200 5 80
continue on DMAXIS smooth 225 5 80
continue on DMAXIS smooth 250 5 80
continue on DMAXIS smooth 274 5 80
continue on DMAXIS smooth 3 5 80
found non-monotic obs
3000297.0 3000295.0 3000293.0
1.3213844122634177 1.0384848910513067 0.9689722853076066
adjusted to: 1.145178348785512
found non-monotic obs
3000295.0 3000293.0 3000290.0
1.145178348785512 0.9689722853076066 0.8322128267689965
adjusted to: 0.9886955877772543
found non-monotic obs
3000293.0 3000290.0 3000280.0
0.9886955877772543 0.8322128267689965 0.990364379068755
adjusted to: 0.9895299834230047
found non-monotic obs
3000290.0 3000280.0 3000270.0
0.9895299834230047 0.990364379068755 0.7374881769971037
adjusted to: 0.8635090802100542
found non-monotic obs
3000280.0 3000270.0 3000260.0
0.8635090802100542 0.7374881769971037 0.9320723548101695
adjusted to: 0.8977907175101119
found non-monotic obs
3000260.0 3000250.0 3000240.0
0.9320723548101695 1.0108250574852824 0.6541335925023681
adjusted to: 0.7931029736562688
found non-monotic obs
3000250.0 3000240.0 3000230.0
0.7931029736562688 0.6541335925023681 1.1076445238487795
adjusted to: 0.9503737487525241
continue on DMAXIS smooth 85 5 80
continue on DMAXIS smooth 90 5 80
continue on DMAXIS smooth 100 5 80
continue on DMAXIS smooth 125 5 80
continue on DMAXIS smooth 150 5 80
continue on DMAXIS smooth 175 5 80
continue on DMAXIS smooth 200 5 80
continue on DMAXIS smooth 225 5 80
continue on DMAXIS smooth 250 5 80
continue on DMAXIS smooth 275 5 80
continue on DMAXIS smooth 299 5 80
continue on DMAXIS smooth 3 5 80
found non-monotic obs
3250322.0 3250320.0 3250318.0
2.0801484808686803 1.5524317131708565 1.4080671634679978
adjusted to: 1.744107822168339
found non-monotic obs
3250320.0 3250318.0 3250315.0
1.744107822168339 1.4080671634679978 1.0142522261559397
adjusted to: 1.3791800241621393
found non-monotic obs
3250318.0 3250315.0 3250305.0
1.3791800241621393 1.0142522261559397 1.268500062114158
adjusted to: 1.3238400431381487
found non-monotic obs
3250315.0 3250305.0 3250295.0
1.3238400431381487 1.268500062114158 1.257624911961759
adjusted to: 1.290732477549954
found non-monotic obs
3250305.0 3250295.0 3250285.0
1.290732477549954 1.257624911961759 1.0570852931321972
adjusted to: 1.1739088853410755
found non-monotic obs
3250295.0 3250285.0 3250275.0
1.1739088853410755 1.0570852931321972 1.1993361765397477
adjusted to: 1.1866225309404115
found non-monotic obs
3250285.0 3250275.0 3250265.0
1.1866225309404115 1.1993361765397477 0.7461350103352714
adjusted to: 0.9663787706378415
found non-monotic obs
3250275.0 3250265.0 3250255.0
0.9663787706378415 0.7461350103352714 1.1455406752204467
adjusted to: 1.0559597229291442
continue on DMAXIS smooth 85 5 80
continue on DMAXIS smooth 90 5 80
continue on DMAXIS smooth 100 5 80
continue on DMAXIS smooth 125 5 80
continue on DMAXIS smooth 150 5 80
continue on DMAXIS smooth 175 5 80
continue on DMAXIS smooth 200 5 80
continue on DMAXIS smooth 225 5 80
continue on DMAXIS smooth 250 5 80
continue on DMAXIS smooth 275 5 80
continue on DMAXIS smooth 300 5 80
continue on DMAXIS smooth 3 5 80
found non-monotic obs
3500347.0 3500345.0 3500343.0
2.2318946822212076 2.0583110588026683 1.6342063798312227
adjusted to: 1.9330505310262152
found non-monotic obs
3500345.0 3500343.0 3500340.0
1.9330505310262152 1.6342063798312227 1.6402892478716948
adjusted to: 1.786669889448955
found non-monotic obs
3500343.0 3500340.0 3500330.0
1.786669889448955 1.6402892478716948 1.3099480019495489
adjusted to: 1.5483089456992518
found non-monotic obs
3500340.0 3500330.0 3500320.0
1.5483089456992518 1.3099480019495489 1.3093624046011865
adjusted to: 1.4288356751502191
found non-monotic obs
3500330.0 3500320.0 3500310.0
1.4288356751502191 1.3093624046011865 1.090309234218086
adjusted to: 1.2595724546841525
found non-monotic obs
3500320.0 3500310.0 3500300.0
1.2595724546841525 1.090309234218086 1.5988811711235722
adjusted to: 1.4292268129038623
found non-monotic obs
3500310.0 3500300.0 3500290.0
1.4292268129038623 1.5988811711235722 1.4447237885366782
adjusted to: 1.4369753007202704
found non-monotic obs
3500300.0 3500290.0 3500280.0
1.4369753007202704 1.4447237885366782 1.183436826592114
adjusted to: 1.3102060636561923
found non-monotic obs
3500290.0 3500280.0 3500270.0
1.3102060636561923 1.183436826592114 2.4308303025474873
adjusted to: 1.8705181831018398
continue on DMAXIS smooth 85 5 80
continue on DMAXIS smooth 90 5 80
continue on DMAXIS smooth 100 5 80
continue on DMAXIS smooth 125 5 80
continue on DMAXIS smooth 150 5 80
continue on DMAXIS smooth 175 5 80
continue on DMAXIS smooth 200 5 80
continue on DMAXIS smooth 225 5 80
continue on DMAXIS smooth 250 5 80
continue on DMAXIS smooth 275 5 80
continue on DMAXIS smooth 300 5 80
continue on DMAXIS smooth 3 5 80
found non-monotic obs
3750372.0 3750370.0 3750368.0
3.129982852312015 2.1589216417473156 2.2701934373624244
adjusted to: 2.7000881448372196
found non-monotic obs
3750370.0 3750368.0 3750365.0
2.7000881448372196 2.2701934373624244 1.8469131043688596
adjusted to: 2.27350062460304
found non-monotic obs
3750368.0 3750365.0 3750355.0
2.27350062460304 1.8469131043688596 1.8609026945406557
adjusted to: 2.0672016595718476
found non-monotic obs
3750365.0 3750355.0 3750345.0
2.0672016595718476 1.8609026945406557 1.3610998972406139
adjusted to: 1.7141507784062306
found non-monotic obs
3750355.0 3750345.0 3750335.0
1.7141507784062306 1.3610998972406139 1.671861412800443
adjusted to: 1.6930060956033368
found non-monotic obs
3750345.0 3750335.0 3750325.0
1.6930060956033368 1.671861412800443 1.7625368612174483
adjusted to: 1.7277714784103926
found non-monotic obs
3750335.0 3750325.0 3750315.0
1.7277714784103926 1.7625368612174483 1.68769764998234
adjusted to: 1.7077345641963664
found non-monotic obs
3750325.0 3750315.0 3750305.0
1.7077345641963664 1.68769764998234 2.161144640661753
adjusted to: 1.9344396024290598
found non-monotic obs
3750305.0 3750295.0 3750290.0
2.161144640661753 3.927742553642691 3.5231716536782693
adjusted to: 2.8421581471700113
continue on DMAXIS smooth 85 5 80
continue on DMAXIS smooth 90 5 80
continue on DMAXIS smooth 100 5 80
continue on DMAXIS smooth 125 5 80
continue on DMAXIS smooth 150 5 80
continue on DMAXIS smooth 175 5 80
continue on DMAXIS smooth 200 5 80
continue on DMAXIS smooth 225 5 80
continue on DMAXIS smooth 250 5 80
continue on DMAXIS smooth 275 5 80
continue on DMAXIS smooth 300 5 80
continue on DMAXIS smooth 3 5 80
found non-monotic obs
4000397.0 4000395.0 4000393.0
3.9182754980082954 2.876075564810195 2.394831037682245
adjusted to: 3.15655326784527
found non-monotic obs
4000395.0 4000393.0 4000390.0
3.15655326784527 2.394831037682245 2.2057550191684534
adjusted to: 2.6811541435068618
found non-monotic obs
4000393.0 4000390.0 4000380.0
2.6811541435068618 2.2057550191684534 2.0841377730616166
adjusted to: 2.382645958284239
found non-monotic obs
4000390.0 4000380.0 4000370.0
2.382645958284239 2.0841377730616166 1.5611326885355865
adjusted to: 1.9718893234099129
found non-monotic obs
4000380.0 4000370.0 4000360.0
1.9718893234099129 1.5611326885355865 1.8651299556806669
adjusted to: 1.9185096395452899
found non-monotic obs
4000370.0 4000360.0 4000350.0
1.9185096395452899 1.8651299556806669 1.9261925513113245
adjusted to: 1.9223510954283072
found non-monotic obs
4000330.0 4000320.0 4000315.0
2.584757336735929 4.16994137510868 3.935427635547516
adjusted to: 3.2600924861417226
continue on DMAXIS smooth 85 5 80
continue on DMAXIS smooth 90 5 80
continue on DMAXIS smooth 100 5 80
continue on DMAXIS smooth 125 5 80
continue on DMAXIS smooth 150 5 80
continue on DMAXIS smooth 175 5 80
continue on DMAXIS smooth 200 5 80
continue on DMAXIS smooth 225 5 80
continue on DMAXIS smooth 250 5 80
continue on DMAXIS smooth 275 5 80
continue on DMAXIS smooth 300 5 80
continue on DMAXIS smooth 3 5 80
found non-monotic obs
4250422.0 4250420.0 4250418.0
4.5641211310506655 3.844764313333602 3.112033264490133
adjusted to: 3.8380771977703994
found non-monotic obs
4250420.0 4250418.0 4250415.0
3.8380771977703994 3.112033264490133 3.407250411983056
adjusted to: 3.6226638048767277
found non-monotic obs
4250418.0 4250415.0 4250405.0
3.6226638048767277 3.407250411983056 2.3955454017486906
adjusted to: 3.009104603312709
found non-monotic obs
4250415.0 4250405.0 4250395.0
3.009104603312709 2.3955454017486906 1.761165479830559
adjusted to: 2.385135041571634
found non-monotic obs
4250405.0 4250395.0 4250385.0
2.385135041571634 1.761165479830559 2.0813581643907595
adjusted to: 2.233246602981197
found non-monotic obs
4250395.0 4250385.0 4250375.0
2.233246602981197 2.0813581643907595 2.9914761825187264
adjusted to: 2.6123613927499614
found non-monotic obs
4250385.0 4250375.0 4250365.0
2.6123613927499614 2.9914761825187264 2.106089285495326
adjusted to: 2.3592253391226436
found non-monotic obs
4250375.0 4250365.0 4250355.0
2.3592253391226436 2.106089285495326 3.008370032810105
adjusted to: 2.6837976859663746
found non-monotic obs
4250355.0 4250345.0 4250340.0
3.008370032810105 4.4121401965746685 4.347683617416763
adjusted to: 3.678026825113434
continue on DMAXIS smooth 85 5 80
continue on DMAXIS smooth 90 5 80
continue on DMAXIS smooth 100 5 80
continue on DMAXIS smooth 125 5 80
continue on DMAXIS smooth 150 5 80
continue on DMAXIS smooth 175 5 80
continue on DMAXIS smooth 200 5 80
continue on DMAXIS smooth 225 5 80
continue on DMAXIS smooth 250 5 80
continue on DMAXIS smooth 275 5 80
continue on DMAXIS smooth 300 5 80
continue on DMAXIS smooth 3 5 80
found non-monotic obs
4500447.0 4500445.0 4500443.0
5.240784110956613 4.283253251847049 3.2047944608687744
adjusted to: 4.222789285912694
found non-monotic obs
4500445.0 4500443.0 4500440.0
4.222789285912694 3.2047944608687744 3.4916330219522735
adjusted to: 3.857211153932484
found non-monotic obs
4500443.0 4500440.0 4500430.0
3.857211153932484 3.4916330219522735 3.0556239875260403
adjusted to: 3.456417570729262
found non-monotic obs
4500440.0 4500430.0 4500420.0
3.456417570729262 3.0556239875260403 2.7469949961029387
adjusted to: 3.1017062834161004
found non-monotic obs
4500430.0 4500420.0 4500410.0
3.1017062834161004 2.7469949961029387 3.056734672393243
adjusted to: 3.0792204779046717
found non-monotic obs
4500420.0 4500410.0 4500400.0
3.0792204779046717 3.056734672393243 3.030193171988923
adjusted to: 3.0547068249467975
found non-monotic obs
4500410.0 4500400.0 4500390.0
3.0547068249467975 3.030193171988923 2.834857407074819
adjusted to: 2.944782116010808
found non-monotic obs
4500400.0 4500390.0 4500380.0
2.944782116010808 2.834857407074819 3.387686264804923
adjusted to: 3.1662341904078657
continue on DMAXIS smooth 85 5 80
continue on DMAXIS smooth 90 5 80
continue on DMAXIS smooth 100 5 80
continue on DMAXIS smooth 125 5 80
continue on DMAXIS smooth 150 5 80
continue on DMAXIS smooth 175 5 80
continue on DMAXIS smooth 200 5 80
continue on DMAXIS smooth 225 5 80
continue on DMAXIS smooth 250 5 80
continue on DMAXIS smooth 275 5 80
continue on DMAXIS smooth 3 5 80
found non-monotic obs
4750472.0 4750470.0 4750468.0
5.7595854333744265 5.551317882562486 4.955265239745901
adjusted to: 5.357425336560164
found non-monotic obs
4750470.0 4750468.0 4750465.0
5.357425336560164 4.955265239745901 4.158416776427728
adjusted to: 4.757921056493946
found non-monotic obs
4750468.0 4750465.0 4750455.0
4.757921056493946 4.158416776427728 3.063165335637366
adjusted to: 3.910543196065656
found non-monotic obs
4750465.0 4750455.0 4750445.0
3.910543196065656 3.063165335637366 3.2700289165705856
adjusted to: 3.5902860563181207
found non-monotic obs
4750455.0 4750445.0 4750435.0
3.5902860563181207 3.2700289165705856 3.4787786828964364
adjusted to: 3.5345323696072786
found non-monotic obs
4750445.0 4750435.0 4750425.0
3.5345323696072786 3.4787786828964364 3.99956688550786
adjusted to: 3.7670496275575696
found non-monotic obs
4750435.0 4750425.0 4750415.0
3.7670496275575696 3.99956688550786 2.938797782667111
adjusted to: 3.35292370511234
found non-monotic obs
4750425.0 4750415.0 4750405.0
3.35292370511234 2.938797782667111 3.7670024967997406
adjusted to: 3.5599631009560406
continue on DMAXIS smooth 85 5 80
continue on DMAXIS smooth 90 5 80
continue on DMAXIS smooth 100 5 80
continue on DMAXIS smooth 125 5 80
continue on DMAXIS smooth 150 5 80
continue on DMAXIS smooth 175 5 80
continue on DMAXIS smooth 200 5 80
continue on DMAXIS smooth 225 5 80
continue on DMAXIS smooth 250 5 80
continue on DMAXIS smooth 275 5 80
continue on DMAXIS smooth 300 5 80
continue on DMAXIS smooth 3 5 80
found non-monotic obs
5000497.0 5000495.0 5000493.0
8.182734412268939 6.517674686067489 5.481146519011915
adjusted to: 6.831940465640427
found non-monotic obs
5000495.0 5000493.0 5000490.0
6.831940465640427 5.481146519011915 4.484444246087168
adjusted to: 5.658192355863798
found non-monotic obs
5000493.0 5000490.0 5000480.0
5.658192355863798 4.484444246087168 4.006772693191241
adjusted to: 4.832482524527519
found non-monotic obs
5000490.0 5000480.0 5000470.0
4.832482524527519 4.006772693191241 3.793062837038233
adjusted to: 4.312772680782876
found non-monotic obs
5000480.0 5000470.0 5000460.0
4.312772680782876 3.793062837038233 4.3722097200596775
adjusted to: 4.342491200421277
found non-monotic obs
5000470.0 5000460.0 5000450.0
4.342491200421277 4.3722097200596775 4.069328408974941
adjusted to: 4.205909804698109
found non-monotic obs
5000460.0 5000450.0 5000440.0
4.205909804698109 4.069328408974941 3.042738158259403
adjusted to: 3.624323981478756
found non-monotic obs
5000450.0 5000440.0 5000430.0
3.624323981478756 3.042738158259403 4.896034048808171
adjusted to: 4.260179015143463
continue on DMAXIS smooth 85 5 80
continue on DMAXIS smooth 90 5 80
continue on DMAXIS smooth 100 5 80
continue on DMAXIS smooth 125 5 80
continue on DMAXIS smooth 150 5 80
continue on DMAXIS smooth 175 5 80
continue on DMAXIS smooth 200 5 80
continue on DMAXIS smooth 225 5 80
continue on DMAXIS smooth 250 5 80
continue on DMAXIS smooth 275 5 80
continue on DMAXIS smooth 300 5 80
continue on DMAXIS smooth 4 5 80
found non-monotic obs
5260522.0 5260520.0 5260518.0
8.175388411158576 8.483806361784191 7.426944669703141
adjusted to: 7.801166540430858
found non-monotic obs
5260520.0 5260518.0 5260516.0
7.801166540430858 7.426944669703141 5.688710314992253
adjusted to: 6.744938427711555
found non-monotic obs
5260518.0 5260516.0 5260505.0
6.744938427711555 5.688710314992253 5.745581373241748
adjusted to: 6.245259900476652
found non-monotic obs
5260516.0 5260505.0 5260495.0
6.245259900476652 5.745581373241748 4.927448101086304
adjusted to: 5.586354000781478
found non-monotic obs
5260505.0 5260495.0 5260485.0
5.586354000781478 4.927448101086304 5.365020751167637
adjusted to: 5.475687375974557
found non-monotic obs
5260495.0 5260485.0 5260475.0
5.475687375974557 5.365020751167637 4.372948707201164
adjusted to: 4.924318041587861
found non-monotic obs
5260485.0 5260475.0 5260465.0
4.924318041587861 4.372948707201164 4.792035758781234
adjusted to: 4.858176900184548
found non-monotic obs
5260475.0 5260465.0 5260455.0
4.858176900184548 4.792035758781234 5.135284328321566
adjusted to: 4.996730614253057
continue on DMAXIS smooth 81 5 80
continue on DMAXIS smooth 86 5 80
continue on DMAXIS smooth 91 5 80
continue on DMAXIS smooth 101 5 80
continue on DMAXIS smooth 126 5 80
continue on DMAXIS smooth 151 5 80
continue on DMAXIS smooth 176 5 80
continue on DMAXIS smooth 201 5 80
continue on DMAXIS smooth 226 5 80
continue on DMAXIS smooth 251 5 80
continue on DMAXIS smooth 276 5 80
continue on DMAXIS smooth 2 5 80
continue on DMAXIS smooth 4 5 80
found non-monotic obs
5500546.0 5500544.0 5500540.0
10.39719903873107 8.657770773894892 7.3227189749388675
adjusted to: 8.85995900683497
found non-monotic obs
5500544.0 5500540.0 5500530.0
8.85995900683497 7.3227189749388675 5.998561711848077
adjusted to: 7.429260359341523
found non-monotic obs
5500540.0 5500530.0 5500520.0
7.429260359341523 5.998561711848077 5.869007440036806
adjusted to: 6.649133899689165
found non-monotic obs
5500530.0 5500520.0 5500510.0
6.649133899689165 5.869007440036806 5.629429288344522
adjusted to: 6.139281594016843
found non-monotic obs
5500520.0 5500510.0 5500500.0
6.139281594016843 5.629429288344522 5.271524764403435
adjusted to: 5.705403179210139
found non-monotic obs
5500510.0 5500500.0 5500490.0
5.705403179210139 5.271524764403435 5.076301196941898
adjusted to: 5.3908521880760185
found non-monotic obs
5500500.0 5500490.0 5500480.0
5.3908521880760185 5.076301196941898 5.37453460783496
adjusted to: 5.382693397955489
found non-monotic obs
5500490.0 5500480.0 5500470.0
5.382693397955489 5.37453460783496 7.509996342957654
adjusted to: 6.446344870456572
continue on DMAXIS smooth 85 5 80
continue on DMAXIS smooth 90 5 80
continue on DMAXIS smooth 100 5 80
continue on DMAXIS smooth 125 5 80
continue on DMAXIS smooth 150 5 80
continue on DMAXIS smooth 175 5 80
continue on DMAXIS smooth 200 5 80
continue on DMAXIS smooth 225 5 80
continue on DMAXIS smooth 250 5 80
continue on DMAXIS smooth 275 5 80
continue on DMAXIS smooth 300 5 80
continue on DMAXIS smooth 4 5 80
found non-monotic obs
5760572.0 5760570.0 5760568.0
12.619009666303565 10.547922922154386 9.95429357060281
adjusted to: 11.286651618453188
found non-monotic obs
5760570.0 5760568.0 5760566.0
11.286651618453188 9.95429357060281 9.509760789296344
adjusted to: 10.398206203874766
found non-monotic obs
5760568.0 5760566.0 5760556.0
10.398206203874766 9.509760789296344 7.135780273765847
adjusted to: 8.766993238820307
found non-monotic obs
5760566.0 5760556.0 5760546.0
8.766993238820307 7.135780273765847 7.545625098302203
adjusted to: 8.156309168561254
found non-monotic obs
5760556.0 5760546.0 5760536.0
8.156309168561254 7.545625098302203 6.3963341085475145
adjusted to: 7.276321638554384
found non-monotic obs
5760546.0 5760536.0 5760526.0
7.276321638554384 6.3963341085475145 6.448564268617068
adjusted to: 6.862442953585726
found non-monotic obs
5760536.0 5760526.0 5760516.0
6.862442953585726 6.448564268617068 5.272316324693175
adjusted to: 6.06737963913945
found non-monotic obs
5760526.0 5760516.0 5760505.0
6.06737963913945 5.272316324693175 6.612622811637026
adjusted to: 6.340001225388238
continue on DMAXIS smooth 81 5 80
continue on DMAXIS smooth 86 5 80
continue on DMAXIS smooth 91 5 80
continue on DMAXIS smooth 101 5 80
continue on DMAXIS smooth 126 5 80
continue on DMAXIS smooth 151 5 80
continue on DMAXIS smooth 176 5 80
continue on DMAXIS smooth 201 5 80
continue on DMAXIS smooth 226 5 80
continue on DMAXIS smooth 251 5 80
continue on DMAXIS smooth 276 5 80
continue on DMAXIS smooth 2 5 80
continue on DMAXIS smooth 4 5 80
found non-monotic obs
6000596.0 6000594.0 6000590.0
13.819983061837574 11.562218171239568 10.547537836582228
adjusted to: 12.1837604492099
found non-monotic obs
6000594.0 6000590.0 6000580.0
12.1837604492099 10.547537836582228 9.615946625659761
adjusted to: 10.899853537434831
found non-monotic obs
6000590.0 6000580.0 6000570.0
10.899853537434831 9.615946625659761 9.044827398351021
adjusted to: 9.972340467892927
found non-monotic obs
6000580.0 6000570.0 6000560.0
9.972340467892927 9.044827398351021 8.84012314915168
adjusted to: 9.406231808522303
found non-monotic obs
6000570.0 6000560.0 6000550.0
9.406231808522303 8.84012314915168 6.466522335427861
adjusted to: 7.936377071975082
found non-monotic obs
6000560.0 6000550.0 6000540.0
7.936377071975082 6.466522335427861 6.685779735232399
adjusted to: 7.311078403603741
found non-monotic obs
6000550.0 6000540.0 6000530.0
7.311078403603741 6.685779735232399 7.850711015439092
adjusted to: 7.5808947095214165
found non-monotic obs
6000540.0 6000530.0 6000520.0
7.5808947095214165 7.850711015439092 7.515384697371076
adjusted to: 7.548139703446246
found non-monotic obs
6000530.0 6000520.0 6000516.0
7.548139703446246 7.515384697371076 9.819041415904252
adjusted to: 8.683590559675249
continue on DMAXIS smooth 84 5 80
continue on DMAXIS smooth 90 5 80
continue on DMAXIS smooth 100 5 80
continue on DMAXIS smooth 125 5 80
continue on DMAXIS smooth 150 5 80
continue on DMAXIS smooth 175 5 80
continue on DMAXIS smooth 200 5 80
continue on DMAXIS smooth 225 5 80
continue on DMAXIS smooth 250 5 80
continue on DMAXIS smooth 275 5 80
continue on DMAXIS smooth 300 5 80
